24 
0
1
2
13 4 6 11 0 -1
16 4 3 11 0 2
haar_x2
-0.076216  448.470520  64
-3.074965e-001  -4.323059e-001  -1.221512e+000  -1.257874e-001  -3.180020e-001  -4.576463e-001  -1.566364e-001  -1.214721e+000  -4.096396e-001  -8.421953e-001  -4.058910e-001  -7.008772e-001  -5.182219e-001  -3.771752e-001  -6.079425e-001  -8.730570e-001  -4.416787e-001  -7.062510e-001  -4.865434e-001  -4.219586e-001  -3.709873e-001  -4.144435e-001  -4.972178e-001  -4.606650e-001  -6.614760e-001  -5.557625e-001  -4.770566e-001  -7.774553e-001  -3.750325e-001  -6.403049e-001  -7.679030e-001  -7.950865e-001  -6.390607e-001  -3.702115e-001  -5.262643e-001  -6.711068e-001  -2.906969e-001  -3.944562e-001  -4.666284e-001  -5.725242e-001  -3.536871e-001  -2.273218e-001  -2.298819e-001  -4.170676e-001  -4.072790e-001  -3.611628e-001  -5.782155e-002  4.314671e-002  9.785175e-002  -2.756077e-001  -1.485774e-001  -3.765250e-001  -5.034159e-001  -8.668637e-001  -2.410599e-001  -5.156662e-001  -1.199394e+000  -9.957217e-002  -5.673671e-001  -1.149862e+000  -5.486656e-001  2.238055e-001  -4.365534e-001  -1.834048e+000  
0
1
2
0 0 16 6 0 -1
0 2 16 2 0 3
haar_y3
-0.118186  254.546417  64
-5.657116e-001  -3.806289e-001  -1.520842e-001  2.990096e-001  -1.326170e+000  2.697042e-001  5.016371e-001  -2.647204e-002  1.093130e-001  9.332374e-002  5.559472e-001  3.403631e-002  8.130032e-002  -6.962404e-002  2.469600e-001  1.948894e-001  -1.097432e-001  1.534952e-001  -1.233191e-001  -2.403633e-003  -8.013871e-002  -1.044759e-001  -1.969261e-001  -1.070884e-001  1.247800e-001  -5.080139e-002  -3.826135e-002  9.861939e-002  -5.931337e-002  -1.516824e-002  6.841430e-002  1.238618e-001  9.637166e-002  1.544519e-001  1.663337e-001  1.267979e-002  3.989861e-002  2.850111e-001  -5.886379e-003  2.725902e-001  -4.969509e-002  -1.945043e-001  -1.624109e-001  -1.946477e-001  -6.117597e-001  -4.153729e-001  -4.170258e-001  1.893549e-001  4.942904e-002  -6.463458e-001  -5.585696e-001  -1.591495e-001  -1.504335e-001  -1.604621e-001  -6.041391e-001  -3.960851e-001  4.936416e-001  -6.148561e-001  -5.875640e-001  -1.248625e-002  -7.324466e-001  -7.638713e-002  -4.379776e-001  -1.001214e+000  
0
1
2
10 0 4 14 0 -1
12 0 2 14 0 2
haar_x2
-0.050481  494.847534  64
6.832545e-002  5.859147e-001  2.232965e-001  -2.282588e-001  4.416068e-001  8.965047e-002  7.853311e-001  -4.880152e-002  -2.780952e-002  7.674635e-002  2.593744e-001  -4.632844e-001  2.559994e-001  1.358182e-001  -8.141206e-002  -3.402023e-001  -2.071792e-001  6.133521e-002  8.326817e-002  2.210167e-002  -4.109368e-002  -2.507424e-001  -2.112198e-001  -1.579441e-001  3.208418e-002  -4.126839e-001  9.599872e-002  -1.949698e-001  -5.409851e-003  1.656832e-002  -1.908499e-001  -1.785737e-002  -2.487458e-001  -7.801855e-002  1.283792e-001  1.882372e-001  -1.242564e-001  4.675936e-002  -1.003660e-001  5.581452e-002  1.134518e-001  1.638703e-001  2.179973e-001  2.698136e-001  1.667491e-001  1.784735e-001  -1.135963e-001  2.971859e-001  5.470500e-002  3.455406e-001  -3.912127e-003  2.396843e-001  2.623555e-002  1.656513e-001  3.423823e-002  2.979197e-001  -3.211021e-001  -2.737560e-002  -4.747353e-002  1.504597e-002  3.781142e-001  -6.834540e-001  3.865949e-001  -1.549497e+000  
0
1
2
18 0 6 15 0 -1
20 0 2 15 0 3
haar_x3
-0.091678  244.080612  64
2.384451e-001  4.624399e-001  -1.359985e-001  5.489769e-001  9.000365e-001  3.203762e-001  2.219770e-001  3.592778e-001  4.173488e-002  2.947748e-001  -1.463635e-001  -4.035184e-001  -6.573856e-002  1.828333e-001  -4.378135e-001  -4.680181e-001  -2.862517e-001  -3.433030e-001  -3.110021e-001  -3.622027e-001  -1.683560e-001  -1.482217e-002  -2.224367e-001  -1.533498e-002  -9.179688e-002  -9.222553e-003  8.530506e-002  -1.157723e-001  -1.186830e-002  1.405592e-001  1.412127e-001  5.531936e-002  2.188926e-001  7.881965e-002  1.971390e-001  2.365792e-002  1.980099e-001  2.552798e-001  2.782006e-001  4.204260e-001  -1.057994e-001  2.730317e-001  2.031336e-001  2.496081e-001  -1.161238e-002  4.511949e-002  1.409066e-001  5.232290e-001  3.407335e-001  5.731065e-001  -1.829604e-001  -1.359409e-001  6.163870e-001  8.433452e-001  9.124722e-002  2.452975e-001  6.388733e-001  -5.312383e-002  -1.524993e-001  2.346264e-001  -6.964792e-002  2.044264e-001  -7.769940e-001  -6.623520e-001  
0
1
2
12 11 7 4 0 -1
12 11 7 2 0 2
tilted_haar_y2
-0.040095  513.883606  64
4.451025e-002  6.417938e-001  7.155275e-002  4.481898e-001  2.363990e-001  -3.682679e-002  -1.916442e-001  -6.049314e-002  1.725182e-001  3.611843e-001  3.074318e-001  -2.342517e-002  4.395828e-002  3.373303e-001  2.920290e-001  3.174548e-001  1.737783e-001  2.185605e-002  6.411098e-002  -3.273274e-002  -9.064257e-002  -8.521019e-002  -9.940010e-002  -1.572259e-001  -2.074214e-001  -1.826948e-001  -2.664733e-001  -3.340854e-001  -1.985804e-001  -2.922518e-001  -1.209852e-001  -6.717185e-004  -3.645377e-002  -2.325908e-001  -1.069498e-002  -5.754157e-002  -1.285425e-001  2.274552e-001  -5.455121e-002  2.124165e-001  1.564557e-001  9.871594e-002  1.854051e-001  3.640936e-001  3.131347e-001  3.198326e-001  2.338651e-001  2.975584e-001  4.464471e-001  -6.097800e-002  -9.570639e-002  5.094123e-001  -2.304971e-001  -1.114709e-001  4.046506e-001  3.264675e-001  3.827474e-001  1.513117e-001  -5.042084e-002  -1.793207e-001  -2.991150e-001  1.319576e-001  2.055069e-001  9.658623e-002  
0
1
2
3 16 14 4 0 -1
3 18 14 2 0 2
haar_y2
-0.081118  449.229919  64
-1.631593e-001  1.696251e-002  8.062323e-001  3.569620e-001  8.177556e-001  9.764943e-001  -2.734763e-001  7.001814e-002  -2.102625e-002  1.113424e+000  4.421188e-001  2.543119e-001  5.159355e-001  6.192867e-001  1.542691e-001  3.445538e-001  -2.294328e-002  1.024140e-001  2.409497e-001  2.913367e-001  2.525706e-001  2.691943e-001  8.614362e-002  1.563205e-001  1.211574e-001  7.538344e-002  5.007450e-002  -3.048696e-001  3.244875e-003  -8.777170e-003  -3.483492e-002  -1.943641e-001  -4.004066e-002  -1.909655e-001  -1.252437e-001  -2.017171e-001  -3.543745e-001  -6.698877e-002  2.668515e-002  -2.714689e-003  -1.575927e-001  -5.045657e-002  5.027495e-002  9.543127e-004  2.345661e-001  3.059088e-001  2.646627e-001  2.708772e-002  2.342066e-001  1.695814e-001  3.850407e-001  -7.395546e-002  -5.045324e-002  2.719776e-001  1.019228e-001  -1.206747e-001  1.645224e-001  1.539426e-001  -2.270045e-001  1.179996e-001  2.693667e-001  -3.874292e-001  1.113003e-001  9.528552e-002  
0
1
3
4 3 6 18 0 -1
4 3 3 9 0 2
7 12 3 9 0 2
haar_x2_y2
-0.062156  430.090332  64
-4.152309e-001  -5.374335e-001  -6.748520e-004  -2.572630e-001  -1.938967e-001  1.380300e-002  -1.656393e-002  -1.265783e-001  -1.049890e-001  -3.060079e-001  1.415390e-002  3.683269e-002  -8.894128e-002  -1.078081e-001  -1.913649e-001  -1.990779e-001  1.467065e-001  -3.614620e-001  -7.214092e-002  3.190208e-002  -9.439046e-003  -1.173197e-001  -5.354814e-002  -7.959878e-002  2.487365e-001  1.670317e-002  2.447596e-001  7.412330e-002  8.982247e-002  9.437107e-003  2.357974e-002  6.832956e-002  1.205680e-001  2.019497e-001  2.034834e-001  3.807490e-002  3.163139e-001  3.142315e-001  1.792778e-001  1.166886e-001  1.153472e-002  4.395795e-002  -3.813606e-002  1.545753e-001  -8.199144e-002  4.930143e-002  -7.462028e-003  -4.830525e-002  -5.387383e-001  -5.977226e-002  -4.284240e-001  -2.055597e-001  -1.015419e-001  -3.355383e-001  -3.481856e-001  -8.752939e-001  -3.715243e-001  -1.404390e+000  -5.977342e-001  -1.441704e-001  -6.323350e-001  -3.066305e-001  -2.002187e-001  -6.414366e-001  
0
1
2
12 6 6 15 0 -1
12 11 6 5 0 3
haar_y3
-0.072881  273.683655  64
-2.714857e-001  9.990313e-002  -8.611875e-001  -2.928960e-002  -8.516763e-001  5.038608e-002  -4.365788e-001  -4.861404e-001  -5.938712e-001  -5.529465e-001  -5.604699e-001  1.388246e-001  -4.275204e-002  -3.027202e-001  -5.327210e-002  -2.761458e-001  -6.966851e-002  -4.244157e-002  -5.964655e-002  2.655551e-001  6.118730e-002  5.773911e-002  1.678717e-001  2.436107e-001  6.419743e-002  2.745819e-001  2.689033e-001  1.873298e-001  4.234884e-002  7.719440e-002  -1.134990e-001  -4.441413e-002  5.870249e-002  3.116412e-003  8.252807e-002  9.746717e-003  1.295954e-001  -2.037734e-001  -9.179129e-002  1.190427e-001  -5.252850e-002  -2.141607e-001  -1.845944e-001  1.318891e-001  -2.611253e-001  8.107281e-002  1.462477e-001  -9.499031e-003  -1.392619e-001  2.771861e-002  1.921252e-001  5.285449e-002  2.433257e-001  -1.769771e-001  -6.443528e-002  -3.037773e-002  -4.775701e-002  1.524196e-001  -9.966584e-002  -1.790683e-001  2.111820e-001  -6.285742e-001  -1.125884e+000  -5.575749e-001  
0
1
2
17 4 7 15 0 -1
17 9 7 5 0 3
haar_y3
-0.076795  223.848190  64
1.824349e-001  6.869332e-002  -2.233850e-001  2.927733e-001  -4.167890e-001  4.793338e-001  -8.804510e-002  -5.045960e-001  -4.023096e-002  -9.741048e-003  -8.939954e-002  2.202879e-002  -1.332616e-001  4.622341e-002  -5.211078e-002  -1.999488e-001  -8.827603e-002  -4.958072e-002  -8.144700e-002  -5.736258e-002  4.344451e-002  -8.426433e-003  -1.805926e-001  8.677844e-002  4.685793e-002  6.921159e-002  1.379043e-001  1.141912e-001  1.304539e-001  2.782859e-001  8.630741e-002  -2.015769e-002  1.985594e-001  1.641093e-002  2.100551e-001  2.593259e-002  -5.684145e-002  8.609872e-002  -1.047277e-003  -2.121582e-002  -4.557657e-001  1.799648e-001  5.491680e-002  1.005253e-001  -3.441588e-001  2.101738e-001  -5.603960e-001  7.440849e-002  1.815331e-001  -3.316626e-001  -3.261589e-001  -2.523880e-001  -3.809492e-001  4.995115e-002  -1.921382e-001  -9.976035e-002  -6.604148e-001  -3.908345e-001  -5.607404e-001  -1.122167e+000  5.477582e-001  -2.021549e-001  -4.049916e-001  -8.786945e-001  
0
1
3
5 8 14 14 0 -1
5 8 7 7 0 2
12 15 7 7 0 2
haar_x2_y2
-0.206975  180.647171  64
1.138967e+000  -7.877570e-003  1.068084e+000  -1.634224e-001  3.325183e-001  1.650258e-002  7.015253e-002  7.710419e-001  3.594115e-001  2.714674e-001  1.992151e-001  1.837882e-001  -1.835435e-001  -1.388264e-001  -1.108687e-001  -3.853879e-002  -3.383818e-001  1.247962e-001  -3.073769e-001  -1.710980e-001  -4.484996e-001  2.814260e-002  -4.145924e-001  -1.261281e-001  1.823851e-001  -1.414804e-001  -8.956685e-002  -9.835485e-002  -1.219139e-001  -1.997343e-001  6.183852e-002  -1.128335e-001  9.594072e-002  -9.612375e-002  1.324060e-001  1.763542e-002  1.970040e-001  1.129117e-001  1.459531e-001  9.367717e-002  2.840198e-001  4.909005e-002  -4.216164e-002  -1.051137e-001  -5.714767e-002  1.228874e-001  7.011762e-002  -6.089538e-002  -3.781267e-001  -3.073172e-001  -2.460499e-001  -2.618577e-001  -1.475720e-001  -2.987897e-001  -3.566025e-001  9.948314e-002  3.197758e-001  9.312018e-002  -1.413304e-001  4.529596e-001  -2.082378e-001  -2.129180e-001  8.363790e-001  -2.206423e-001  
0
1
2
17 0 5 8 0 -1
17 0 5 4 0 2
tilted_haar_y2
-0.140248  309.839539  64
1.035614e+000  3.376268e-001  3.580683e-001  9.291945e-001  6.784970e-001  4.845778e-001  6.162950e-003  2.770988e-001  5.004212e-001  5.170063e-001  2.038458e-001  4.014224e-001  3.690212e-001  5.006441e-002  -2.529402e-001  -9.538244e-002  -3.498676e-001  -1.303222e-001  -1.461310e-001  -3.764804e-002  -9.728993e-002  -6.815367e-004  -1.970863e-002  -1.069003e-001  2.121888e-001  -9.843177e-002  1.695969e-002  -2.182867e-001  -2.022065e-001  -8.778249e-002  -1.070367e-001  -2.029341e-001  -8.053757e-002  1.436059e-001  -1.187970e-001  -1.031646e-001  -4.161788e-002  -8.187418e-002  3.966092e-002  -1.382185e-001  -6.065189e-002  5.739142e-002  1.503389e-002  8.156804e-002  -3.210704e-002  -1.684450e-002  -6.763914e-002  9.844389e-002  1.147029e-001  1.067408e-001  2.867301e-001  2.019294e-001  3.631215e-001  4.158972e-002  -3.446158e-001  8.468366e-002  -6.866069e-002  1.151296e-001  -9.095373e-003  3.393969e-002  5.392216e-001  1.142729e-001  -2.758524e-001  6.632724e-003  
0
1
3
8 1 10 14 0 -1
8 1 5 7 0 2
13 8 5 7 0 2
haar_x2_y2
-0.097673  277.154877  64
4.611573e-001  4.215020e-001  7.746167e-002  7.408224e-001  3.427827e-001  6.075252e-001  2.339314e-001  6.411806e-002  3.568804e-001  1.528482e-001  -2.960870e-002  3.790021e-001  4.816532e-001  9.275293e-002  1.822680e-002  -1.196230e-001  2.060007e-001  -1.763119e-001  -9.943873e-003  -8.360819e-003  2.672990e-002  1.750086e-001  -2.654271e-001  -5.043551e-002  -2.130058e-001  -2.141553e-001  -2.436110e-001  -3.825467e-001  -9.909153e-002  -3.124718e-001  -1.872209e-002  -1.876075e-001  1.886426e-002  1.025042e-003  4.565195e-002  1.005400e-001  1.596609e-001  -7.558921e-002  1.695323e-002  2.784483e-001  3.398783e-001  7.384471e-005  9.546859e-002  1.571924e-001  1.281137e-001  -1.475095e-001  1.126532e-001  -8.473510e-002  1.751186e-001  1.044332e-001  1.419792e-001  -9.700672e-002  7.687261e-002  4.357481e-002  3.969076e-001  1.798565e-002  -1.557907e-002  -1.608017e-001  -3.701607e-001  1.430258e-001  -3.013831e-001  -5.577767e-002  -2.502634e-001  -5.596452e-001  
0
1
2
7 3 15 6 0 -1
7 3 15 3 0 2
tilted_haar_y2
-0.128455  211.712402  64
4.737003e-001  6.433711e-001  6.743549e-001  9.021901e-002  5.146269e-001  -2.283251e-001  -2.494078e-001  1.316929e-001  3.551943e-002  -4.618151e-002  -2.247335e-001  -5.045037e-001  -3.017949e-001  -2.535430e-001  -2.498604e-001  1.864192e-001  5.846807e-002  1.692092e-001  -6.827172e-003  1.102350e-001  -2.280153e-001  -6.716886e-004  -1.587443e-001  -3.537441e-001  -7.498503e-002  -4.312440e-002  -5.654467e-002  -1.383382e-001  -1.039660e-001  1.564824e-001  2.854889e-002  1.543801e-001  5.969873e-002  3.543432e-004  2.083873e-001  5.022535e-002  1.869847e-001  2.960969e-002  2.219975e-001  1.189985e-001  1.471193e-001  -1.183785e-001  -4.299336e-002  1.348921e-001  -1.201515e-001  -3.343751e-001  4.096023e-002  -8.900252e-002  -2.583590e-001  2.510984e-001  -1.186647e-001  -1.380845e-001  1.459797e-001  4.072594e-001  3.456492e-001  2.154335e-001  -1.762475e-001  4.011150e-001  -2.506694e-001  -7.793732e-001  -1.816945e-001  1.356182e-001  -2.797281e-001  -5.604704e-001  
0
1
2
2 1 19 8 0 -1
2 3 19 4 0 2
haar_y4
-0.225178  207.286011  64
3.577409e-001  4.252655e-001  -7.745001e-002  -2.628433e-002  5.882214e-001  5.438833e-001  -1.125130e-002  4.933702e-001  1.500340e-001  5.558511e-001  2.239721e-001  4.704302e-002  4.161664e-001  3.137809e-001  1.612706e-001  3.927779e-001  5.602777e-002  -1.081900e-001  2.785655e-001  3.076933e-001  2.418174e-002  1.228373e-001  2.575322e-001  5.203121e-001  2.179511e-002  -7.479702e-002  1.339217e-001  -8.354859e-002  6.564842e-003  -5.260448e-002  -1.097580e-001  -2.354419e-001  -9.446346e-002  -9.872141e-002  -2.209626e-001  -2.586446e-001  -1.444870e-001  -1.995480e-001  -1.150347e-001  -3.878755e-002  -3.257049e-002  1.141898e-001  1.292634e-001  1.029905e-001  3.875900e-002  2.245840e-001  -2.323658e-001  3.331994e-002  1.996523e-001  -1.211377e-001  2.527921e-002  9.366739e-003  -3.049308e-001  -4.123852e-001  4.939386e-001  -2.148300e-001  2.670589e-001  -3.060569e-001  2.101135e-001  -3.088797e-001  2.917285e-001  7.999481e-001  7.143787e-001  -2.709736e-001  
0
1
2
0 0 24 6 0 -1
6 0 12 6 0 2
haar_x4
-0.193994  130.799286  64
2.660533e-001  -1.727116e-001  4.373212e-001  -4.861373e-001  -1.313901e-001  -5.428641e-002  5.217482e-001  2.715681e-001  1.934998e-001  -4.783040e-002  -5.755974e-003  3.007578e-001  1.014326e-001  1.628672e-001  7.839771e-002  1.012907e-001  2.504863e-001  1.811744e-001  -6.423490e-002  -1.048587e-001  -1.967752e-001  -2.122493e-001  -2.459350e-001  -2.308132e-001  -2.388393e-001  1.941722e-002  -1.496000e-001  -2.686443e-001  -9.638959e-002  -5.273981e-002  1.694482e-002  4.035688e-002  -1.188308e-001  -8.550989e-003  1.427079e-001  1.630129e-001  6.691934e-002  -1.735896e-003  -1.192680e-003  1.000772e-001  5.038344e-002  3.286634e-002  1.157125e-001  -1.855366e-001  1.064730e-001  -7.343336e-002  -2.478022e-001  2.300975e-002  4.322914e-001  1.658457e-001  3.074920e-001  3.251114e-001  6.605368e-001  3.797801e-001  4.454081e-001  3.776632e-001  -1.688288e-001  1.054989e+000  8.180193e-001  -2.320273e-002  3.285598e-001  5.632020e-001  -8.593938e-002  7.337120e-001  
0
1
2
7 4 16 7 0 -1
15 4 8 7 0 2
haar_x2
-0.129536  210.820709  64
-5.535666e-001  6.745097e-002  1.715109e-001  2.988503e-001  -1.626265e-001  1.438937e-001  5.980503e-001  -1.274308e-001  1.452221e-001  -4.627602e-001  -1.486949e-001  -3.296625e-001  1.626469e-002  9.666346e-002  1.766511e-002  1.463543e-001  1.529632e-001  -6.534976e-002  -1.568389e-001  1.449211e-001  -1.078371e-001  8.381547e-002  -1.606378e-001  1.306272e-001  2.238112e-001  4.173450e-002  -9.931798e-002  -1.888871e-001  -1.467726e-002  2.222997e-001  8.496602e-002  -5.947252e-002  3.491337e-002  -2.095394e-001  -1.239254e-001  -1.440642e-001  -2.208863e-001  -2.651880e-001  -1.025351e-001  8.429118e-002  -2.565139e-002  7.694492e-002  2.388927e-001  2.338200e-001  1.753456e-001  9.821150e-002  2.134845e-001  2.825871e-001  7.228202e-002  1.467093e-001  2.212669e-001  3.100061e-001  1.440561e-001  1.579718e-002  1.181552e-001  -1.174139e-001  -2.523615e-002  -6.475813e-002  -3.543258e-001  -4.960279e-001  -3.917190e-001  -6.089272e-001  -4.462746e-001  -2.620887e-001  
0
1
2
11 9 7 8 0 -1
9 11 7 4 0 2
tilted_haar_y4
-0.121034  254.517731  64
-5.371011e-002  -1.382705e-001  -2.827086e-002  6.315796e-002  7.206342e-001  3.514479e-001  1.122016e-002  4.883511e-001  3.527467e-001  1.386943e-001  2.892377e-001  3.020538e-002  1.109148e-001  8.278479e-003  1.688056e-001  -2.590938e-001  1.750009e-001  1.758937e-001  5.178389e-002  2.307742e-001  4.469223e-002  -4.829665e-002  -9.255157e-002  5.992774e-003  4.854698e-003  -5.731037e-002  -9.840885e-003  -1.516733e-001  7.076512e-002  -8.361288e-002  -4.540272e-002  -1.111497e-001  -1.145341e-001  -5.634572e-002  -2.579437e-001  -2.045652e-001  -1.582208e-001  -2.431345e-001  -3.824702e-001  -2.190535e-001  2.322908e-002  -1.531673e-002  4.794074e-002  8.731646e-002  5.576201e-002  8.139043e-002  3.075732e-001  3.709549e-001  1.539393e-001  4.187870e-001  1.454354e-001  7.046934e-003  3.130647e-001  9.471025e-001  4.755047e-001  6.650174e-001  2.524499e-001  7.176061e-001  1.113699e+000  8.423096e-001  5.360736e-001  -1.020373e-001  1.032055e+000  3.362860e-001  
0
1
2
6 17 12 7 0 -1
10 17 4 7 0 3
haar_x3
-0.115955  253.242722  64
-1.128364e+000  -7.673838e-001  2.041378e-001  2.340726e-002  -8.792128e-001  -5.558313e-001  -1.566581e-001  -2.966807e-004  -1.292617e-001  -1.271669e-001  -5.889769e-002  2.844097e-003  2.172462e-001  8.216631e-002  1.128267e-001  -1.827407e-002  -7.971307e-002  9.438369e-002  1.513457e-001  -5.372471e-002  1.880472e-001  -9.913381e-003  -1.266691e-001  1.403812e-001  -1.192028e-001  3.387854e-002  6.191325e-002  -2.308126e-001  1.030733e-002  3.263790e-002  -1.411389e-002  1.276961e-001  1.110229e-001  1.250035e-001  1.126736e-001  2.228546e-001  -8.575875e-002  4.637359e-002  1.894634e-002  4.087597e-001  1.236381e-001  4.140271e-002  -1.409886e-001  2.491045e-001  -1.394956e-001  -1.283877e-001  -2.839110e-001  -3.298530e-001  -6.910104e-002  -9.591538e-002  4.122382e-003  -1.085694e-001  2.153716e-001  -2.348283e-002  -8.485476e-002  -2.508319e-001  -3.182078e-001  -1.718289e-001  -7.234014e-001  -2.704731e-001  -2.886804e-001  3.066812e-001  1.096866e-001  1.886895e-001  
0
1
3
0 3 8 14 0 -1
0 3 4 7 0 2
4 10 4 7 0 2
haar_x2_y2
-0.091858  272.932404  64
-1.097544e-001  -5.272586e-001  -2.693260e-001  -1.803567e-002  1.166790e-001  1.180456e-001  -5.925706e-002  1.801469e-001  1.736737e-001  1.628593e-001  2.290299e-001  -1.376775e-001  -1.103276e-001  -1.289061e-001  6.667267e-002  -1.052181e-001  5.951907e-002  -2.826447e-001  -2.896397e-003  -1.896478e-001  -2.472918e-002  -2.915214e-001  -1.317056e-001  -2.222611e-001  -8.643692e-002  -1.126538e-001  -1.070762e-001  -1.306824e-001  -4.820343e-002  7.765424e-002  -1.894286e-002  6.495604e-002  -1.449315e-001  -1.911439e-001  2.318338e-001  2.449130e-001  -1.975129e-002  1.517853e-001  3.468614e-002  2.227023e-001  1.810321e-001  4.005197e-001  2.985946e-001  3.406721e-001  4.290283e-001  4.375768e-002  1.889572e-002  1.239956e-001  1.897124e-001  2.749989e-001  3.965029e-002  1.490871e-001  -1.302488e-001  3.175911e-001  7.432241e-001  1.266055e-001  -2.714123e-002  -6.382781e-001  -4.627914e-001  5.018023e-001  -1.689437e-001  -3.767866e-001  -4.390051e-001  -5.698221e-001  
0
1
2
11 19 12 5 0 -1
17 19 6 5 0 2
haar_x2
-0.146046  208.265793  64
3.099800e-001  2.215226e-001  1.681889e-001  3.557583e-001  3.256675e-001  7.325813e-001  1.526684e-001  2.058499e-001  3.638656e-001  7.422238e-001  2.136492e-001  -5.986293e-003  4.936078e-002  -1.638713e-002  7.592261e-003  3.482143e-001  7.580382e-002  1.645822e-001  3.796834e-002  -1.018198e-001  -2.087241e-002  -2.367868e-002  6.872277e-002  1.942247e-001  7.046387e-002  -6.388801e-002  1.141311e-001  -8.718718e-002  -3.321799e-002  -3.892503e-002  -1.878136e-001  -2.304102e-001  -2.443180e-001  -6.864090e-002  6.001369e-002  -6.398951e-002  -7.420240e-002  -1.371254e-001  -1.279404e-001  1.978479e-001  -1.255180e-002  -3.028756e-003  -5.757367e-002  -9.397993e-002  1.459778e-001  -8.648859e-003  -8.372910e-002  -2.932654e-002  3.967661e-002  1.781321e-001  6.468216e-002  -2.687519e-001  -2.597701e-001  -5.858473e-002  -1.485793e-001  1.392212e-001  1.063913e+000  5.907898e-001  2.725021e-001  2.484063e-001  1.178665e+000  -1.479338e-001  6.586345e-001  8.038430e-001  
0
1
2
1 3 20 8 0 -1
1 5 20 4 0 2
haar_y4
-0.144486  298.166962  64
-2.427915e-001  1.032963e+000  2.789863e-001  5.738531e-002  -1.316001e-001  -2.767988e-001  1.510921e-001  3.820719e-001  4.423778e-001  -3.162623e-001  -2.075556e-002  2.247341e-002  2.080027e-001  1.233657e-001  2.468796e-001  9.564289e-002  7.137026e-002  3.423403e-001  8.446297e-003  1.899865e-001  9.420402e-002  2.429915e-001  1.055631e-001  -2.139854e-001  -9.243384e-004  3.629524e-002  -2.629985e-002  2.619034e-001  8.614799e-002  3.558593e-002  2.119624e-001  1.161060e-001  -1.265296e-002  1.022435e-002  -5.289125e-002  9.179333e-003  8.936287e-002  1.216841e-001  2.029414e-001  -7.640295e-004  -1.099651e-001  -1.233304e-001  -2.463012e-001  -2.403183e-001  -5.048575e-002  -3.868804e-001  -2.646074e-001  -2.559109e-001  2.133458e-002  9.701410e-002  -3.951608e-001  -6.755733e-002  -2.744787e-001  -4.151384e-001  -2.767071e-001  3.851012e-002  -3.684826e-001  -2.725512e-001  -4.011919e-001  -5.866810e-002  2.355307e-002  6.418465e-001  5.225347e-002  -8.834358e-001  
0
1
2
0 10 8 14 0 -1
2 10 4 14 0 2
haar_x4
-0.104578  222.813889  64
-1.170902e-001  5.691091e-001  9.242999e-003  2.992713e-001  4.992683e-002  1.097064e-001  1.233059e-001  5.741788e-001  6.728833e-001  1.067396e-001  3.015609e-001  3.615289e-001  2.797513e-001  1.365074e-001  3.061277e-001  1.214699e-001  3.385142e-001  1.564403e-001  1.724310e-001  1.508964e-001  -4.651361e-002  -2.125704e-001  -1.828751e-001  -2.315682e-001  -9.161082e-002  -1.274626e-001  -7.961311e-002  -1.555130e-001  -4.567184e-002  -1.891525e-002  1.600891e-002  -8.682413e-002  -1.013688e-001  -4.925723e-002  2.778504e-002  -6.997549e-002  3.972924e-001  -2.059147e-002  2.368645e-002  -1.100289e-001  2.420531e-002  7.241307e-002  -6.020105e-003  2.857680e-001  5.394656e-002  3.386858e-001  4.805386e-001  7.114045e-003  3.244209e-002  8.771023e-001  3.601743e-001  2.410341e-001  5.634916e-001  -1.557422e-002  8.165653e-002  -1.474661e-001  -4.754467e-001  1.089834e-002  -1.512341e-001  9.604011e-003  -2.790175e-001  2.132562e-001  7.799588e-002  -3.718750e-001  
0
1
2
10 0 9 2 0 -1
10 0 9 1 0 2
tilted_haar_y2
-0.028979  1068.389648  64
-3.596842e-001  -2.250197e-002  -3.832331e-001  -1.636374e-001  3.222607e-001  2.129474e-001  -1.630587e-002  -2.215073e-002  1.596088e-002  2.468849e-001  2.136003e-001  2.042890e-001  2.524527e-001  1.933446e-001  2.447018e-001  3.730581e-001  1.363439e-001  2.047350e-001  4.721067e-001  8.772275e-003  1.007460e-001  8.794829e-002  4.366937e-002  -6.952845e-002  -2.770007e-002  1.199877e-001  -7.694031e-002  3.481695e-003  -8.652493e-002  -1.087619e-001  -1.527918e-001  -1.026012e-001  -1.824898e-001  -6.977534e-002  -2.703446e-001  -1.229676e-001  -2.087377e-001  -1.707601e-002  -6.293563e-002  -6.108325e-002  -2.191149e-001  -1.458062e-001  -2.012358e-001  -3.414970e-001  7.964897e-002  4.257771e-001  6.302993e-003  -3.345788e-001  -2.135499e-002  1.358017e-001  4.191974e-002  3.190392e-001  -1.029921e-001  2.601336e-001  1.612945e-001  6.000925e-001  1.402008e-001  3.646780e-001  4.925507e-001  -1.159392e-001  7.305768e-001  9.176157e-001  2.917541e-001  2.128051e-001  
0
1
2
10 5 6 9 0 -1
13 5 3 9 0 2
haar_x2
-0.083770  369.839935  64
5.927503e-001  2.059934e-001  2.759219e-001  5.869360e-001  6.888080e-001  4.837078e-001  3.728319e-001  7.008017e-001  1.355920e-001  1.132385e-001  5.492213e-001  2.165221e-002  -1.962707e-001  -1.345780e-001  -7.648471e-002  3.025310e-001  2.617311e-001  -4.099811e-002  8.097604e-002  3.190309e-002  1.309541e-001  -8.717306e-002  -5.475115e-002  1.250015e-001  -5.593776e-002  3.664438e-001  1.955973e-002  -1.716739e-002  -5.125438e-002  -4.661848e-002  -6.113110e-002  -2.109862e-001  1.432690e-004  -1.821226e-001  -9.862016e-002  -1.394231e-002  4.672120e-002  -4.389181e-002  6.150279e-002  -8.293916e-002  -2.109718e-001  -2.601976e-001  -2.027480e-001  1.056197e-001  -6.768715e-002  -1.157900e-001  -3.689697e-004  -2.506250e-001  -7.569800e-002  -2.132628e-001  5.475589e-003  1.222765e-001  -1.001260e-001  6.155939e-002  -1.069123e-001  6.526964e-001  3.394603e-001  2.409326e-002  9.459752e-001  5.896896e-001  1.351009e-001  -3.972854e-002  9.588163e-001  -8.637094e-003  
-1.969449 
