16 
1
2
11 17 12 4 0 -1
11 19 12 2 0 2
haar_y2
-0.060497  514.492859  64
-5.503283e-001  -3.910514e-001  -3.180526e-001  2.028167e-001  -3.199640e-001  -3.346823e-001  -1.650934e+000  -4.094470e-001  -3.283010e-001  -2.088914e-001  -3.569019e-001  -4.723380e-001  -4.064412e-001  -1.705205e-001  -4.396988e-001  -2.865049e-001  -3.637685e-001  -3.646700e-001  -4.410941e-001  -5.189657e-001  -4.738096e-001  -4.101762e-001  -3.894957e-001  -4.740904e-001  -5.285078e-001  -5.056475e-001  -3.780339e-001  -5.684994e-001  -6.183960e-001  -5.686818e-001  -4.481205e-001  -5.420496e-001  -3.896920e-001  -3.364773e-001  -3.084207e-001  -3.552123e-001  -2.266296e-001  -2.990446e-001  -2.448993e-001  -4.310924e-001  -3.276390e-001  -3.745148e-001  -3.771361e-001  -5.238211e-001  -3.708201e-001  -5.593534e-001  -4.578885e-001  -3.486157e-001  -3.680499e-001  -5.730224e-001  -6.064199e-001  -1.202048e+000  -5.508149e-001  -2.420820e+000  -9.173260e-001  -4.078496e-001  -3.486561e+000  -3.452991e-001  -4.329573e-001  -7.793663e-001  -1.162779e+000  -4.607908e-001  -1.576680e-001  -6.675963e-001  
1
2
5 0 14 20 0 -1
5 5 14 10 0 2
haar_y4
-0.189071  124.311859  64
3.262092e-001  1.034624e-001  -2.012161e-001  -3.944406e-001  -2.588469e-002  -3.697535e-001  1.560041e-001  1.824491e-002  -1.985086e-001  -1.919404e-001  -8.534132e-001  -3.051642e-001  -2.768480e-001  -3.315667e-001  -3.550703e-001  -6.915062e-002  -3.822216e-001  -1.898844e-001  4.560680e-002  5.309199e-002  -2.192146e-001  1.045023e-001  -1.301297e-001  -7.751989e-002  -8.543409e-003  -6.619991e-002  1.314780e-001  -3.233961e-002  2.834199e-001  1.971691e-001  1.160939e-001  1.296782e-001  2.465122e-001  2.777775e-001  1.547707e-001  1.626199e-001  1.781722e-001  2.133806e-001  -1.578352e-001  -3.959313e-002  -1.805034e-001  -1.257360e-001  -1.760232e-001  -1.033904e-001  -1.779484e-001  -5.846147e-002  -6.999849e-002  -3.725334e-001  -2.226138e-001  -9.936869e-002  -3.654724e-001  -3.950226e-001  -1.962177e-001  1.712189e-001  -1.989016e-001  -1.493374e-001  -7.735208e-001  -1.665821e-001  9.265880e-002  -4.478586e-001  -1.781128e-001  -1.954218e+000  -8.953534e-001  -1.308028e+000  
1
2
7 8 9 4 0 -1
7 10 9 2 0 2
haar_y2
-0.030592  937.009827  64
-1.375075e-001  4.126185e-001  -1.511124e-001  -2.444867e-001  9.589314e-002  -1.630365e-001  -3.729332e-002  -4.403485e-001  -1.473004e-001  2.659754e-001  -5.238830e-001  -6.829328e-001  2.847198e-002  -2.145893e-001  -1.126906e-001  -6.277583e-001  -4.091202e-001  -3.284523e-001  -3.390815e-001  -4.408624e-001  -1.637546e-001  -5.048676e-001  -1.795177e-001  1.120226e-002  3.191214e-002  2.753311e-002  -1.023033e-002  1.352282e-001  7.526137e-002  -1.184186e-001  1.209795e-001  1.167985e-001  1.537746e-001  1.363732e-001  2.725481e-001  8.616525e-002  1.221576e-001  6.852974e-002  1.891933e-001  2.150431e-001  1.937650e-001  1.513669e-001  -2.754127e-002  -1.049225e-001  -1.489084e-001  -9.894033e-002  -1.603198e-002  -5.867018e-002  -4.438394e-002  1.394480e-001  -2.236792e-001  2.984036e-002  -7.380365e-001  -1.831513e-001  -1.109557e-001  -3.116231e-001  -8.403032e-001  -4.422639e-001  -2.337587e-001  -1.063802e+000  -8.582338e-001  -5.670291e-001  -7.299016e-001  -1.454875e+000  
1
2
13 0 6 3 0 -1
12 1 6 1 0 3
tilted_haar_y3
-0.032648  931.907410  64
-1.357486e+000  3.167326e-002  -9.664707e-002  -6.114631e-001  -5.880511e-001  2.455290e-002  -3.664732e-001  -2.876212e-002  1.332849e-002  -1.270711e-001  2.117857e-001  -1.800010e-001  5.257110e-002  1.607850e-001  1.091308e-001  8.678475e-002  -1.324247e-001  3.710316e-001  9.813069e-002  4.330711e-002  1.652078e-001  8.632857e-002  2.179142e-001  1.849283e-001  9.329164e-002  1.628047e-001  2.152972e-001  -6.673276e-002  -3.401862e-002  -1.024769e-001  7.080543e-002  -1.056820e-001  -1.811275e-001  6.685615e-002  -1.100521e-001  -7.394717e-002  -1.203192e-001  -6.478594e-002  1.364051e-002  1.326540e-001  -2.151722e-001  -2.459084e-001  -7.498254e-002  -2.322540e-001  -2.887183e-001  -1.893906e-001  -1.610100e-001  3.309232e-001  1.231607e-001  1.327662e-001  -2.945909e-001  -2.427547e-001  -1.381011e-001  4.211576e-001  -4.333213e-002  -3.863611e-001  -3.497053e-001  -6.948443e-001  -9.817652e-002  -3.240604e-002  -3.063538e-003  -2.069999e-001  -4.904920e-001  -5.436787e-001  
1
2
10 4 6 13 0 -1
13 4 3 13 0 2
haar_x2
-0.112573  277.966797  64
7.956089e-001  1.736946e-001  1.781767e-001  3.215401e-001  7.181396e-002  3.388833e-001  3.024144e-001  1.968818e-001  -2.371455e-001  1.055780e-001  1.862896e-001  1.330196e-002  4.002366e-001  2.830925e-001  3.525015e-001  -2.225251e-001  1.880481e-001  5.297358e-002  2.470895e-001  1.371808e-001  1.189404e-001  -3.319298e-002  -5.786786e-002  2.026353e-001  1.892385e-001  2.310674e-002  2.629716e-001  4.955035e-002  2.996448e-003  -8.566420e-003  1.670556e-001  9.581564e-002  -1.355817e-002  -2.032574e-001  -1.535588e-001  1.172794e-002  3.948575e-002  -1.132285e-001  -1.251100e-001  -2.463805e-001  -1.591779e-001  -2.580670e-002  -3.509640e-002  -3.359230e-001  -3.522168e-001  -3.926980e-001  -1.811740e-001  -5.224857e-001  -9.434241e-002  -2.992484e-001  -3.286144e-001  -2.517007e-001  -1.627092e-001  -4.343117e-002  -2.826932e-002  4.532413e-001  5.751585e-001  4.556250e-001  8.631689e-001  7.727836e-001  6.364605e-001  7.084321e-001  7.638789e-001  8.626763e-001  
1
2
9 0 8 4 0 -1
8 1 8 2 0 2
tilted_haar_y4
-0.042555  589.189636  64
1.054102e-001  3.561268e-001  5.932652e-001  3.657170e-001  -6.010272e-002  1.680149e-001  9.369215e-002  2.200527e-001  4.046170e-001  3.521399e-002  4.028982e-001  3.542311e-001  1.019875e-001  3.047889e-001  1.066254e-001  1.360816e-001  1.688982e-001  8.964723e-002  1.595963e-001  4.527333e-002  4.471397e-002  4.426579e-002  -9.404100e-002  -1.390938e-001  2.016332e-002  -1.979744e-001  -2.016710e-001  -2.311680e-001  -2.152711e-001  -2.016286e-001  -4.328899e-001  -7.658397e-002  -2.999358e-001  -3.269742e-001  -1.991669e-002  -1.799630e-001  2.333979e-002  -1.312873e-001  1.653894e-001  3.233262e-001  2.421735e-002  2.585908e-001  1.402379e-001  4.680347e-001  2.769474e-001  5.833083e-001  -2.108310e-002  3.690765e-001  3.444413e-001  3.597865e-001  3.793042e-001  9.860119e-002  9.514702e-002  5.664735e-001  3.362773e-001  7.871460e-002  2.577033e-001  -4.188612e-001  -3.934479e-001  -8.429646e-001  -2.096477e-002  3.245969e-002  1.534731e-001  2.396407e-002  
1
2
2 8 21 3 0 -1
2 9 21 1 0 3
haar_y3
-0.029864  820.391479  64
-6.276351e-001  -5.228736e-001  -7.154553e-001  -4.462031e-002  -4.936238e-002  -1.969032e-001  9.804726e-002  -3.161918e-001  7.554745e-002  -8.178817e-002  -5.138813e-001  -1.749656e-001  -5.319297e-002  -1.644472e-001  -1.409807e-001  6.148882e-002  9.386628e-003  4.505615e-002  1.077993e-002  1.323537e-001  -3.914778e-002  -6.313333e-002  -4.091133e-002  -1.797117e-001  -7.117653e-002  -4.674602e-002  -2.702231e-002  1.643244e-001  1.942234e-001  2.867035e-001  6.096771e-003  2.668340e-002  3.195775e-001  2.276633e-001  1.540408e-001  8.990091e-002  -6.007459e-002  1.329812e-001  1.513929e-001  -4.451540e-002  -1.646166e-002  -2.404210e-002  7.427247e-002  -1.948827e-001  -3.047896e-001  -3.447056e-001  -3.182407e-001  -4.388635e-001  -1.630189e-001  -1.217008e+000  -8.724772e-001  -7.663522e-001  -1.462325e-001  6.911141e-001  -4.088286e-001  -4.379235e-001  1.422659e-001  -2.622045e-001  -2.000997e-001  1.781548e-001  -6.220713e-001  -1.262045e+000  -1.566460e-001  -4.144796e-001  
1
2
21 3 3 18 0 -1
22 3 1 18 0 3
haar_x3
-0.069330  415.377960  64
-1.065135e-001  5.056878e-001  -3.360516e-001  5.149454e-001  2.804758e-001  -2.316758e-002  3.169888e-002  -1.063832e-001  -2.664229e-001  2.808257e-001  6.547740e-001  -1.084666e-001  1.491368e-001  4.850938e-001  4.236369e-001  2.567598e-001  4.366376e-001  -6.720565e-003  5.298296e-002  -5.142072e-002  -1.588277e-001  -2.218169e-001  -3.781343e-002  6.260436e-003  -1.338791e-002  -3.081522e-001  -1.925185e-001  -1.591670e-001  -2.114918e-001  -9.467345e-002  -1.462371e-002  1.163658e-002  -1.649170e-002  2.484444e-001  3.183918e-001  1.562407e-001  -3.881625e-002  2.457422e-001  2.270419e-001  2.799716e-001  4.526644e-001  2.151366e-001  3.442927e-001  6.968498e-001  3.851492e-002  6.707043e-001  2.565142e-001  1.042154e-001  7.398705e-001  6.254535e-001  3.747460e-001  -3.859018e-001  3.155749e-001  -2.561228e-001  -1.893065e-001  -3.139952e-001  -5.806688e-002  2.943243e-001  4.963090e-001  2.277444e-001  5.731730e-001  1.990924e-001  -2.628642e-001  -6.538184e-001  
1
2
7 14 6 10 0 -1
9 14 2 10 0 3
haar_x3
-0.052491  559.320068  64
-1.120432e+000  -1.058970e+000  -7.510309e-001  -5.207877e-001  -4.243920e-001  -4.999536e-001  -3.422928e-001  -5.320737e-001  -2.963854e-001  6.321254e-002  -2.229325e-001  -1.989504e-001  -5.908940e-002  -1.403462e-001  -6.916896e-002  2.109449e-001  1.051915e-001  5.596073e-002  -1.828414e-002  -2.734428e-002  6.630336e-002  1.729076e-002  -8.983335e-003  1.292791e-001  -1.514441e-001  4.806231e-002  1.652948e-001  1.094021e-001  1.235498e-001  1.001585e-001  3.019412e-001  1.059317e-001  -3.198899e-002  8.892895e-002  1.555653e-001  -6.895682e-002  8.439868e-002  3.351318e-002  5.010804e-002  -8.579342e-002  2.609436e-002  -2.784592e-001  -2.770912e-001  8.608978e-002  7.489867e-003  -1.647004e-001  -2.696333e-001  -1.340058e-001  4.692647e-002  1.883112e-001  -1.065937e-001  -8.459975e-002  -8.387969e-001  -1.593466e-001  -3.512355e-001  -2.826325e-001  -2.598809e-001  -1.892409e-001  -3.825067e-002  -2.593927e-002  -3.599506e-001  -8.527462e-001  -4.310273e-001  -1.036341e+000  
1
2
14 8 8 5 0 -1
18 8 4 5 0 2
haar_x2
-0.041019  616.345154  64
-3.336293e-001  -2.983538e-002  -2.553729e-001  3.562779e-001  -4.682716e-001  -3.269049e-001  1.075941e-001  -2.305734e-001  -5.202008e-001  -3.664637e-001  -3.811046e-001  -2.944207e-001  -2.582619e-001  -3.177327e-001  -4.325433e-001  -3.147083e-001  -2.485067e-001  -3.465332e-001  -1.800661e-001  -2.411502e-001  -2.991074e-001  -8.756674e-002  -2.343954e-001  -1.863385e-002  -1.295018e-001  -7.243027e-002  -2.368559e-002  3.093243e-002  2.421303e-002  1.640818e-001  1.594434e-001  1.549575e-001  1.179899e-001  2.094990e-001  2.201986e-001  1.898244e-001  1.495885e-001  1.922710e-001  1.738722e-001  1.962326e-001  3.446617e-001  3.503358e-003  1.104172e-002  -4.836204e-002  7.857119e-002  2.709625e-001  -6.639595e-004  2.909820e-003  4.530000e-002  -3.010991e-001  -2.843875e-001  -1.215549e-001  -7.530967e-002  -1.173960e-001  -3.365347e-001  -3.383770e-001  4.998142e-002  -1.514250e-001  -4.663580e-001  -5.073947e-001  -5.360317e-002  -5.292974e-002  -4.211215e-001  -5.395760e-001  
1
3
7 2 14 8 0 -1
7 2 7 4 0 2
14 6 7 4 0 2
haar_x2_y2
-0.149827  237.069794  64
7.168283e-001  7.389360e-001  7.518498e-001  -6.108864e-002  6.986259e-001  1.788705e-001  -2.447217e-001  5.485610e-001  5.449505e-001  4.184473e-001  5.742798e-001  4.802793e-002  3.474950e-001  4.105463e-001  1.572281e-001  2.545633e-001  1.684242e-001  2.068251e-001  1.382967e-002  9.111267e-002  7.056791e-002  8.344869e-002  -2.876133e-002  -4.434469e-002  -1.481278e-002  -2.233140e-001  -1.878165e-001  2.154015e-002  -2.680228e-001  -1.818437e-001  -2.662956e-002  -1.306415e-001  -1.347660e-001  -3.105085e-001  -2.849764e-001  -1.230345e-001  -8.743027e-002  -1.477838e-001  4.780198e-003  -2.827490e-002  1.620321e-001  2.539720e-001  1.027668e-001  2.887072e-001  -1.068161e-002  -5.026909e-003  1.817623e-001  1.389969e-001  9.102727e-002  2.408886e-001  9.956677e-002  -4.064605e-002  8.260549e-002  1.546614e-001  -3.352335e-001  -1.414784e-001  2.425938e-001  1.996125e-002  1.429589e-002  -3.799587e-001  -5.241490e-001  -1.081645e+000  3.771298e-002  -7.494716e-001  
1
3
8 0 10 8 0 -1
8 0 5 4 0 2
13 4 5 4 0 2
haar_x2_y2
-0.071180  411.528412  64
-5.597897e-001  -6.416327e-001  -3.166729e-001  -6.066975e-001  -1.938645e-001  -2.443936e-001  -2.003917e-001  -9.721167e-002  -7.871787e-003  -3.356574e-002  -3.215168e-001  4.212749e-002  -1.253352e-001  -1.829016e-001  8.082364e-002  -5.727221e-002  2.097857e-002  5.849227e-003  4.577565e-002  1.249613e-002  7.842594e-002  5.647043e-002  1.258478e-001  1.891618e-001  7.859620e-002  3.461236e-001  1.119601e-001  2.275612e-001  5.940867e-002  1.861074e-001  -5.094345e-003  9.174041e-002  1.881394e-001  2.688848e-002  3.192819e-002  1.496031e-002  1.797162e-002  3.510632e-002  4.405855e-002  -7.263603e-002  -1.882323e-001  -3.257078e-001  -6.675541e-002  -3.362809e-001  -4.071009e-001  3.732366e-003  -3.293585e-001  -2.550800e-001  -3.766136e-001  -4.090224e-001  -4.774456e-001  -2.882195e-001  -3.050345e-001  -6.142937e-001  -4.657334e-002  -8.351619e-002  -1.088381e+000  -4.969941e-001  -6.253685e-001  -1.032597e+000  -6.631400e-001  -1.657537e-001  8.662098e-002  -7.285466e-001  
1
2
12 0 12 14 0 -1
15 0 6 14 0 2
haar_x4
-0.197345  151.096039  64
3.676577e-001  -5.874026e-002  3.245762e-002  4.370407e-001  -3.755167e-001  -1.207461e-001  1.923414e-001  2.605729e-001  -9.527735e-003  3.789508e-002  1.024867e-001  1.294697e-001  4.931126e-002  3.140313e-002  -1.163584e-001  -1.252668e-002  -9.011553e-002  1.771442e-001  1.366092e-001  -1.823570e-001  -1.276167e-001  -3.549755e-002  3.421886e-002  -7.938801e-002  -4.467121e-002  -1.534006e-001  -1.391117e-001  -2.549341e-001  -1.963102e-001  -2.762263e-001  -5.543589e-002  -1.026994e-001  -3.093942e-001  -1.661621e-002  -1.324933e-002  2.721547e-002  2.014541e-002  2.500106e-001  3.100462e-001  4.226282e-001  2.511208e-001  4.258295e-001  1.771909e-001  2.838901e-001  3.283690e-001  3.913772e-001  5.332150e-001  -1.175930e-001  3.013109e-001  1.769852e-001  1.253460e-001  3.572806e-001  -1.941409e-001  4.490793e-001  -2.503945e-001  -7.310990e-001  -1.191010e-001  -6.767884e-001  -2.305183e-001  -5.571148e-001  -2.054995e-002  -2.106783e-001  -3.512491e-002  -4.483449e-001  
1
2
4 4 19 3 0 -1
4 5 19 1 0 3
haar_y3
-0.071889  469.085022  64
-1.542451e-001  9.510331e-002  7.671384e-001  -9.007055e-001  -2.019331e-002  6.257120e-001  -1.546422e-002  1.908151e-001  1.469293e-001  9.540871e-002  -5.347175e-002  3.291512e-002  2.622608e-001  1.793530e-001  4.725436e-001  4.200450e-001  3.269082e-001  1.023797e-001  2.298301e-001  3.609186e-001  2.871621e-001  1.978069e-001  4.013666e-001  3.347755e-001  2.068260e-001  2.250360e-001  1.032727e-001  -4.055383e-002  -3.683096e-002  -1.354733e-002  -5.611024e-002  -1.161486e-001  -1.812191e-001  -1.772037e-001  -2.211213e-001  -3.242483e-001  -5.937857e-002  -2.653312e-001  -1.610218e-002  1.263617e-001  1.871843e-001  8.249351e-002  -1.343621e-001  2.194371e-001  -6.577931e-002  6.079218e-002  2.853602e-001  1.000662e-001  4.750682e-002  -3.346035e-001  2.899567e-001  -2.670523e-003  5.373124e-001  -1.110620e-001  -1.461237e-001  -7.774583e-003  -2.682267e-001  -3.860327e-001  -2.003023e-001  8.298875e-002  -1.438339e-001  -3.108641e-001  7.775177e-001  -3.973975e-001  
1
2
10 8 6 9 0 -1
12 8 2 9 0 3
haar_x3
-0.044382  449.803101  64
-3.361916e-002  3.050978e-001  7.524937e-002  1.622780e-001  5.532365e-001  -2.283204e-001  7.822775e-002  1.094234e-001  1.761816e-001  1.193744e-002  6.795254e-002  -6.510070e-002  1.742954e-001  -2.064280e-001  -4.435756e-002  -1.844713e-001  -1.019650e-001  -1.881728e-001  -1.247030e-001  -2.065830e-001  -1.793780e-001  -2.802269e-001  -1.268395e-001  -1.858946e-001  -7.225582e-002  -6.493004e-002  6.227997e-002  -9.513975e-003  -1.396749e-001  9.686887e-002  4.730900e-002  -4.895719e-002  2.607973e-001  2.115213e-001  8.407907e-002  1.174053e-001  2.522052e-001  1.019682e-001  3.818890e-001  3.709991e-001  6.194964e-001  1.977195e-001  7.769235e-001  3.096943e-001  1.897904e-001  2.700069e-001  1.653405e-001  2.009311e-001  7.307827e-002  6.585684e-001  5.312062e-001  1.154814e-001  3.575672e-001  6.595396e-002  2.221985e-001  -5.621991e-001  -1.648842e-001  1.556583e-001  3.510610e-001  -4.656418e-001  1.697382e-001  -2.246200e-001  -3.879535e-001  -7.704399e-001  
1
3
3 7 8 10 0 -1
3 7 4 5 0 2
7 12 4 5 0 2
haar_x2_y2
-0.056354  535.340759  64
-8.203068e-001  -5.246759e-001  -1.344727e-001  -2.375569e-001  -2.267282e-001  -4.879854e-001  -3.067151e-001  3.895925e-002  -3.913837e-001  -8.554924e-002  -4.735225e-001  -2.518166e-001  -1.787414e-001  1.103023e-001  -1.322744e-001  -3.010505e-001  8.827385e-003  -1.335222e-001  6.932379e-002  3.666100e-002  -1.440923e-001  -2.208619e-002  1.005029e-002  -2.268802e-002  -2.089718e-002  2.814992e-001  1.393881e-001  1.383132e-001  1.381732e-001  1.803489e-001  7.334924e-002  6.333922e-002  2.797890e-002  1.947347e-001  5.490531e-002  -5.502102e-002  1.074423e-002  6.738779e-002  -1.222494e-002  1.241648e-002  1.495411e-001  5.730117e-002  -1.563187e-002  5.232288e-002  -1.664090e-001  1.060202e-001  -1.125778e-001  1.649274e-001  1.441901e-001  2.853925e-001  -2.587856e-001  -3.916582e-001  -3.243977e-001  -3.865714e-001  -5.959685e-001  -8.353893e-001  -1.022171e+000  -3.989235e-001  -8.687410e-002  -3.171211e-001  2.442254e-001  -1.320580e+000  -2.278899e-001  -1.009682e+000  
-2.129147 
