10 
0
1
3
1 10 8 14 0 -1
1 10 4 7 0 2
5 17 4 7 0 2
haar_x2_y2
-0.147000  214.571640  64
5.261770e-001  2.772579e-001  -1.231761e-002  3.302103e-002  6.211832e-001  -3.281117e-001  2.569255e-001  1.555932e-001  3.199300e-002  1.067120e-001  3.285170e-001  7.387136e-002  1.672800e-001  3.370657e-001  -6.395502e-002  6.886276e-002  -1.389397e-001  -9.646256e-002  -4.065470e-001  -3.020187e-001  -1.544523e-001  -4.028865e-001  -3.752384e-001  -4.692293e-001  -4.081488e-001  -4.505297e-001  -5.648826e-001  -5.253354e-001  -5.793734e-001  -7.872784e-001  -5.706261e-001  -5.757794e-001  -5.101443e-001  -5.093706e-001  -4.479185e-001  -2.847163e-001  -2.753964e-001  -2.212522e-001  -2.187806e-001  -4.528427e-001  -2.313114e-001  -8.038109e-002  -8.381889e-002  -2.664133e-001  -2.925620e-001  -1.602755e-001  -7.613810e-002  -4.593326e-001  1.111254e-001  -2.993776e-001  3.015516e-001  -1.954343e-002  -1.616120e-001  -1.221583e-001  -4.375800e-002  1.299388e-001  1.338494e-001  4.700531e-001  2.613245e-001  3.762938e-001  4.153318e-001  -2.968732e-002  4.243946e-002  -6.600296e-002  
0
1
2
20 0 4 9 0 -1
17 3 4 3 0 3
tilted_haar_y3
-0.179655  208.876892  64
1.394359e+000  8.883178e-001  6.375512e-001  8.595257e-001  7.270167e-001  6.134452e-001  7.169051e-001  3.339093e-001  4.554748e-001  6.507596e-001  2.312937e-001  3.883895e-001  1.984871e-001  3.114828e-001  1.899163e-001  2.029669e-001  4.070012e-001  1.840370e-001  2.210448e-001  1.266832e-001  1.697071e-001  -2.232187e-001  -1.386746e-001  -1.452203e-001  -1.460685e-001  -1.135822e-001  -2.295516e-001  -2.724479e-001  -1.846539e-001  -2.497565e-001  -2.745715e-001  -9.779958e-002  -1.105967e-001  -1.496059e-001  -1.726670e-001  -1.431806e-001  -2.057381e-001  -4.037310e-002  -2.528715e-001  -4.606062e-002  3.692421e-002  1.047101e-001  7.534771e-002  8.521253e-002  1.525347e-001  3.152072e-001  3.387542e-001  2.605163e-001  1.833161e-001  2.802505e-001  1.057547e-001  2.140173e-001  6.957938e-002  2.551682e-001  1.492772e-001  4.283281e-001  3.389791e-001  3.364065e-001  3.628709e-001  -1.857870e-001  4.370972e-001  3.550756e-001  1.916463e-001  2.810869e-001  
0
1
2
3 6 20 18 0 -1
13 6 10 18 0 2
haar_x2
-0.535852  56.298496  64
6.124402e-001  3.916732e-001  8.455102e-001  1.735422e-001  2.429470e-001  4.674647e-001  4.246060e-001  3.110756e-001  6.276482e-001  1.736503e-001  -2.825451e-001  5.313047e-001  2.352163e-001  2.648968e-001  3.481896e-001  4.370416e-002  5.923933e-002  2.014505e-001  6.245817e-002  2.216445e-002  -7.022040e-002  6.801616e-002  5.051921e-004  -1.182775e-002  -1.404311e-001  -6.684145e-002  -8.009760e-002  -1.027818e-001  -2.347951e-001  -1.117935e-001  -1.404613e-001  -8.351813e-002  -1.707717e-001  -1.748709e-001  -9.088660e-002  -2.212200e-001  -1.552204e-001  7.526280e-002  -1.729368e-001  -1.560350e-001  -1.279813e-001  2.513406e-002  -6.402396e-002  -2.702630e-002  1.123805e-001  -1.639314e-002  9.468988e-002  -2.816579e-002  1.671068e-001  5.335403e-002  1.473676e-001  3.012311e-002  1.585095e-001  4.820630e-002  1.839179e-001  3.677426e-001  4.715884e-001  3.548069e-001  5.422556e-001  4.293331e-001  6.846479e-001  5.811175e-001  8.029928e-001  1.019319e+000  
0
1
2
8 14 9 9 0 -1
8 17 9 3 0 3
haar_y3
-0.156371  217.854446  64
9.258333e-001  3.590549e-001  5.679853e-001  6.937125e-001  4.153165e-001  6.971791e-001  2.040712e-001  1.045411e-001  4.226640e-001  -1.607731e-001  3.494684e-001  2.587391e-001  1.461934e-001  3.431298e-001  1.274655e-001  2.803267e-001  3.662640e-001  2.726666e-001  3.108360e-001  2.129359e-001  3.324041e-001  -9.995101e-003  1.988443e-001  1.381610e-001  9.863569e-002  2.074085e-001  1.655038e-001  2.664307e-001  1.213480e-001  9.506182e-002  2.562617e-002  -3.101183e-002  -5.585474e-002  -3.315436e-001  -4.347695e-001  -2.145244e-001  -1.673322e-001  -2.617119e-001  -2.002953e-002  -9.503388e-002  -8.007693e-002  8.516306e-002  4.128089e-002  -1.853259e-002  3.271996e-001  1.185867e-001  3.321832e-001  1.762850e-001  6.236984e-002  -5.472631e-002  1.157039e-001  -1.030947e-001  2.739159e-001  2.563361e-001  2.996938e-001  2.155568e-002  3.592106e-001  -1.983530e-001  6.118727e-001  1.319618e-001  2.746629e-001  3.698596e-001  4.859151e-001  2.420682e-001  
0
1
2
19 1 4 12 0 -1
16 4 4 6 0 2
tilted_haar_y4
-0.072007  341.322083  64
-3.865203e-001  -3.341662e-001  -6.593762e-001  -2.452008e-001  -3.953870e-001  -4.263944e-001  -5.514154e-001  -2.697479e-001  -1.523972e-001  -3.942699e-001  -1.811312e-001  -1.768114e-001  -3.166747e-001  -1.575549e-001  -2.592558e-001  -1.613967e-001  -2.476245e-001  1.432253e-001  -1.767016e-001  6.141545e-002  -2.161828e-002  5.507752e-002  7.647742e-002  1.340144e-001  1.741209e-001  2.011654e-001  1.701523e-001  1.134046e-001  3.296820e-001  2.405679e-001  1.929061e-001  -3.768574e-002  6.434215e-002  2.053719e-001  1.810511e-001  2.706214e-002  1.358050e-001  1.191242e-001  9.422051e-002  2.993754e-002  2.905891e-001  -5.473007e-002  2.601148e-002  -5.253635e-002  9.147204e-002  1.673505e-002  -2.738029e-002  7.861412e-002  8.862995e-002  -2.713402e-001  -8.509938e-002  4.723164e-003  -3.865083e-002  -6.474402e-002  -1.928053e-001  -2.687528e-001  -5.436744e-002  -2.173337e-002  -4.322815e-001  -2.395663e-001  -7.450341e-001  -2.165260e-001  -5.702986e-001  -1.300904e+000  
0
1
3
7 11 10 12 0 -1
7 11 5 6 0 2
12 17 5 6 0 2
haar_x2_y2
-0.073827  410.860657  64
-3.684593e-001  -2.186916e-002  -5.318297e-001  -1.248712e-001  -4.592793e-001  -2.504649e-001  -2.553119e-001  -2.680241e-001  -3.089975e-001  -4.108859e-001  -1.783419e-001  -3.744799e-002  -1.165722e-001  -1.186516e-001  -3.258056e-001  -1.080264e-001  -3.815532e-001  -1.463364e-001  -5.478550e-002  -1.448435e-001  -4.922888e-002  -2.229819e-001  -1.774402e-001  -2.411615e-002  7.924356e-002  -3.631527e-002  1.466631e-001  1.315233e-001  1.499002e-001  2.042691e-001  2.113545e-001  1.127356e-001  1.531892e-001  2.480175e-001  2.415725e-001  2.116023e-001  8.839291e-002  1.369134e-001  1.262606e-001  -3.979205e-002  1.196045e-001  -8.029237e-002  -1.078006e-001  -1.479393e-001  6.926920e-002  -1.613892e-001  7.773293e-002  -3.963051e-001  5.388941e-002  -1.935489e-001  -4.135802e-001  -3.363797e-001  -4.392487e-001  -3.923732e-001  -2.254684e-001  -2.867225e-001  -6.334748e-002  -3.049763e-001  -5.214729e-001  -2.725883e-001  -1.988181e-001  -6.479288e-001  -6.938446e-001  -8.684807e-001  
0
1
2
8 0 9 8 0 -1
8 4 9 4 0 2
haar_y2
-0.131597  224.377075  64
-4.183524e-001  -3.042126e-001  -5.741485e-001  -1.095535e-001  -5.211828e-002  -1.682476e-001  1.427307e-001  -3.525432e-002  -2.415764e-004  4.527675e-002  8.324501e-002  8.437617e-002  1.594904e-001  1.572391e-001  5.242689e-001  1.360616e-001  3.585408e-001  2.957736e-001  1.261536e-001  2.306792e-002  1.489302e-001  1.952995e-001  1.361931e-001  2.160000e-001  1.281198e-001  -4.268803e-002  -3.507730e-003  -1.442812e-002  -2.038688e-001  -2.096871e-001  -7.200351e-002  -3.152959e-001  -2.379615e-001  -2.738478e-001  -4.221492e-001  -1.531695e-001  -2.467176e-001  -1.464055e-001  -1.627930e-001  -1.385861e-001  9.954303e-003  -1.093687e-001  2.415675e-002  -9.273250e-002  1.182955e-001  4.519018e-002  1.264240e-001  8.615702e-002  2.422334e-001  1.004094e-001  2.775357e-001  5.010943e-001  -1.254754e-001  5.176406e-001  2.360417e-001  4.236122e-001  1.968525e-001  5.490272e-001  2.408591e-001  3.435045e-001  4.179106e-001  9.768837e-002  3.157859e-001  5.660766e-001  
0
1
2
13 2 6 15 0 -1
13 7 6 5 0 3
haar_y3
-0.153730  196.774750  64
4.696276e-001  1.814862e-001  6.948169e-001  6.209359e-001  2.802784e-001  3.410861e-001  -1.605807e-002  9.655974e-002  7.216182e-002  2.605726e-001  4.691252e-002  1.173194e-001  5.110438e-001  2.831860e-001  3.598571e-001  2.712150e-001  1.922447e-001  1.615165e-002  1.083797e-001  2.261095e-001  -2.570874e-002  -4.263226e-003  2.609740e-001  5.066774e-002  7.579722e-002  -1.157789e-001  -1.292562e-001  -1.552082e-001  -2.185081e-001  -2.393511e-001  -1.873346e-001  -3.727381e-001  -3.493023e-001  -2.403618e-001  -1.322354e-001  -3.624772e-002  -3.848349e-002  9.087975e-003  -1.350085e-002  7.732994e-002  -1.638775e-002  1.108632e-001  1.517379e-001  1.653580e-001  1.398528e-001  3.191052e-002  1.426450e-001  3.885463e-001  1.512544e-002  2.323593e-001  1.871582e-001  3.548289e-001  2.378012e-001  3.478628e-001  3.265081e-001  1.597991e-001  1.487125e-001  -9.484340e-004  2.903804e-002  1.878832e-001  8.171933e-001  8.823691e-002  2.405584e-001  2.795440e-001  
0
1
2
0 14 24 9 0 -1
6 14 12 9 0 2
haar_x4
-0.421882  75.935226  64
3.433601e-001  8.582575e-001  8.824185e-001  5.689529e-001  2.365318e-001  1.715456e-003  3.513998e-001  -3.062881e-002  2.537228e-001  -2.256045e-001  -2.532358e-001  -1.553892e-001  8.713754e-002  -3.232006e-001  -2.859781e-001  5.176331e-002  -1.672428e-001  -3.509585e-001  -2.151346e-001  6.422464e-002  -4.981980e-002  -2.032683e-001  -1.384422e-001  -1.151391e-001  -9.209994e-002  -9.380374e-003  -1.264640e-001  -1.119121e-001  -9.283866e-002  -4.877313e-002  -4.180723e-002  -6.744606e-002  -1.194679e-001  6.979539e-002  1.925139e-001  1.680768e-001  -5.158584e-002  5.416916e-002  6.550503e-002  -1.839554e-001  -1.356415e-001  -1.098107e-001  -1.787034e-002  -1.005786e-001  2.322401e-001  2.012644e-001  3.600180e-001  2.762043e-001  -5.733173e-002  -4.717504e-002  5.630021e-001  7.415161e-002  3.908204e-001  3.130021e-001  4.153261e-001  9.498902e-002  -5.538739e-001  6.842831e-001  5.786051e-001  1.399683e-001  3.685782e-002  7.164491e-001  3.010088e-001  3.502638e-001  
0
1
2
10 0 4 18 0 -1
10 9 4 9 0 2
haar_y2
-0.095712  320.844299  64
-2.666519e-001  1.047130e-001  7.224918e-003  8.099905e-002  -2.815310e-001  -1.925392e-001  -1.490862e-001  -1.163485e-001  1.481047e-001  3.810517e-002  -2.595106e-001  -1.330226e-001  -5.271500e-003  -5.524414e-002  1.030583e-001  3.260596e-002  2.346663e-003  4.704953e-002  1.687542e-001  2.075805e-001  -3.267299e-002  2.496303e-001  1.652189e-001  2.185110e-001  2.670461e-001  8.748046e-002  2.440399e-001  1.201673e-001  4.369127e-002  1.105717e-001  -1.127198e-001  -6.697238e-002  -2.568411e-001  -1.832768e-001  -2.670188e-001  -1.507797e-001  -2.350670e-001  -3.128226e-001  -1.632688e-001  -1.333117e-001  -2.623714e-001  -3.442594e-001  -1.509113e-001  -2.453179e-001  -1.180898e-001  -2.076864e-001  -6.240478e-002  -1.049796e-001  1.270600e-001  4.343325e-002  1.125779e-001  1.872444e-001  1.714092e-001  5.219601e-001  -1.006065e-001  2.437166e-001  3.274918e-001  1.102592e-001  8.219858e-002  3.795374e-001  1.672020e-001  6.524975e-001  3.224145e-001  6.776661e-001  
-1.954962 
