16 
0
1
2
4 1 11 4 0 -1
4 1 11 2 0 2
tilted_haar_y2
-0.073326  432.396393  64
-8.256844e-001  -4.701408e-001  -9.865969e-002  -7.979499e-001  -6.679075e-001  -1.554189e+000  -9.275711e-001  -6.048449e-001  -3.348801e-001  -9.821830e-001  -6.956961e-001  -6.858810e-001  -3.622465e-001  -4.663571e-001  -6.019292e-001  -4.829004e-001  -2.999327e-001  -4.647450e-001  -7.876455e-001  -4.972382e-001  -3.459044e-001  -6.226542e-001  -6.441766e-001  -2.474901e-001  -4.075660e-001  -5.562462e-001  -1.679102e-001  -3.528770e-001  -4.893432e-001  -4.012990e-001  -3.030512e-001  -3.851183e-001  -4.247708e-001  -2.614136e-001  -2.513584e-001  -3.091791e-001  -3.515335e-001  -3.595967e-001  -2.697754e-001  -3.667560e-001  -3.357200e-001  -2.256571e-001  -3.018254e-001  -1.567691e-001  2.108473e-003  -2.154650e-001  -3.075272e-001  -3.993637e-001  -8.238869e-002  -2.113002e-001  -2.809364e-001  -4.702862e-001  -5.518464e-001  -2.951552e-001  -3.668458e-001  -4.331776e-001  -7.022978e-001  -6.338990e-001  -9.015951e-001  -1.163137e+000  -9.735533e-001  -1.387332e+000  -9.810010e-001  -1.575930e+000  
0
1
2
2 1 6 15 0 -1
5 1 3 15 0 2
haar_x2
-0.109917  261.549652  64
6.730198e-001  7.910466e-003  2.776958e-001  -1.017896e-001  3.767504e-001  4.650110e-001  1.902833e-001  3.501941e-001  3.219297e-001  4.028957e-001  1.545579e-001  -1.387496e-001  2.764879e-001  1.942836e-001  1.399059e-001  -6.157225e-002  2.268862e-001  -2.802683e-002  -1.776846e-001  -1.407378e-001  -1.654322e-001  3.262107e-003  -2.721289e-001  -7.231691e-002  -1.955047e-001  -2.123976e-001  -5.162694e-002  -2.627831e-001  -3.318675e-001  -2.104302e-001  -1.509768e-001  -2.486827e-001  -4.053890e-002  -3.866795e-002  -1.390777e-001  2.152679e-001  5.137481e-002  8.848590e-002  9.893782e-002  8.061285e-002  1.549540e-001  4.506807e-001  4.746138e-001  3.893774e-001  2.921936e-001  9.742577e-002  2.381515e-001  3.918687e-001  3.775567e-001  2.090448e-001  -3.710913e-001  3.750155e-001  1.069831e-003  2.006792e-001  -5.044932e-002  6.592838e-001  2.139843e-001  5.964191e-001  1.404600e-001  4.850378e-001  -7.542208e-002  5.578182e-001  4.377713e-001  5.141141e-001  
0
1
2
8 8 6 15 0 -1
10 8 2 15 0 3
haar_x3
-0.076435  388.559204  64
-3.440862e-001  3.256330e-001  -4.352106e-001  -1.089602e-001  3.884204e-001  1.176216e-001  7.588118e-001  2.160735e-001  2.999792e-001  3.321187e-001  2.663311e-001  3.393453e-001  -1.028695e-001  3.280927e-001  1.152291e-001  4.145580e-001  2.050340e-001  4.988564e-001  3.188947e-001  1.893315e-001  2.775371e-001  1.310425e-001  -3.843586e-002  -3.285803e-002  2.148505e-002  -1.840791e-001  9.251007e-002  -1.461945e-001  -1.453645e-001  -1.629423e-001  -1.986530e-001  -3.076777e-001  5.937702e-002  -5.857971e-002  -3.767892e-001  -1.452375e-001  -7.110537e-002  -1.083951e-001  -6.937819e-002  -8.029909e-002  1.030177e-001  9.161786e-002  1.719778e-001  -5.937675e-003  -2.628769e-001  1.557745e-002  1.899924e-001  1.140403e-001  2.259306e-002  -2.146587e-001  1.364159e-001  5.392189e-002  -1.152678e-001  -7.436602e-002  -2.811814e-001  -3.479146e-001  1.254483e-001  -5.247312e-002  2.878391e-001  1.529831e-002  -7.731999e-001  -1.498593e-001  -6.437531e-002  -5.580124e-001  
0
1
2
19 4 5 6 0 -1
17 6 5 2 0 3
tilted_haar_y3
-0.089512  371.082794  64
-8.364104e-001  -1.189335e+000  -1.681593e-001  -5.407475e-001  9.773872e-002  3.383972e-001  -2.089922e-001  -1.202858e-001  7.287012e-002  2.301931e-002  9.338758e-002  -1.717426e-002  1.721748e-001  1.240464e-001  2.334115e-001  -1.403649e-002  1.158035e-001  -8.003380e-003  1.130775e-001  1.164051e-001  7.371829e-003  -1.757610e-001  1.847939e-001  -7.343716e-002  -4.995566e-002  -1.306412e-002  -6.073393e-002  -3.146024e-002  -2.289197e-001  -2.411121e-001  -5.535978e-002  -2.454107e-001  -9.542558e-002  1.341814e-002  -2.523734e-001  -5.998044e-002  -1.199571e-001  5.479806e-002  6.010275e-002  6.294343e-002  1.031781e-001  1.423705e-001  2.702502e-001  2.892679e-001  -2.519151e-002  2.743617e-001  1.884933e-001  3.541908e-001  5.231586e-001  3.584279e-001  -1.249212e-001  3.443173e-001  4.003434e-001  -2.525480e-002  6.387132e-001  4.291716e-001  4.137463e-001  -8.167798e-002  -4.255717e-002  -7.253190e-002  7.256606e-001  7.733383e-001  -3.111260e-001  -2.760831e-001  
0
1
2
3 9 17 15 0 -1
3 14 17 5 0 3
haar_y3
-0.312709  112.373665  64
-1.886652e-001  -1.373318e-001  4.738188e-001  -3.313187e-002  -3.625777e-001  1.673012e-001  1.849535e-002  8.343860e-002  1.482383e-001  2.527314e-001  7.803244e-002  -2.735852e-001  1.020847e-001  -2.451127e-001  -2.601400e-001  -3.227069e-001  2.197395e-001  -2.192364e-001  -1.561591e-001  -8.690374e-002  9.188809e-002  -6.035607e-002  -1.715092e-001  -6.746192e-002  1.214661e-001  -2.432262e-001  -9.588636e-002  -1.575909e-001  6.076336e-002  9.250036e-002  -1.218311e-002  2.286001e-001  1.810955e-001  -2.988359e-002  1.477536e-001  6.734364e-004  2.005029e-001  2.103880e-001  2.232333e-001  2.645431e-001  2.341525e-001  7.415758e-003  1.253518e-001  -3.486288e-002  -5.478284e-002  1.756004e-002  4.084588e-002  -2.269839e-001  -2.084433e-001  8.725274e-002  -2.686710e-001  -5.252685e-001  -2.957631e-001  -3.003123e-001  -5.977561e-001  -5.792027e-001  -1.171690e+000  -2.175957e-001  -3.222978e-001  -3.169338e-001  -4.676040e-001  -8.448317e-001  -6.960710e-001  -1.225794e+000  
0
1
2
8 5 15 6 0 -1
13 5 5 6 0 3
haar_x3
-0.129589  256.388672  64
-2.061339e-001  2.013107e-001  -1.169832e-001  9.794956e-002  -9.617682e-002  -5.710607e-001  1.690374e-001  -3.739892e-001  1.027311e-001  -2.220681e-001  1.528102e-001  2.585049e-001  -1.629418e-001  -9.238855e-003  2.225406e-001  -4.750118e-002  6.858233e-002  2.008969e-001  -3.923484e-002  2.733790e-003  4.000239e-002  2.084925e-001  8.089478e-002  1.403431e-001  1.635089e-001  -5.126564e-002  1.425125e-001  -1.028801e-002  1.028777e-001  3.787176e-002  1.028839e-001  8.855746e-002  1.828605e-002  9.392017e-002  1.924679e-001  2.318151e-002  5.812550e-002  1.016281e-001  -8.688807e-002  -1.942670e-001  -1.347219e-002  1.748472e-001  -1.740803e-001  -1.351115e-001  -1.599876e-001  -2.072638e-001  -4.299878e-001  -2.052368e-001  -2.580203e-001  3.841475e-002  -2.815984e-001  -5.606052e-001  -6.869471e-002  -8.777750e-001  -6.327806e-001  -5.451598e-001  -1.088917e-001  -5.556294e-001  -2.894586e-001  -1.180030e+000  -6.787295e-001  -5.257598e-001  -5.873278e-001  -1.652350e+000  
0
1
2
10 5 9 10 0 -1
13 5 3 10 0 3
haar_x3
-0.102920  238.813507  64
1.481253e-001  7.318739e-001  -9.145656e-002  7.420822e-001  5.324963e-001  9.015357e-001  3.503981e-001  3.827647e-001  1.115345e-001  1.106085e-001  -1.545946e-002  2.235894e-001  -1.647442e-002  -6.951933e-003  -3.050303e-002  2.050880e-001  -1.120982e-002  -7.468005e-002  1.830201e-001  1.794616e-001  2.610117e-003  -2.762319e-002  -1.161605e-001  -2.089054e-001  6.909803e-002  -1.661953e-001  -2.591102e-001  -2.598280e-001  -1.542276e-001  -1.630074e-001  -1.225798e-001  -7.847683e-002  -6.631695e-002  -4.650727e-002  -1.797074e-001  1.311317e-001  -1.331715e-001  3.187910e-002  1.783215e-001  2.124479e-002  -7.354724e-002  -1.975529e-001  -8.307908e-002  1.839351e-001  2.436299e-002  1.418567e-001  -7.148339e-003  3.959052e-001  1.679096e-002  4.549766e-001  4.827427e-001  2.197636e-001  7.296102e-001  8.095851e-001  6.417209e-001  8.623419e-001  8.258801e-001  3.054544e-001  3.547048e-001  8.464882e-001  5.990661e-001  6.642542e-001  -9.033317e-002  9.575108e-001  
0
1
2
5 1 15 18 0 -1
10 7 5 6 0 9
haar_point
-0.150500  66.408714  64
5.367610e-001  -1.680538e-001  1.069372e-001  2.195589e-001  3.826014e-001  -4.948372e-002  -2.041519e-001  1.261748e-001  1.500915e-003  -6.598225e-002  -2.127482e-001  -4.483783e-002  -5.199763e-003  -2.854732e-001  1.039338e-002  -1.536656e-001  2.822642e-003  -5.131920e-002  -1.205201e-001  -3.161718e-002  2.091403e-001  1.190447e-001  2.004841e-002  -4.089195e-002  -2.044120e-001  -5.161538e-002  -2.047121e-001  -8.872279e-002  -2.405956e-001  -1.396244e-001  -5.242089e-002  8.570937e-003  8.628599e-002  -2.274123e-002  -1.470239e-001  4.965938e-002  3.594773e-002  1.017557e-001  1.766680e-001  2.904971e-001  2.616208e-001  2.569406e-002  3.382915e-001  1.697050e-001  1.717190e-001  2.744286e-001  4.360992e-001  2.966491e-001  5.235476e-001  4.705951e-001  8.006036e-001  5.014595e-001  1.007760e+000  4.064707e-001  7.487798e-002  9.412006e-001  5.932751e-001  4.496500e-001  1.131473e+000  5.119904e-001  5.167537e-001  4.106013e-001  1.158816e-001  1.263480e+000  
0
1
2
8 3 9 6 0 -1
8 6 9 3 0 2
haar_y2
-0.042332  484.267365  64
-3.992667e-001  1.021702e-001  -1.169515e-001  -1.210492e-001  -2.176597e-001  -3.047833e-001  -4.631045e-001  -4.362192e-002  -1.665137e-001  -1.919986e-001  -3.782445e-001  -2.967539e-001  -2.479394e-001  -1.386055e-001  -2.533223e-001  -1.818352e-001  5.461892e-002  2.452055e-002  7.593825e-002  7.458053e-002  8.316169e-002  2.673143e-002  1.803170e-001  4.038763e-001  2.515565e-001  3.022392e-001  1.547335e-001  1.299792e-001  2.451295e-001  2.325867e-002  1.024844e-001  1.033069e-001  3.872613e-002  -2.389293e-002  -1.253414e-002  4.991248e-002  -8.729749e-002  -9.274562e-002  -9.217279e-002  -4.839891e-002  -1.220413e-001  -2.895329e-001  -3.846336e-001  -3.680751e-001  -2.649224e-001  -7.806212e-002  -1.788803e-001  -1.114892e-001  -1.761124e-001  -6.659538e-001  -2.176764e-001  9.039787e-002  -1.404467e-001  -8.096370e-001  -3.283359e-001  -2.568141e-001  -5.565463e-001  -5.002931e-001  -1.349734e-001  -7.244551e-001  -2.452137e-001  -2.070081e-001  -2.371773e-001  -5.315540e-001  
0
1
2
18 12 6 9 0 -1
21 12 3 9 0 2
haar_x2
-0.139109  241.522430  64
-9.774975e-002  -1.331855e-001  4.348606e-001  -1.174168e-001  4.989072e-001  2.902835e-001  -3.023816e-002  -6.949509e-002  3.747012e-001  3.279972e-001  -1.677547e-001  3.676717e-001  7.626521e-001  3.783898e-001  2.134674e-002  5.943397e-002  3.124320e-001  1.597415e-001  2.034384e-001  2.011689e-001  8.490728e-002  2.014425e-001  2.856283e-001  3.825471e-002  3.067934e-001  8.244180e-002  8.590389e-003  -2.853691e-002  -2.262681e-002  5.628555e-003  3.820270e-002  -1.074771e-001  -2.588804e-001  -1.151328e-001  -1.715678e-001  -3.039831e-001  -2.080343e-001  -1.944615e-001  -2.133845e-001  -1.339216e-001  8.922203e-002  3.940373e-002  9.573853e-002  1.215308e-002  1.630398e-001  -9.200035e-002  -1.231646e-001  2.498238e-001  1.156766e-001  -3.669734e-001  -1.098674e-002  -3.719601e-003  2.701567e-002  2.078597e-001  1.149330e-001  -2.344192e-001  5.073434e-001  8.447770e-001  7.673597e-001  3.591197e-001  1.075891e+000  -2.171852e-001  1.780622e-001  3.339042e-002  
0
1
2
2 4 16 7 0 -1
6 4 8 7 0 2
haar_x4
-0.074717  358.811676  64
-5.840939e-001  1.955744e-002  -7.652887e-001  3.403002e-002  -2.436469e-001  1.723659e-001  -3.751703e-001  -1.960260e-001  -3.732142e-002  -2.464744e-001  2.859342e-002  -9.844831e-002  -8.787391e-003  -2.074954e-001  -3.069414e-002  -8.847632e-002  -1.353721e-001  2.868033e-002  4.064919e-003  -3.259858e-002  -3.333540e-002  1.068847e-001  2.828817e-002  1.055308e-001  2.170241e-001  1.101286e-001  5.422157e-002  2.418114e-001  1.158668e-001  1.418265e-001  5.570795e-002  2.246301e-001  2.050864e-001  1.898650e-001  -5.013822e-002  2.090923e-001  9.431864e-002  3.070300e-002  1.366618e-001  6.681354e-002  -1.435705e-001  9.188239e-002  -1.736303e-001  2.705164e-002  -2.314661e-001  -3.515856e-001  -3.658022e-001  -4.425060e-001  -2.601500e-001  -3.640791e-001  -2.329174e-001  -3.668934e-001  -6.078357e-001  -2.976031e-001  -5.337782e-001  -5.371124e-002  -3.990761e-001  -5.688131e-001  -9.948326e-002  -5.493954e-001  -9.470569e-001  -8.481331e-001  -8.205899e-001  -1.210090e+000  
0
1
2
13 7 8 7 0 -1
17 7 4 7 0 2
haar_x2
-0.051789  549.098022  64
-6.280513e-001  -3.930859e-001  -2.656182e-001  -8.958207e-001  -3.242199e-001  -7.035488e-001  -5.145956e-001  -3.661853e-001  -2.059228e-001  -2.056976e-001  -6.479998e-001  -7.466548e-002  -2.735738e-002  1.089756e-001  -1.364674e-001  -1.589106e-001  3.343458e-002  -1.715598e-001  -7.487193e-002  1.092418e-001  1.637353e-001  3.273438e-002  -1.255200e-001  -7.158553e-002  -9.489579e-002  -1.036824e-001  -7.730956e-002  3.239511e-002  -6.094524e-002  1.780493e-001  -4.621550e-002  5.747043e-002  1.008405e-001  1.758756e-001  1.439220e-001  2.128736e-001  1.011046e-001  1.571710e-001  2.024305e-001  1.098799e-001  1.260331e-002  1.318565e-001  2.017923e-001  -4.071315e-003  1.915951e-001  1.570258e-001  -1.723262e-001  1.820381e-002  8.910000e-002  -4.075218e-001  -1.148032e-001  -2.472681e-001  -5.198003e-001  -5.605173e-001  -3.329188e-001  -2.898334e-001  -7.485766e-002  -3.967161e-001  -3.860287e-003  -7.035292e-001  -9.033789e-004  -4.224420e-001  -9.260092e-001  -9.486923e-001  
0
1
2
16 2 5 4 0 -1
16 2 5 2 0 2
tilted_haar_y2
-0.068495  562.718323  64
5.322535e-001  2.483010e-002  1.282715e+000  3.489736e-001  7.150822e-001  2.157172e-001  4.138681e-001  2.055948e-001  4.133016e-001  3.135551e-001  2.312351e-001  9.671627e-004  7.832938e-002  1.991421e-001  -7.207314e-002  -9.665611e-002  -3.044415e-001  7.494428e-002  7.594205e-002  -1.029326e-001  -4.145914e-002  -1.383606e-001  -1.615683e-001  -6.212826e-002  1.591556e-002  7.412396e-002  -1.325914e-001  -2.230526e-001  -1.160934e-001  -1.454531e-001  -1.394969e-001  6.232780e-002  -2.524262e-001  -1.140016e-001  -1.580920e-002  -8.880857e-002  -8.817502e-002  -1.528038e-002  4.450069e-003  6.113202e-002  1.532615e-001  4.476777e-002  9.402893e-002  5.005082e-002  2.503569e-001  4.094706e-001  9.217166e-002  6.682137e-002  2.866482e-001  1.923014e-001  2.217289e-001  1.650265e-001  2.468273e-001  -3.419804e-001  5.256109e-003  -1.370868e-001  1.341521e-004  -4.042459e-001  -6.833559e-001  -3.285267e-001  -6.186624e-001  -8.191748e-001  -3.756269e-001  -1.387135e+000  
0
1
2
8 15 9 9 0 -1
8 18 9 3 0 3
haar_y3
-0.156858  207.252304  64
5.592519e-001  1.788695e-001  8.449483e-002  4.669091e-001  5.273582e-001  7.475764e-001  6.478505e-001  1.447956e-001  4.700366e-001  2.118307e-001  2.926135e-001  5.365972e-001  2.497370e-001  2.961563e-001  3.461110e-001  3.117633e-001  3.325345e-001  2.487609e-001  -4.864731e-002  2.091367e-001  2.877833e-001  2.899331e-001  1.266038e-001  -1.452533e-001  -6.798127e-002  1.621805e-001  4.432689e-002  -1.519530e-001  -1.482118e-001  -1.073316e-001  -1.697575e-001  -2.577532e-001  -2.584665e-001  -1.368852e-001  -1.777509e-002  -6.452526e-002  -1.209674e-001  -2.433688e-002  -9.185002e-002  8.938889e-002  -1.567821e-002  1.173891e-001  2.180151e-001  1.062220e-001  -1.962615e-001  3.022104e-001  -2.338239e-002  -2.590201e-003  -1.542000e-001  2.160112e-002  3.347760e-001  -1.551651e-001  -9.489885e-002  -4.421313e-001  5.503225e-001  -2.874699e-001  2.450245e-001  4.887293e-001  4.120674e-001  -9.603346e-003  -6.251950e-001  -6.212312e-001  -5.008738e-001  7.917598e-001  
0
1
2
1 15 9 9 0 -1
1 18 9 3 0 3
haar_y3
-0.101197  256.082153  64
-1.063323e+000  -5.145788e-001  -1.186406e+000  -4.154556e-001  -6.665288e-001  -1.856517e-001  -6.607858e-001  -5.790209e-001  -5.666950e-001  -3.481888e-001  3.021138e-002  -1.971871e-001  -1.845583e-001  -3.355334e-001  -1.931669e-001  -1.062644e-001  -8.837328e-002  -9.072221e-002  -8.517761e-002  1.572447e-001  7.826833e-002  3.396781e-002  1.819202e-001  1.514361e-001  1.880941e-001  -5.419672e-003  -2.357033e-002  1.172484e-001  1.623198e-002  1.986381e-001  1.533681e-001  5.329970e-002  1.160468e-001  4.785685e-002  1.493154e-001  4.133292e-002  4.079320e-002  1.340987e-001  6.087526e-003  -2.778373e-001  2.176779e-001  -3.503642e-001  -2.101598e-001  -1.102775e-001  -1.549585e-001  -4.928039e-002  -1.286910e-001  -3.235255e-001  -3.200026e-001  -1.362530e-002  -2.692217e-001  -4.888679e-001  -3.089416e-003  -1.035212e-001  -2.678844e-001  -1.987986e-001  -6.302654e-001  2.710785e-001  -7.059606e-001  -6.534911e-001  5.014145e-001  -5.175377e-001  -6.324762e-001  6.912247e-002  
0
1
2
11 0 7 6 0 -1
9 2 7 2 0 3
tilted_haar_y3
-0.083026  272.505005  64
2.302523e-003  -8.555353e-002  -2.043738e-001  5.042138e-003  1.366147e-001  1.294716e-001  6.692685e-002  -2.094424e-001  2.187752e-001  3.594719e-001  5.899842e-002  1.083693e-001  1.569799e-001  1.128905e-001  8.160745e-003  -1.456968e-001  -7.279893e-003  7.947461e-002  1.573611e-001  6.657203e-002  1.143342e-002  -2.956771e-003  -2.413464e-002  -2.232746e-001  -1.136276e-001  -2.624838e-001  -1.670324e-001  -3.769816e-001  -1.620101e-001  -2.603471e-001  -1.097836e-001  -1.073273e-001  -1.102435e-001  -3.140541e-002  -2.076824e-001  6.605498e-002  1.627081e-002  -6.323221e-002  1.920726e-001  2.282033e-001  3.467809e-001  4.667402e-001  2.387257e-001  1.947446e-001  1.411273e-001  4.540478e-001  4.126598e-001  3.315083e-001  6.403604e-001  3.590794e-001  5.905185e-001  -2.196145e-002  9.830709e-003  -2.112800e-001  -1.451242e-003  7.174543e-001  3.429436e-001  1.792195e-001  -7.746762e-001  -5.424281e-001  2.485599e-001  3.739330e-001  -4.083927e-002  7.734338e-001  
-2.043303 
