8 
0
1
2
8 7 9 4 0 -1
7 8 9 2 0 2
tilted_haar_y4
-0.036226  769.147034  64
-1.204697e+000  -5.632417e-001  -8.446161e-001  -8.079486e-001  -7.020755e-001  -3.338224e-001  -2.202900e-001  -6.228308e-001  -3.266926e-001  -1.788449e-001  -3.545371e-001  -3.485225e-001  -2.423919e-001  3.708819e-003  -2.380382e-002  -2.337761e-001  -2.182977e-001  -2.347459e-002  -3.611289e-001  -1.947780e-001  -2.401355e-001  -1.983422e-001  -2.482242e-001  -1.225645e-001  -2.056990e-001  -2.860601e-001  -3.818200e-001  -4.084592e-001  -5.141417e-001  -3.110951e-001  -4.452020e-001  -5.585712e-001  -5.386968e-001  -5.663592e-001  -4.823567e-001  -7.010313e-001  -5.778133e-001  -4.070418e-001  -4.300877e-001  -9.838625e-001  -7.882001e-001  -6.436706e-001  -7.917990e-001  -1.484273e+000  -9.408459e-001  -7.875857e-001  -6.444392e-001  -7.937552e-001  -9.810512e-001  -9.596120e-001  -1.105025e+000  -1.430266e+000  -1.112230e+000  -1.245524e+000  -1.527896e+000  -1.192510e+000  -9.199513e-001  -1.039135e+000  -6.932582e-001  -8.744376e-001  -8.046578e-001  -8.536319e-001  -6.408598e-001  -1.512931e+000  
0
1
2
21 0 2 15 0 -1
16 5 2 5 0 3
tilted_haar_y3
-0.070857  310.289215  64
-9.404237e-001  -8.440225e-001  -3.316914e-001  -4.836964e-001  -3.415380e-001  -3.601709e-001  -9.294958e-002  -4.251454e-001  -5.262926e-001  -3.428163e-001  -5.988116e-001  -4.009367e-001  -2.949395e-001  -2.756101e-001  -5.784807e-001  -2.165329e-001  -1.107670e-001  -2.224538e-001  -1.766173e-001  -1.161894e-001  6.748868e-002  -1.358110e-001  -9.531298e-002  4.496742e-002  1.241043e-001  2.650171e-001  2.500882e-001  3.642731e-001  1.478658e-001  2.244137e-001  7.870863e-003  2.323928e-001  1.475361e-001  3.332088e-001  2.581698e-001  5.401916e-002  1.826010e-001  2.655136e-001  1.287391e-002  -2.018096e-001  2.416072e-001  1.692781e-001  -4.236738e-002  1.567696e-001  -2.353272e-001  2.668939e-002  -4.918626e-002  -1.797148e-001  -3.522477e-001  -1.421557e-001  -6.346367e-003  -2.344657e-001  -1.010509e-001  -5.453925e-001  -4.520837e-001  -1.153428e-001  -9.623151e-002  4.155791e-002  -1.505725e-001  -8.908544e-001  -9.821609e-002  -5.655258e-001  -7.672862e-001  -1.441670e+000  
0
1
2
6 14 14 6 0 -1
6 16 14 2 0 3
haar_y3
-0.105957  265.528839  64
3.292835e-001  -1.844885e-001  -5.988683e-002  1.133904e-001  -2.128983e-001  -1.138164e-003  -1.554490e-001  1.212429e-001  -1.606581e-001  1.229270e-001  6.745821e-001  -1.486130e-001  1.444770e-001  2.263749e-001  -7.339139e-004  2.429380e-001  4.531663e-001  1.900568e-001  1.492216e-001  3.862473e-002  4.318138e-002  1.690252e-001  6.905852e-002  8.594315e-003  -1.485244e-002  -1.956109e-001  -3.324924e-001  -2.893871e-001  -3.606243e-001  -3.353716e-001  -1.986377e-001  -2.088727e-001  -1.041795e-001  -9.530743e-003  1.740878e-001  7.136943e-002  3.237474e-001  1.439148e-001  1.185152e-001  2.274005e-001  4.515859e-001  4.254826e-001  5.394716e-001  9.892270e-002  3.534416e-001  1.900262e-001  4.031751e-001  7.871534e-001  7.526740e-003  6.125309e-001  1.075030e+000  4.796985e-001  8.629948e-002  9.214084e-001  8.629414e-001  6.724024e-001  5.000515e-001  5.099213e-001  3.973374e-001  9.129184e-001  9.593642e-001  9.276168e-001  6.584392e-001  4.571590e-001  
0
1
2
4 8 12 6 0 -1
10 8 6 6 0 2
haar_x2
-0.093607  283.833282  64
1.095155e+000  6.161814e-001  9.318305e-001  7.917335e-001  7.399946e-001  3.190660e-001  1.712294e-001  3.108878e-001  1.925761e-001  -3.662892e-001  -1.438570e-002  2.053858e-001  1.260406e-001  -1.787052e-001  -5.737568e-002  -1.591502e-002  1.000348e-001  -1.318722e-001  -1.913309e-001  -1.991621e-001  -1.773005e-001  1.311344e-001  -1.816993e-001  -1.161552e-002  -1.386366e-001  -2.265109e-001  -4.264406e-001  -1.416921e-001  -3.626777e-001  -2.600896e-001  -2.837273e-001  -2.207440e-001  -1.298358e-001  -5.368599e-002  3.222637e-002  -1.611002e-002  -9.836972e-002  1.107553e-001  -1.327319e-001  -1.580497e-001  -6.870791e-002  1.342302e-001  1.354566e-001  3.329642e-001  1.737236e-001  4.399323e-001  2.136879e-002  3.915875e-001  3.924090e-001  3.686391e-001  4.230481e-001  4.057025e-001  4.976615e-001  2.436037e-001  9.307169e-002  3.799428e-001  -1.389861e-001  2.600285e-001  -2.739367e-001  -6.327873e-001  -3.402854e-001  -9.207382e-001  -7.329907e-001  -1.069670e+000  
0
1
2
4 2 7 8 0 -1
4 6 7 4 0 2
haar_y2
-0.091074  316.208160  64
6.506933e-001  7.239958e-001  5.871476e-001  3.251973e-001  9.406914e-001  4.241702e-001  6.054151e-001  2.183605e-001  5.815223e-001  6.081544e-001  8.030161e-001  4.196479e-001  3.272290e-001  2.959973e-001  2.745291e-001  3.793267e-001  2.515196e-001  1.716141e-001  -2.960570e-002  -9.628202e-002  5.005772e-002  -1.153973e-001  -1.710373e-001  -2.781147e-001  -3.305479e-001  -5.890840e-001  -3.214610e-001  -4.519778e-001  -3.710933e-001  -2.726915e-001  -1.124587e-001  -1.479408e-001  -1.645735e-001  -3.464228e-002  -8.220090e-002  7.759622e-002  2.278772e-001  2.928875e-001  5.462191e-002  -1.182388e-001  3.108817e-001  3.212250e-001  3.288765e-001  2.567015e-001  -1.614260e-001  3.053570e-001  9.388663e-002  2.994503e-001  2.126199e-001  2.334987e-001  3.649622e-001  2.262701e-002  2.878286e-001  1.976662e-001  1.153518e-001  4.537758e-001  -2.172618e-001  9.113134e-002  2.715761e-002  3.446324e-001  1.605700e-001  2.013349e-001  -3.158797e-001  1.462003e-001  
0
1
2
13 0 9 9 0 -1
16 0 3 9 0 3
haar_x3
-0.128814  240.797226  64
-1.003907e+000  -3.071805e-001  1.979647e-001  2.625880e-001  -4.491040e-001  -2.693273e-001  -1.497901e-001  2.511100e-002  1.386227e-001  1.774659e-001  3.081564e-001  4.677114e-001  2.298107e-001  4.354175e-001  3.401626e-001  2.977715e-001  2.279067e-001  2.595820e-001  9.604909e-002  1.599203e-001  3.120520e-001  1.901281e-001  5.856573e-002  1.225594e-001  -3.155487e-002  2.149573e-002  -4.573185e-002  -2.860366e-001  -3.116191e-001  -3.725147e-001  -3.803322e-001  -3.383310e-001  -3.433028e-001  -2.493631e-001  -3.208104e-001  -3.149196e-001  -2.727340e-001  -7.885549e-002  -1.742327e-001  -9.449748e-002  6.016626e-003  1.487909e-001  -1.382976e-001  1.563424e-001  3.350104e-001  4.045238e-001  1.934803e-001  3.352649e-001  4.223986e-001  2.022020e-001  1.427785e-001  -1.303555e-002  3.792951e-001  8.451504e-001  1.132896e-002  5.333424e-001  3.021287e-001  3.617767e-001  2.518747e-001  4.658898e-001  2.263663e-001  9.847205e-001  6.027424e-001  3.931848e-001  
0
1
2
3 0 6 14 0 -1
5 0 2 14 0 3
haar_x3
-0.065649  384.989288  64
-1.739785e+000  -5.461571e-001  -7.048822e-001  -9.127138e-001  -1.220959e+000  -8.239537e-001  -8.368539e-001  -6.676282e-001  -7.369516e-001  -6.351728e-001  6.133041e-003  -1.916936e-001  -1.947960e-001  -4.407703e-001  -4.720708e-001  -1.031897e-001  -2.274850e-002  5.224316e-002  -2.840175e-002  1.954424e-001  2.618186e-001  2.080161e-001  1.334643e-001  2.167492e-002  7.434516e-002  4.693445e-002  3.736004e-002  -2.992687e-002  1.053509e-001  1.363379e-001  6.676603e-002  -5.108970e-002  1.474751e-001  2.089566e-001  9.424824e-003  -1.953778e-003  5.952665e-003  8.404220e-002  2.410322e-001  -8.158576e-003  -2.912284e-002  1.894158e-001  1.004182e-002  -2.374782e-001  3.429120e-001  2.436855e-002  -2.991827e-002  4.618523e-001  -3.871362e-001  1.230581e-001  -5.169518e-002  4.074717e-001  -2.531981e-002  -2.241311e-001  -2.065490e-001  -7.807196e-001  6.088733e-002  -6.015185e-001  -6.305357e-001  -1.301664e-001  -2.099918e-001  -5.600194e-001  -1.162184e+000  -4.136818e-001  
0
1
2
0 2 24 14 0 -1
6 2 12 14 0 2
haar_x4
-0.342198  82.174149  64
2.861476e-001  3.471956e-001  9.549587e-002  8.618774e-001  1.613243e-001  3.219234e-001  7.091883e-001  7.374830e-001  3.313957e-001  6.221222e-001  2.970990e-001  1.933953e-001  3.333791e-001  1.850243e-001  6.349900e-003  1.484020e-001  -3.346099e-002  2.142938e-002  3.402294e-002  -9.567318e-002  2.153164e-002  -2.279136e-001  -2.284220e-002  -8.454028e-002  -2.703272e-001  -2.481021e-001  -3.580579e-002  -1.930042e-001  -2.275885e-001  -2.066626e-001  -9.909105e-002  -2.229903e-001  -3.688191e-001  -4.567491e-001  -3.033207e-001  -1.275510e-001  -9.686294e-002  -4.370251e-002  -1.405956e-001  -1.456374e-001  -5.069185e-002  -1.746538e-001  7.315542e-002  -3.120822e-002  1.940965e-001  3.855932e-001  -1.510974e-001  3.291183e-001  1.890832e-001  4.440249e-001  3.304085e-001  1.675836e-001  8.291005e-001  6.813717e-001  3.945427e-001  3.618068e-001  7.933395e-001  4.864626e-001  2.072858e-001  5.959858e-001  3.916812e-001  4.885368e-001  1.047675e+000  9.685918e-001  
-2.129122 
