6 
0
1
2
0 8 14 6 0 -1
0 10 14 2 0 3
haar_y3
-0.050513  445.274353  64
-8.856113e-001  -5.826517e-001  -5.345165e-001  -7.917479e-001  -7.879944e-001  -4.403635e-001  -2.831374e-001  -3.185663e-001  -5.342342e-001  -6.279267e-001  -3.919496e-001  -5.081280e-001  -3.942892e-001  -7.537683e-001  -2.960294e-001  -3.160705e-001  -5.594510e-001  -4.429581e-001  -3.512783e-001  -4.269629e-001  -4.314817e-001  -3.798485e-001  -5.201538e-001  -4.302472e-001  -3.441865e-001  -4.070112e-001  -2.113205e-001  -3.059178e-001  -8.894605e-002  -2.235166e-001  -7.118656e-002  -1.453594e-001  -2.164874e-001  -1.490448e-001  -3.114158e-001  -2.315006e-001  -1.565775e-001  -2.358429e-001  -4.790156e-001  -1.411167e-001  -2.300679e-001  -1.264445e-001  -4.950200e-001  -5.335591e-001  -2.170026e-001  -1.439085e-002  -3.304698e-002  -4.125220e-001  -6.073536e-001  -4.389439e-001  -3.830874e-001  -5.979916e-001  -4.664135e-001  -6.369954e-001  -4.078076e-001  -7.105868e-001  -7.474289e-001  -8.817309e-001  -2.327299e+000  -4.859184e-001  -9.133928e-001  -9.789706e-001  -1.222750e+000  -1.590442e+000  
0
1
2
1 0 9 15 0 -1
4 0 3 15 0 3
haar_x3
-0.185570  152.044128  64
-3.785464e-001  6.668675e-002  -2.537635e-001  -4.582724e-001  -3.078577e-001  -3.544465e-001  -7.812382e-002  -4.242726e-001  -1.624677e-001  -1.377775e-001  -3.183370e-001  -4.069062e-003  -4.539966e-001  -2.141741e-001  -1.157385e-001  -1.225334e-001  -3.042606e-001  -4.755075e-001  8.182412e-002  8.534984e-002  -1.433646e-001  -3.857671e-002  9.007845e-002  -2.578822e-002  9.730037e-002  8.278301e-002  2.818417e-001  6.454833e-002  1.682106e-001  2.808518e-001  1.642805e-001  1.898399e-001  1.510503e-001  1.712279e-001  1.723812e-001  4.504940e-002  1.240957e-001  2.072293e-001  1.427172e-001  -1.116062e-001  -2.013743e-002  -1.122458e-001  -1.159740e-001  -5.278098e-002  -2.626930e-003  -1.083046e-001  -3.529336e-001  -2.458613e-001  -3.809643e-001  -4.019279e-001  -6.933579e-001  -4.943828e-002  -5.974579e-001  -8.370358e-001  -7.578209e-002  -5.840812e-001  -2.421549e-001  -9.977229e-001  -7.995521e-001  -7.235106e-001  -8.788965e-001  -4.894758e-001  -1.206083e+000  -8.171200e-001  
0
1
2
18 10 6 11 0 -1
21 10 3 11 0 2
haar_x2
-0.166000  193.604233  64
-5.685551e-001  1.416446e-001  6.069142e-001  5.581276e-002  3.977741e-002  -1.220503e-002  1.078815e-001  -1.523637e-001  -8.008403e-002  -1.407561e-001  4.247456e-002  3.028238e-001  1.379740e-001  -6.292658e-002  1.434706e-001  2.715747e-001  4.190557e-001  2.030370e-001  3.019156e-001  3.657924e-001  1.875188e-001  2.868367e-001  3.187565e-001  1.213081e-001  5.982414e-002  1.565906e-001  2.066045e-002  -2.417198e-002  -5.268868e-002  -1.121981e-001  -1.821920e-001  -4.282888e-001  -3.559540e-001  -1.796679e-001  -1.648483e-001  -1.558366e-001  -6.175144e-002  2.190580e-002  1.704531e-001  2.231997e-001  7.346350e-002  2.734413e-001  2.859301e-001  5.146686e-003  1.933638e-001  3.556881e-001  1.386630e-001  2.221653e-001  2.554243e-001  4.871603e-001  3.232029e-001  -2.476631e-002  2.799223e-001  2.533360e-001  -3.188883e-001  2.293084e-001  -8.364441e-001  -1.101397e-001  -5.262916e-003  6.554706e-002  -6.578196e-001  3.155665e-002  -4.335577e-001  -1.341356e+000  
0
1
2
5 3 14 6 0 -1
5 5 14 2 0 3
haar_y3
-0.140706  236.431076  64
1.022312e-002  3.579200e-002  -2.323480e-001  4.438762e-001  -4.377674e-001  4.403928e-003  6.354147e-001  3.968406e-001  -1.665323e-003  4.532913e-001  3.965557e-001  3.677119e-001  5.972888e-001  4.824467e-001  5.556080e-001  6.058427e-001  3.429890e-001  8.480814e-003  3.525906e-001  3.480704e-001  3.550555e-001  3.923987e-001  2.372859e-001  1.547112e-001  2.327514e-001  1.537168e-001  6.828246e-002  3.070216e-002  3.718024e-002  -5.203576e-002  -8.826209e-002  -2.496430e-001  -4.045626e-001  -3.515676e-001  -2.269318e-001  -1.619745e-001  -2.959100e-002  -1.208895e-001  -3.967575e-002  -1.420464e-002  -5.643983e-002  -8.114643e-002  -5.884682e-002  -1.118903e-002  9.221166e-002  1.644952e-001  -9.494545e-002  1.325752e-001  1.715733e-002  1.853908e-001  -2.718629e-002  -4.098656e-002  -1.717601e-001  -1.669690e-001  -4.795168e-002  2.780725e-001  6.929468e-002  -2.638511e-001  -8.353334e-003  -3.940062e-001  2.819514e-001  -1.598382e-001  2.371582e-001  -2.581337e-001  
0
1
2
2 2 20 12 0 -1
7 2 10 12 0 2
haar_x4
-0.178078  128.437119  64
3.986080e-002  1.541170e-001  3.506085e-001  4.373169e-001  2.380411e-001  4.695374e-001  2.437951e-001  3.882250e-001  3.515618e-001  2.301483e-001  2.560315e-001  6.926505e-002  2.377103e-001  3.768937e-001  3.579136e-001  2.858294e-001  1.066144e-001  -1.608298e-001  1.061017e-001  3.355337e-002  -3.949585e-002  -1.987484e-001  -2.182126e-001  -1.720382e-001  -1.396350e-001  -2.413760e-001  -3.670414e-001  -2.074363e-001  -2.225911e-001  -2.958732e-001  -1.974970e-001  -2.332186e-001  -2.438321e-001  -1.570426e-001  -5.593552e-002  -1.748463e-001  -3.123962e-002  -1.817579e-001  -1.497745e-001  1.576536e-002  1.364527e-002  7.314172e-002  2.773666e-001  1.048884e-001  -4.667338e-002  1.244755e-001  1.020333e-002  2.197214e-001  2.089321e-001  5.174989e-001  1.318618e-001  3.471071e-001  3.572703e-001  2.291671e-001  3.955083e-001  4.546673e-002  3.656039e-001  1.654204e-001  5.060323e-001  6.455806e-001  6.783810e-001  6.214102e-001  5.577159e-001  7.434669e-001  
0
1
2
13 0 6 24 0 -1
15 0 2 24 0 3
haar_x3
-0.095423  337.393372  64
-9.433445e-001  -1.075554e+000  -4.964481e-001  -2.860977e-001  -2.915435e-001  -4.248422e-001  -4.227896e-001  -7.381281e-002  -1.661145e-001  -2.049457e-001  -1.543144e-001  -1.834869e-002  -1.903128e-003  -5.606439e-002  -7.658790e-002  4.523494e-002  3.738422e-002  -1.231944e-002  1.676416e-001  4.722674e-002  8.800323e-002  1.181675e-001  3.048551e-002  1.509486e-001  1.384647e-001  1.861381e-001  2.519962e-001  2.322510e-001  2.107296e-001  7.247279e-002  1.730660e-001  9.613255e-002  1.820508e-001  -2.489091e-002  9.323273e-003  -5.190958e-002  9.326216e-002  3.266906e-002  1.065870e-002  6.704107e-002  -8.177397e-002  -2.410935e-001  -2.064834e-001  -2.156267e-001  1.534109e-002  1.034137e-002  -1.554835e-001  -3.439095e-001  -2.545546e-001  -4.525627e-001  -2.828239e-001  -6.579600e-002  -9.441432e-002  -1.492277e-001  -4.852719e-001  -2.769528e-001  -3.225209e-001  -1.514724e-001  -1.155048e-001  6.746967e-002  -3.221072e-001  1.634571e-001  -2.561406e-001  -9.007246e-001  
-1.965300 
