20 
0
1
3
13 5 8 14 0 -1
13 5 4 7 0 2
17 12 4 7 0 2
haar_x2_y2
-0.063179  404.036957  64
-6.563227e-001  -4.635225e-001  -4.495777e-001  -4.803097e-001  -1.406531e-001  -6.612703e-001  -7.236679e-001  -4.589748e-001  -9.016947e-001  -8.981064e-002  -4.748714e-001  -1.901880e-001  -3.017450e-001  -2.849900e-001  -3.904517e-001  -3.721422e-001  -4.152687e-001  -3.224481e-001  -4.055481e-001  -3.735502e-001  -2.585358e-001  -3.203144e-001  -3.913406e-001  -2.117082e-001  -3.748909e-001  -4.283759e-001  -4.504527e-001  -3.356802e-001  -3.812717e-001  -3.545934e-001  -4.864410e-001  -2.586411e-001  -2.903689e-001  -2.517412e-001  -2.183009e-001  -3.306726e-001  -3.698043e-001  -2.610791e-001  -3.387972e-001  -2.899887e-001  -5.638959e-001  -2.069135e-001  -3.649346e-001  -4.736671e-001  -3.134975e-001  -7.868239e-001  -3.564956e-001  -1.063638e-001  -8.029273e-001  -6.572331e-001  -5.650839e-001  -2.255078e-001  -4.810128e-001  -2.907628e-001  -6.145771e-001  -1.520314e+000  -7.652292e-001  -3.631279e-001  -6.124960e-001  -8.268510e-001  -6.381161e-001  -1.794747e+000  -4.176269e-001  -1.075189e+000  
0
1
2
7 5 11 6 0 -1
7 8 11 3 0 2
haar_y2
-0.084859  314.486969  64
5.721535e-001  7.808163e-001  5.613193e-002  3.662276e-001  3.920277e-001  1.081392e-001  -3.244573e-001  -7.834241e-002  -2.164003e-003  1.390018e-001  -4.389616e-001  3.546419e-002  2.941786e-002  -4.481543e-002  -9.679096e-002  -3.321834e-002  2.227024e-001  7.687931e-002  -5.771608e-002  -3.361361e-001  -2.251836e-001  -2.997997e-001  -3.345612e-001  -2.314110e-001  -1.427324e-001  -3.488291e-001  -3.078098e-001  -2.512003e-001  -9.757878e-002  -5.782446e-002  1.511012e-001  1.255170e-001  1.806574e-001  1.712362e-001  1.137700e-001  2.637478e-001  1.841639e-001  -7.309800e-002  5.852878e-002  1.394651e-001  1.763284e-001  -1.149464e-001  9.558332e-002  -7.143532e-003  -5.251629e-002  1.964238e-002  7.422864e-003  2.185187e-001  -1.282111e-001  -6.744500e-002  1.536051e-002  1.099314e-001  -1.639714e-002  -9.447901e-002  2.619860e-001  -8.387913e-003  -1.114337e-001  4.171978e-003  -6.346066e-003  -9.141466e-002  -1.623116e-001  -2.080354e-001  -3.676475e-002  5.696265e-002  
0
1
2
0 15 16 8 0 -1
4 15 8 8 0 2
haar_x4
-0.200519  151.815170  64
-7.212321e-001  -1.064874e-001  -2.588384e-001  -4.704963e-001  3.771841e-001  -9.237670e-002  8.752725e-002  1.044044e-002  1.653207e-001  2.565010e-001  5.006071e-004  2.096253e-001  2.577271e-001  -1.035153e-001  1.270009e-001  2.979055e-001  1.828479e-001  7.914777e-002  2.809907e-001  -1.726755e-002  1.016619e-001  4.877679e-002  1.135647e-001  3.471033e-002  -1.265103e-001  -3.149348e-002  -2.119437e-003  -7.263297e-002  -1.194017e-001  -3.138097e-001  -1.442190e-001  -8.142963e-002  -1.223715e-001  -1.746973e-001  2.288957e-002  4.145006e-002  2.801097e-002  9.125064e-002  4.964113e-002  2.519999e-001  -4.668997e-002  4.782180e-002  3.161461e-001  1.630429e-001  4.806534e-002  1.588946e-001  2.541071e-001  -1.277511e-001  3.517948e-001  2.826883e-001  -8.169247e-002  2.732677e-001  -9.869222e-002  -4.011098e-001  1.451885e-002  -7.555836e-002  1.167646e-001  2.313252e-002  2.225414e-001  1.074552e-002  -2.604833e-002  -2.063984e-001  1.372421e-001  -4.573473e-001  
0
1
2
7 0 4 17 0 -1
9 0 2 17 0 2
haar_x2
-0.029590  780.229797  64
-4.079832e-001  -1.748840e-001  -5.605786e-001  -2.996969e-001  -3.249362e-001  -5.806552e-001  -3.277782e-001  1.798422e-002  -7.720885e-004  -3.737071e-001  -1.871395e-001  -1.503833e-001  6.670360e-002  -1.750951e-001  -1.018988e-001  -1.450531e-001  5.397925e-002  1.554976e-001  -5.660974e-002  -5.392434e-002  7.742823e-002  2.274552e-001  2.372141e-002  1.882087e-001  1.045950e-001  1.559438e-001  3.589647e-002  1.564505e-002  1.938867e-001  9.456710e-002  1.383938e-001  5.814391e-002  1.876948e-001  4.327311e-002  -5.866824e-002  -9.620471e-002  1.323759e-001  5.574602e-002  -4.776580e-002  -2.031524e-001  1.068215e-001  7.519557e-002  1.118603e-001  -4.283246e-002  1.102513e-001  1.936722e-002  1.652800e-001  -6.431505e-002  7.382631e-002  -1.861579e-001  -1.257202e-001  -2.501726e-001  -1.154098e-001  -2.236816e-001  -3.031957e-001  -3.288310e-001  -1.198321e-001  1.154489e-001  -6.653969e-001  -1.869355e-001  -1.071502e-001  -1.590186e-001  -4.356088e-001  -3.372617e-001  
0
1
2
11 9 7 8 0 -1
9 11 7 4 0 2
tilted_haar_y4
-0.107733  281.716095  64
1.240646e-001  3.841101e-001  4.777190e-001  5.382883e-001  1.477103e-001  -3.874961e-001  4.239316e-001  3.803231e-002  1.171991e-002  2.033646e-001  3.274642e-001  2.742310e-001  8.267632e-002  2.797186e-001  -2.568041e-002  2.109368e-001  8.171505e-002  7.927108e-002  1.911583e-001  7.679154e-002  2.240814e-001  1.266243e-001  3.394598e-002  -1.283982e-002  6.377189e-002  -1.383706e-001  5.189727e-002  -8.868296e-002  -1.197729e-001  -1.332479e-001  -1.400586e-001  -1.228921e-001  -1.330608e-001  -8.199453e-002  -1.503122e-001  -1.290697e-001  -1.919153e-001  -1.277860e-001  -1.785678e-001  -4.272093e-003  -2.785728e-002  -1.419395e-001  1.932432e-001  1.447855e-001  -8.704716e-002  2.257442e-001  1.680947e-001  2.725649e-001  3.809322e-001  1.182636e-001  3.366793e-001  3.127670e-001  3.677720e-001  9.329564e-002  2.081644e-001  5.183265e-001  3.414702e-001  5.086777e-001  4.861542e-001  9.816933e-002  1.472469e-001  5.382138e-001  7.440083e-001  5.975916e-001  
0
1
3
4 8 8 16 0 -1
4 8 4 8 0 2
8 16 4 8 0 2
haar_x2_y2
-0.095244  292.181519  64
-2.810356e-002  3.313776e-001  -1.457569e-001  -5.131856e-001  -1.854496e-002  -2.842379e-001  -5.499201e-002  -3.000738e-001  -2.030015e-001  9.979437e-002  -2.897977e-001  1.161767e-001  -3.305589e-001  -1.911157e-001  -2.371338e-001  -1.891474e-001  -2.722034e-001  -1.403145e-001  -1.341789e-001  1.201026e-001  -1.754139e-001  -1.606626e-001  -1.555407e-001  -1.021232e-001  -3.517364e-002  -1.305115e-001  -3.672363e-002  -4.669285e-002  9.703742e-002  -7.823712e-003  8.418819e-002  -2.813042e-003  8.290861e-002  1.567112e-001  3.770021e-002  1.494831e-001  2.547514e-001  1.700697e-001  1.877036e-001  1.160077e-001  2.092326e-001  1.635261e-002  1.291628e-001  8.976709e-002  1.467353e-001  1.246275e-001  2.907662e-001  2.005009e-003  -1.313246e-001  2.069128e-002  1.830960e-001  1.543540e-001  1.860240e-001  -1.141971e-001  1.454065e-001  -2.180246e-001  9.436632e-002  1.517963e-001  8.300752e-002  -4.333309e-001  -3.250771e-001  -6.223398e-001  -2.546768e-001  -9.570943e-001  
0
1
2
1 0 3 22 0 -1
1 11 3 11 0 2
haar_y2
-0.135434  177.928009  64
1.207404e-001  5.815116e-003  5.169346e-001  2.768226e-001  2.771851e-001  2.460057e-001  1.764936e-001  2.262695e-001  2.277316e-001  2.368188e-001  2.725278e-002  -1.284881e-001  4.567149e-002  -2.686203e-002  6.006158e-002  6.274074e-002  1.488441e-002  -1.085120e-001  -9.763413e-002  -2.475877e-002  -1.354520e-001  5.433889e-002  -1.049578e-001  -1.666656e-001  2.238758e-002  -7.636165e-002  -8.229122e-002  -8.248428e-002  -6.097772e-002  -1.962903e-001  -1.487654e-002  -9.391275e-002  -1.420817e-001  -1.920987e-001  -1.621136e-002  -7.695769e-002  7.815491e-002  7.593130e-002  -5.633114e-002  3.771614e-002  2.760156e-001  1.192905e-001  3.077689e-001  1.690162e-001  -8.549415e-002  1.003413e-001  3.432079e-001  3.309929e-001  9.078863e-002  1.939374e-001  3.546448e-001  2.987696e-001  3.693147e-001  4.242568e-001  7.576604e-001  7.041180e-001  6.824419e-001  3.284434e-001  6.325767e-001  8.763810e-001  7.851366e-001  3.180402e-001  7.215391e-001  8.528626e-001  
0
1
2
17 0 6 9 0 -1
17 0 3 9 0 2
tilted_haar_x2
-0.110832  277.960571  64
-1.145275e-001  1.631976e-001  -5.711697e-002  1.397768e-001  1.917325e-001  1.580467e-001  8.053657e-003  5.575620e-002  1.885146e-001  1.227916e-001  1.511534e-001  9.590087e-002  2.574593e-001  -5.584078e-002  -6.699402e-002  -2.571333e-001  1.133289e-003  -7.693836e-002  5.577006e-002  -8.267032e-002  -1.429095e-001  -7.754195e-002  -4.669498e-002  -2.216356e-001  -1.602977e-001  -1.982429e-001  -2.663145e-001  -4.994045e-002  -1.364212e-001  -1.263754e-001  -9.424693e-002  -1.693645e-001  -6.353520e-002  -4.641492e-003  2.603100e-002  -9.020644e-002  1.299412e-001  9.210102e-002  2.085458e-002  1.037767e-001  2.890323e-001  3.688506e-002  5.703291e-002  2.677623e-002  2.546421e-001  3.628298e-001  4.206831e-002  3.296375e-001  2.330364e-001  2.894213e-001  3.352717e-001  2.490802e-001  2.739592e-001  2.852118e-001  5.579096e-002  4.393213e-002  1.808678e-001  3.633450e-001  1.575151e-001  -1.254683e-001  -1.112505e-001  -2.827833e-001  1.555469e-001  -6.763492e-001  
0
1
2
10 4 6 14 0 -1
12 4 2 14 0 3
haar_x3
-0.058069  350.552551  64
-7.314868e-002  2.058242e-001  4.122128e-001  -4.912185e-002  1.145496e-001  4.162064e-001  2.194437e-001  3.764534e-001  1.664366e-001  -1.162698e-001  1.133360e-001  -1.798110e-001  1.385849e-002  -1.900129e-001  5.399043e-002  -1.163634e-001  -1.172973e-001  -1.924226e-001  -6.692587e-002  -2.046426e-001  -1.847921e-001  -2.004135e-001  -1.426079e-001  -3.015331e-002  -7.862647e-002  7.523981e-003  3.877848e-002  -1.374757e-002  4.724626e-002  -5.274551e-002  1.791949e-001  3.800778e-002  6.323707e-002  2.218928e-001  8.950039e-002  1.577630e-001  2.304145e-001  1.996044e-001  2.096548e-001  6.247879e-002  3.272424e-001  -1.739457e-002  4.183835e-001  3.025899e-001  2.723893e-001  1.544738e-001  3.230270e-001  2.992420e-001  3.695282e-001  1.914478e-001  -4.098339e-002  2.803109e-001  2.335990e-001  5.673968e-001  2.887560e-001  1.110856e-001  2.940454e-001  5.999510e-001  -2.278166e-001  6.185020e-001  1.088446e-002  -1.414942e-001  2.400073e-001  -2.122549e-002  
0
1
2
10 7 9 4 0 -1
9 8 9 2 0 2
tilted_haar_y4
-0.034507  961.794800  64
-2.084527e-001  -1.116002e-001  -3.307093e-001  -1.310040e-001  2.787547e-002  4.589867e-002  3.837804e-002  1.389951e-001  -1.267451e-001  1.306501e-001  -9.960098e-002  -1.628059e-001  -7.595451e-002  2.107767e-001  5.240190e-002  2.778921e-001  8.885114e-004  -6.366847e-002  1.526945e-001  1.142559e-001  1.409485e-002  2.148278e-001  1.960719e-002  2.410001e-001  2.839988e-001  6.503491e-002  2.257310e-001  1.092553e-001  1.802225e-001  1.464948e-001  1.420871e-001  7.401387e-002  -3.745093e-003  -1.054741e-001  -1.048219e-001  -1.834380e-001  -9.593716e-002  -7.106741e-002  -5.765470e-002  -1.764283e-001  -9.847277e-002  -1.505720e-001  -2.216171e-001  -1.707398e-001  -1.085681e-001  -1.856309e-001  -1.907605e-001  -1.510561e-001  -1.222193e-001  -1.046548e-001  -1.913667e-001  1.765306e-001  5.881135e-002  -4.574335e-001  1.063548e-001  -1.063422e-001  -3.359860e-001  -1.928411e-001  -2.455155e-001  -4.404108e-001  3.534352e-002  -7.589020e-001  -3.062419e-001  -4.433959e-001  
0
1
2
0 0 10 8 0 -1
5 0 5 8 0 2
haar_x2
-0.139063  176.582642  64
2.454875e-001  -2.745415e-001  -1.375405e-001  -3.167833e-001  1.224146e-001  1.133284e-001  -2.834456e-001  2.941702e-002  -8.634117e-002  -2.275439e-001  -1.992259e-001  7.186744e-002  8.177280e-003  -6.274696e-002  -8.811925e-002  -1.208451e-001  1.123059e-001  -6.624674e-004  -1.033381e-001  8.138461e-003  -1.912470e-001  -2.798877e-001  -2.469146e-001  -1.158883e-001  -1.408366e-001  -1.177058e-001  -1.479733e-001  5.236975e-002  -5.655872e-002  3.426494e-002  1.368819e-001  -3.835814e-002  5.530842e-002  1.412574e-001  1.444293e-001  1.164374e-001  6.478113e-002  1.974933e-001  5.138148e-002  7.007901e-002  1.272356e-001  1.735696e-001  6.823935e-002  1.507325e-001  2.513888e-001  1.141299e-001  2.156598e-001  2.079890e-001  1.995662e-001  -2.998652e-002  -6.039837e-002  8.547856e-002  -2.550690e-003  -1.229381e-001  3.876612e-002  -1.685297e-001  -3.367858e-001  9.170955e-002  -3.471867e-001  1.300279e-002  -3.406725e-001  1.898780e-001  -8.431221e-001  -3.633866e-001  
0
1
2
17 0 5 6 0 -1
15 2 5 2 0 3
tilted_haar_y3
-0.105075  318.019440  64
-1.144873e-001  2.413973e-001  3.128019e-001  2.324979e-001  3.892071e-001  3.927285e-001  2.389379e-002  1.896051e-001  4.513200e-001  1.969039e-001  1.760112e-001  2.688079e-001  4.366843e-001  2.162721e-001  4.236804e-001  1.552306e-001  2.151598e-001  2.965203e-001  4.113489e-002  8.105988e-002  8.747105e-002  7.328600e-003  -3.096323e-002  3.253325e-002  8.631949e-002  3.365223e-002  3.673810e-002  -5.989147e-002  6.690943e-002  -1.695786e-001  -2.813985e-002  -9.055430e-002  -4.592339e-002  -1.876230e-001  -9.013739e-003  -2.119916e-001  -1.996536e-001  -1.548590e-001  -8.960518e-003  -3.304183e-001  -8.263136e-002  -4.760630e-002  -7.924380e-002  -6.519891e-002  1.729130e-001  9.060607e-002  2.501221e-001  1.702922e-001  2.753700e-002  1.904311e-001  3.925651e-002  -3.750019e-002  1.222239e-001  2.532174e-001  2.171438e-001  5.908194e-003  1.023208e-001  -2.053099e-001  3.885148e-001  4.120116e-001  3.023147e-001  6.653410e-004  1.924714e-001  -6.242629e-002  
0
1
3
14 0 8 14 0 -1
14 0 4 7 0 2
18 7 4 7 0 2
haar_x2_y2
-0.070121  314.465881  64
-5.620191e-001  -5.115881e-001  -3.699652e-001  -9.676172e-003  -3.787601e-001  1.079773e-001  -1.295551e-001  -4.114164e-001  -3.433284e-001  -2.732860e-001  -2.961237e-001  2.860017e-002  -7.462593e-002  -1.460821e-001  -1.452895e-001  6.451789e-002  -6.060103e-003  -6.902710e-002  -2.468465e-002  -5.687932e-002  2.675996e-002  7.073268e-002  4.530719e-002  2.237048e-002  1.957360e-002  1.216166e-001  7.668229e-002  2.724364e-002  1.718704e-001  1.265350e-001  1.779346e-001  2.282754e-001  1.452724e-001  1.093260e-001  1.465435e-001  -6.912982e-003  1.501654e-001  -2.395189e-003  -7.356030e-002  9.557135e-002  3.952358e-002  -9.595234e-003  -3.207151e-002  2.557894e-002  -1.196469e-001  -1.279635e-001  2.200409e-002  1.757701e-002  -1.969569e-001  -6.087784e-002  -3.155739e-001  -2.325891e-001  -8.819543e-002  -4.862967e-001  -1.393371e-001  -3.528764e-002  -1.983609e-001  -3.055136e-001  -3.903814e-001  1.168428e-001  1.935340e-001  2.067692e-001  -4.242174e-001  -3.581143e-001  
0
1
2
10 0 4 21 0 -1
10 7 4 7 0 3
haar_y3
-0.095847  219.638123  64
2.421183e-001  -4.469037e-002  2.777432e-001  -2.081849e-001  -5.566542e-002  -6.213309e-002  1.162006e-001  -1.273801e-001  1.741379e-001  -7.417561e-002  -1.167758e-001  -3.116884e-001  -1.950160e-001  -1.627896e-001  -1.265130e-001  -2.998370e-002  -9.324301e-002  -1.201247e-001  1.163854e-001  3.521460e-002  -8.445955e-004  2.534454e-002  1.123167e-001  -7.532244e-003  -6.219340e-002  -1.891705e-001  -9.794579e-002  -1.303620e-001  -1.354402e-002  -3.452284e-002  -8.210136e-002  -2.063091e-001  -8.460060e-002  -1.153118e-001  2.211365e-002  1.833767e-001  1.468608e-001  1.542137e-001  1.681147e-001  8.489566e-002  2.657922e-001  1.977729e-001  2.274029e-001  2.563191e-001  2.374513e-001  5.342911e-001  3.782719e-001  7.404204e-002  1.796739e-001  1.907342e-001  2.198331e-001  -2.154496e-001  4.185887e-001  2.593160e-001  3.125657e-001  1.354568e-001  5.801052e-001  2.061380e-001  4.271176e-001  4.439554e-001  7.845166e-001  4.374579e-001  -1.540977e-003  5.416387e-001  
0
1
2
13 10 9 9 0 -1
16 10 3 9 0 3
haar_x3
-0.085399  297.974609  64
-3.224277e-001  -3.186326e-002  3.841135e-001  4.155824e-002  3.350799e-002  6.221487e-002  2.872743e-002  1.785112e-001  -1.133474e-001  -3.164398e-002  3.669939e-002  -1.381697e-001  6.170177e-002  6.674048e-002  2.830963e-002  1.352431e-001  -2.467344e-002  1.253426e-001  9.378124e-002  5.245348e-002  -8.942808e-002  -6.344833e-002  -1.089545e-002  -1.677354e-001  -2.423749e-001  -1.868046e-001  -1.191195e-001  -1.975578e-001  -9.683824e-002  -1.394462e-001  -6.514385e-002  -2.171214e-002  -8.125521e-002  1.204019e-001  5.272797e-002  1.216081e-001  4.907433e-002  5.467107e-002  5.276728e-002  1.634331e-001  1.596939e-001  8.967913e-003  2.913860e-001  1.678637e-001  1.987835e-001  3.359088e-001  2.466830e-001  3.163491e-001  2.654541e-001  1.838955e-001  1.921326e-001  -2.880597e-002  3.007236e-001  2.447259e-001  5.834228e-001  1.141000e-001  2.394930e-001  1.637739e-001  1.864373e-001  -5.422072e-001  3.816768e-001  -1.292027e-002  6.867085e-001  -1.202589e-001  
0
1
2
7 8 17 6 0 -1
7 10 17 2 0 3
haar_y3
-0.056683  379.887604  64
-1.724884e-001  -3.618997e-001  -3.495802e-002  -2.281888e-003  1.114954e-001  8.375125e-002  -1.362019e-001  -2.154825e-001  1.399041e-001  -1.836481e-001  -1.936365e-001  -3.273932e-001  -4.852729e-002  -3.659567e-001  6.499430e-002  -1.377696e-001  -2.419375e-001  -2.195292e-001  -1.859822e-002  7.611683e-002  -1.049282e-001  -4.096327e-002  -8.620486e-002  -4.762839e-002  2.141623e-001  5.260378e-002  1.189245e-001  1.353358e-001  1.903876e-001  -1.826115e-002  7.836184e-002  1.450232e-001  1.972713e-002  9.216022e-002  1.653908e-001  9.579429e-002  4.215838e-002  -4.273526e-002  7.375646e-003  1.838261e-001  7.186863e-002  -1.965613e-001  -9.339185e-002  1.045515e-001  7.193904e-002  7.936736e-002  -1.240363e-001  -2.958031e-002  -1.290224e-001  3.799805e-003  -2.840209e-001  -2.473634e-001  -2.601014e-001  -2.968196e-001  -3.420705e-001  -3.845937e-001  -1.204926e-001  -2.237348e-001  -3.573086e-001  -2.947271e-001  -1.630313e-002  -3.176322e-001  -1.315884e-001  -8.423265e-001  
0
1
2
6 5 14 8 0 -1
6 7 14 4 0 2
haar_y4
-0.150531  213.552597  64
3.270735e-001  3.081322e-001  6.197549e-001  4.640314e-001  6.131412e-002  -7.559521e-002  7.230394e-002  5.040245e-001  2.534899e-001  3.140933e-001  2.239831e-001  1.461302e-001  9.358776e-002  -3.469595e-002  1.480248e-001  1.388135e-001  9.811168e-002  -8.539318e-002  -7.273150e-003  -1.997120e-001  1.580700e-002  -3.366124e-002  -1.908247e-002  -6.846840e-003  -5.838701e-002  1.763180e-002  -1.200854e-001  -6.960582e-002  -1.227106e-001  9.084604e-002  -2.248296e-002  -8.078428e-002  -1.818176e-001  -1.244144e-001  -7.895467e-002  1.625604e-002  -1.186946e-002  -7.848649e-002  -1.675589e-002  -1.253676e-002  9.291031e-002  -1.261076e-001  -4.903694e-004  8.815631e-002  -3.334355e-002  -6.562776e-002  -5.093469e-002  1.421507e-001  3.306575e-001  3.003267e-001  2.383016e-001  2.369283e-001  5.586708e-001  9.898924e-001  1.984235e-001  7.816026e-002  5.216352e-001  7.639131e-001  5.316058e-001  5.377590e-001  1.009277e+000  5.731999e-002  4.517330e-001  4.385711e-001  
0
1
2
9 2 15 8 0 -1
9 4 15 4 0 2
haar_y4
-0.135167  260.094635  64
-2.027605e-001  1.508021e-001  -1.152972e-001  -8.454076e-003  -2.533811e-001  -2.632847e-001  -3.515025e-001  1.715390e-001  4.418668e-002  -2.257288e-001  -4.224878e-001  -3.742639e-001  -2.298637e-001  -6.109649e-002  -1.321423e-001  -2.333613e-001  -1.137514e-001  -2.698500e-001  9.290640e-002  -1.631308e-001  -1.343676e-001  -7.267739e-002  -2.288097e-001  -5.955500e-002  -5.897477e-002  3.603941e-002  -2.589150e-002  6.597902e-003  1.032607e-002  6.851961e-002  7.427735e-002  3.014327e-001  2.041757e-001  2.480818e-001  1.804533e-002  2.364023e-001  1.033831e-001  4.080177e-002  1.482313e-001  1.400764e-002  8.364825e-002  -3.552555e-002  -9.677563e-002  -8.693916e-002  -7.230996e-002  8.809964e-002  -1.202245e-001  -4.626539e-002  -1.242809e-001  -1.392684e-001  -2.956227e-001  -3.718548e-001  -1.373834e-001  -2.667332e-001  -3.650734e-001  -4.221942e-002  -3.093584e-001  1.048610e-001  -9.407169e-002  -2.027085e-001  -1.652296e-001  4.019289e-002  7.028341e-002  -3.655441e-001  
0
1
3
18 1 6 18 0 -1
18 1 3 9 0 2
21 10 3 9 0 2
haar_x2_y2
-0.123182  223.327698  64
9.246454e-002  4.775609e-002  -4.181893e-002  7.197353e-001  2.567167e-001  2.004262e-001  -4.906813e-002  1.446739e-001  2.807272e-001  2.706143e-001  -8.026911e-003  6.865788e-002  8.327438e-002  -1.180059e-001  9.928569e-002  -1.004814e-001  -2.506478e-003  7.839889e-002  1.022904e-001  5.403718e-003  -1.096640e-001  -1.121198e-001  5.774112e-002  -1.606368e-001  -1.339346e-001  -1.981491e-002  -7.654615e-002  -1.753421e-001  -1.645353e-001  -8.900242e-002  -7.674236e-002  -8.516046e-002  -2.499651e-002  2.371732e-002  -3.744080e-002  -8.519089e-002  -6.338984e-002  5.600805e-002  6.689212e-002  -2.442400e-002  1.971847e-001  3.537637e-001  2.838787e-001  1.977128e-001  1.247624e-001  3.231273e-001  2.444558e-001  3.758954e-001  9.676568e-002  2.180777e-001  3.066043e-001  3.147163e-001  1.892057e-001  5.669756e-001  1.595363e-001  1.908074e-001  6.163405e-001  3.060654e-001  4.765245e-001  2.882280e-001  3.460692e-001  1.242636e-001  2.458166e-001  6.446973e-001  
0
1
3
4 8 18 6 0 -1
4 8 9 3 0 2
13 11 9 3 0 2
haar_x2_y2
-0.047756  551.529541  64
-1.037789e-001  -5.518642e-001  -8.956467e-002  -1.257343e-001  1.103578e-001  -2.704774e-001  -1.368691e-001  -4.646387e-002  -9.272224e-002  -1.200839e-001  -2.159061e-002  -6.170713e-002  -1.829775e-001  -1.872233e-001  -2.524831e-001  -1.259072e-001  -1.552268e-001  3.597457e-002  2.212237e-001  -9.017775e-003  9.452398e-002  1.040430e-001  1.259101e-001  9.314898e-002  1.316464e-001  1.313205e-001  9.075100e-002  1.449607e-001  2.378192e-001  1.095293e-001  1.107364e-001  4.125164e-002  1.870582e-002  -6.697187e-002  -1.202441e-001  -9.150720e-002  -2.814602e-001  -1.338491e-001  -8.807418e-002  -2.655565e-001  -1.584193e-001  -8.116434e-002  -2.563712e-002  -2.582951e-001  -1.242860e-002  -3.080952e-001  -9.951675e-002  -1.025124e-001  -8.566356e-002  1.020451e-001  -3.514859e-001  -2.982480e-001  -3.600845e-001  -8.407369e-002  -7.271413e-002  -5.573687e-001  -2.327106e-001  -4.681451e-001  1.926275e-001  3.039797e-002  1.480168e-001  2.629533e-001  -3.269102e-001  4.172490e-002  
-1.950968 
