2 
0
1
2
3 7 8 7 0 -1
7 7 4 7 0 2
haar_x2
-0.064046  397.114349  64
-1.256978e+000  -6.852632e-001  -5.493096e-001  -3.884884e-001  -1.904802e-001  -1.027560e-001  -1.842659e-001  -1.725090e-001  1.885491e-002  1.815938e-002  1.004892e-001  6.765208e-002  1.877431e-001  2.953414e-001  3.859134e-001  1.825627e-001  1.644102e-001  3.483440e-001  1.188573e-001  1.911538e-001  2.147439e-001  1.519715e-001  7.651844e-002  -2.800549e-002  -4.060280e-002  -2.373495e-001  -2.842798e-001  -4.132911e-001  -4.081595e-001  -4.402277e-001  -5.080403e-001  -6.729197e-001  -7.292713e-001  -9.559546e-001  -1.100582e+000  -8.906447e-001  -1.178811e+000  -1.334167e+000  -1.388293e+000  -1.263769e+000  -1.436975e+000  -1.254494e+000  -1.272706e+000  -1.585274e+000  -1.536432e+000  -1.488859e+000  -1.655841e+000  -1.731119e+000  -1.546261e+000  -1.227579e+000  -1.627877e+000  -1.329627e+000  -1.636944e+000  -1.565169e+000  -1.717178e+000  -1.399840e+000  -1.234801e+000  -1.513165e+000  -1.097249e+000  -1.082862e+000  -9.943143e-001  -8.563353e-001  -9.872606e-001  -1.776830e+000  
0
1
2
6 0 13 10 0 -1
6 5 13 5 0 2
haar_y2
-0.170630  150.995102  64
-1.543393e-001  -1.036966e-001  -1.625813e-001  -2.902429e-001  -3.865689e-001  -1.622644e-001  1.240877e-001  2.961020e-001  3.446447e-001  4.928180e-001  4.315971e-001  4.516170e-001  5.135501e-001  5.195863e-001  4.162529e-001  4.780639e-001  5.059474e-001  5.175725e-001  5.459450e-001  4.698082e-001  5.110623e-001  5.285587e-001  2.821048e-001  2.145396e-001  9.852220e-002  -1.300946e-001  -1.469505e-001  -1.557281e-001  -3.004810e-001  -3.364783e-001  -3.480326e-001  -5.869058e-001  -6.705804e-001  -7.169387e-001  -6.562399e-001  -1.014039e+000  -6.096495e-001  -7.522331e-001  -8.042948e-001  -9.805221e-001  -8.099965e-001  -1.000369e+000  -1.080476e+000  -8.002302e-001  -8.776935e-001  -1.104447e+000  -2.838046e-001  -3.324237e-001  -1.586663e-001  -2.160493e-001  -3.742487e-001  -3.690298e-001  -1.406768e-001  -7.915782e-001  -7.218572e-001  -5.299743e-001  -7.669289e-001  -1.276807e+000  -1.031637e+000  -9.772283e-001  -1.048012e+000  -1.036973e+000  -1.143910e+000  -1.406612e+000  
-2.063156 
