6 
0
1
2
10 10 11 6 0 -1
10 13 11 3 0 2
haar_y2
-0.086115  454.427643  64
1.692047e-001  -3.492084e-001  -5.400985e-001  -1.786353e-001  -2.243460e-001  -5.487619e-002  -4.253683e-002  -2.109078e-001  2.771941e-001  1.490695e-001  1.440682e-001  -6.967867e-004  1.950772e-001  -2.239345e-001  -1.523052e-001  2.447992e-002  1.482186e-001  9.190783e-002  -2.411295e-001  -2.777907e-001  -7.451955e-002  -3.360788e-001  -3.599969e-001  -4.763605e-001  -2.311946e-001  -2.000112e-001  -9.518582e-002  -2.005745e-002  -2.423537e-001  -9.228089e-002  -1.577476e-001  -3.418732e-001  -1.769451e-001  -1.589645e-001  -1.581036e-001  -2.425749e-001  -1.636527e-001  -2.670937e-001  -5.026643e-001  -5.113276e-001  -6.644714e-001  -5.140306e-001  -4.582784e-001  -6.144388e-001  -6.555267e-001  -9.097424e-001  -8.030041e-001  -7.489176e-001  -7.019684e-001  -7.631681e-001  -8.400149e-001  -7.814403e-001  -7.694629e-001  -1.041188e+000  -9.786786e-001  -5.370851e-001  -8.729334e-001  -8.895959e-001  -7.873430e-001  -7.929386e-001  -9.256223e-001  -8.846004e-001  -1.201987e+000  -9.153560e-001  
0
1
3
14 0 10 12 0 -1
14 0 5 6 0 2
19 6 5 6 0 2
haar_x2_y2
-0.088263  249.942459  64
-3.884313e-001  -3.036908e-001  -4.745291e-001  -1.825279e-001  -3.720850e-001  -3.574369e-001  -3.960653e-001  -4.224169e-001  -3.572823e-001  -4.018492e-001  -1.391972e-001  -2.896799e-001  -3.517274e-001  -3.648592e-001  -2.469603e-001  -2.269459e-001  -2.223015e-001  -3.197527e-001  -2.048426e-001  -2.671290e-001  -1.707561e-001  -1.553415e-001  -2.418351e-001  -1.692951e-001  -4.087135e-002  1.046540e-001  1.795684e-001  1.955310e-001  8.867383e-002  1.890435e-001  2.443554e-001  3.553658e-001  8.336424e-002  3.329388e-001  4.315708e-001  5.057541e-001  3.660064e-001  4.007285e-001  4.454544e-001  6.375047e-001  2.031774e-001  3.334119e-002  4.057575e-001  2.532710e-001  3.612414e-001  3.653297e-001  4.198008e-001  -1.592573e-002  4.367775e-001  3.855941e-001  4.713635e-001  -6.263601e-004  5.130483e-001  3.031611e-001  -3.598088e-002  4.319661e-001  4.763772e-001  3.877494e-002  -6.397843e-002  4.015947e-001  3.611050e-001  2.471105e-001  2.595532e-001  5.242302e-001  
0
1
2
8 0 4 24 0 -1
10 0 2 24 0 2
haar_x2
-0.041189  445.132813  64
-8.088576e-001  -6.362724e-001  -4.787933e-001  -8.075038e-001  -5.902522e-001  -1.909928e-001  -2.516980e-001  -3.192500e-001  -1.997040e-001  -2.263450e-001  -1.943578e-001  2.915864e-003  2.698308e-002  9.981023e-002  -8.591159e-003  1.396821e-001  6.402457e-002  1.762893e-001  1.503023e-001  1.425775e-001  9.446532e-002  2.093111e-001  1.162475e-001  2.117051e-001  3.066300e-001  1.532812e-001  1.789433e-001  1.028041e-001  1.825572e-003  1.162511e-001  6.021268e-002  1.295555e-001  8.867393e-002  9.773353e-004  1.598288e-002  -1.971456e-001  1.726111e-001  -1.159988e-002  -2.359992e-002  -6.763487e-002  -8.731602e-002  -2.552312e-001  -2.761535e-001  4.102414e-002  -2.983424e-001  -3.675449e-001  -3.575696e-001  -5.484295e-001  -7.732853e-001  -6.921172e-001  -4.824172e-001  -6.403022e-001  -6.225977e-001  -4.311301e-001  -5.712956e-001  -9.134554e-001  -4.381190e-001  -1.076236e+000  -8.904798e-001  -8.016633e-001  -1.012465e+000  -1.520633e-001  -4.704983e-001  -1.846352e+000  
0
1
3
18 4 6 20 0 -1
18 4 3 10 0 2
21 14 3 10 0 2
haar_x2_y2
-0.145270  189.586166  64
5.638511e-001  6.852670e-001  2.185864e-001  8.571485e-001  6.996785e-001  3.212158e-001  6.346397e-001  6.967925e-001  4.127675e-001  1.561687e-001  2.858640e-001  2.988204e-001  2.666911e-002  3.341163e-001  6.033774e-002  2.254678e-001  -2.018360e-001  7.416447e-002  -1.782355e-002  -8.847358e-003  8.175521e-003  -2.285930e-003  -9.923649e-002  -1.474875e-001  -1.849450e-001  -1.514159e-001  -2.794843e-001  -2.825099e-001  -3.102160e-001  -2.094852e-001  -1.855292e-001  -6.995986e-002  -1.817916e-001  -8.375159e-002  -1.329073e-002  -1.959388e-002  2.912267e-002  1.804750e-001  1.947566e-001  3.313921e-001  3.361008e-001  9.611446e-002  3.142565e-001  4.459203e-001  4.095384e-001  5.613626e-001  4.132924e-001  6.453194e-001  5.782633e-001  5.736346e-001  2.760610e-001  5.785298e-001  4.489206e-001  2.842661e-001  7.534130e-001  5.798578e-001  9.790568e-001  4.658197e-001  6.965007e-001  5.399817e-001  7.300029e-001  -8.603913e-002  4.145128e-001  7.408433e-001  
0
1
3
4 2 18 12 0 -1
4 2 9 6 0 2
13 8 9 6 0 2
haar_x2_y2
-0.112587  219.282288  64
-3.389797e-001  -2.903623e-002  -9.238721e-002  -2.493736e-002  -7.863592e-002  -3.419397e-001  -1.214406e-001  -2.076283e-001  -7.165022e-002  -8.901698e-002  -7.251019e-002  1.599575e-001  1.018382e-002  -1.922058e-001  -2.746989e-001  -3.492009e-001  4.604885e-003  -1.328902e-001  1.240195e-001  1.355283e-001  -3.988516e-003  3.151733e-001  1.298149e-001  3.178779e-001  3.375631e-001  2.275355e-001  2.288799e-001  2.506833e-001  1.867716e-001  3.100147e-001  5.199177e-002  1.947539e-001  2.988039e-001  1.830348e-001  -4.903549e-002  -3.312410e-002  -5.099521e-002  2.777111e-002  -8.114541e-002  -2.653858e-001  -3.953711e-002  7.960857e-002  -2.409343e-001  -4.809301e-001  -1.197294e-001  -2.031508e-001  -2.954644e-001  -1.859408e-001  -2.482359e-001  -3.381392e-001  -4.984511e-001  -1.901333e-001  -4.399975e-001  -2.758796e-001  -6.850742e-001  -1.733781e-001  -4.564930e-001  -3.960512e-001  -4.715721e-001  -8.751249e-001  -5.864750e-001  -4.522001e-001  -3.962288e-001  -1.140305e+000  
0
1
2
6 7 13 12 0 -1
6 10 13 6 0 2
haar_y4
-0.089056  219.678909  64
5.047662e-001  3.181657e-001  7.336457e-001  2.824584e-001  1.617111e-001  6.224987e-002  -3.393625e-001  5.562935e-002  2.119220e-001  4.958727e-002  8.765466e-002  -1.606590e-001  -1.458356e-001  -4.413874e-001  -2.048114e-001  -2.612785e-001  -3.045154e-001  -3.376136e-001  -2.274125e-001  -4.733438e-001  -3.594475e-001  -3.426915e-001  -1.645110e-001  3.764016e-003  -4.994871e-002  -2.089845e-001  3.102386e-002  1.407532e-001  1.854178e-001  2.412229e-001  2.563103e-001  1.454098e-001  2.637714e-001  6.961221e-002  2.638303e-001  1.460969e-001  1.283746e-001  7.393506e-002  2.087127e-001  3.006272e-001  2.817662e-001  3.078133e-001  3.187996e-001  1.881557e-001  2.126767e-001  5.729316e-001  2.268442e-001  2.735477e-001  -2.516102e-001  4.515917e-001  1.116195e-001  -7.509281e-003  1.855698e-001  -8.578911e-002  9.303334e-002  -1.743142e-001  -5.289857e-001  2.238783e-001  1.826686e-002  -7.861052e-001  -3.272418e-001  -4.133732e-001  -4.065874e-001  -7.094590e-001  
-1.985629 
