18 
0
1
2
5 4 12 8 0 -1
11 4 6 8 0 2
haar_x2
-0.094772  258.697418  64
-4.615377e-001  -4.404710e-001  -5.777202e-001  -8.590711e-002  -9.812286e-001  -8.148081e-001  -8.521665e-001  -2.781414e+000  -5.556774e-001  -5.101360e-001  -9.249926e-001  -1.046272e+000  -5.471112e-001  -8.276550e-001  -6.078113e-001  -9.704735e-001  -9.216194e-001  -6.902724e-001  -6.266133e-001  -4.069340e-001  -6.394854e-001  -4.275371e-001  -5.658377e-001  -5.066569e-001  -4.997079e-001  -4.852732e-001  -3.689912e-001  -3.298313e-001  -3.406844e-001  -4.431562e-001  -5.854546e-001  -3.268517e-001  -2.958910e-001  -4.652669e-001  -2.247049e-001  -5.745895e-001  -4.119940e-001  -3.395661e-001  -3.229648e-001  -3.781944e-001  -3.868218e-001  -6.098412e-001  -2.013478e-001  -4.067335e-001  -3.962194e-001  -3.806404e-001  -4.631494e-001  -3.168860e-001  -3.737698e-001  -2.911005e-001  -3.701704e-001  -4.506323e-001  -1.851143e-001  -8.837169e-001  -8.390552e-001  -1.005951e+000  -7.396058e-001  -7.730392e-001  -4.237892e-002  -1.329057e+000  -3.154119e-001  -7.528911e-001  -1.807575e-001  -9.611351e-001  
0
1
2
9 0 11 2 0 -1
9 0 11 1 0 2
tilted_haar_y2
-0.031466  923.810791  64
-9.320050e-001  -4.115530e-001  -6.145688e-001  -2.938133e-001  -6.411928e-001  -9.435084e-001  -3.568815e-001  -2.382792e-001  -2.292603e-002  -4.597783e-001  -4.025877e-002  -4.852856e-001  -4.155048e-002  -1.528463e-001  -2.293988e-002  4.717701e-002  1.321794e-001  1.320039e-001  1.930094e-001  5.732584e-002  1.258365e-001  6.903885e-002  8.436324e-002  -2.574594e-003  -1.498170e-001  -6.723858e-003  1.501197e-002  1.088111e-001  5.713585e-002  -4.688862e-002  -3.346428e-001  -1.500482e-001  -2.305849e-001  1.234514e-001  -2.559831e-002  -6.290582e-002  -9.654544e-002  9.944063e-002  1.235293e-001  -1.337249e-002  9.759977e-002  -6.054757e-002  2.396813e-001  1.601527e-001  3.501487e-001  6.740940e-003  1.462115e-001  5.023876e-001  5.461980e-001  5.664957e-001  3.441513e-001  5.309496e-001  3.575256e-001  -7.564835e-002  -2.970530e-001  4.803296e-001  2.958250e-001  7.023460e-001  5.116994e-001  5.883142e-001  4.966742e-002  4.839095e-001  6.759129e-001  1.151056e-001  
0
1
2
15 0 6 14 0 -1
17 2 2 14 0 3
tilted_haar_x3
-0.101462  265.487305  64
-7.903125e-001  -5.825328e-001  -6.569581e-001  -2.717355e-001  1.453588e-002  -5.229094e-002  -1.591978e-001  1.300572e-001  -1.974511e-001  1.441804e-001  -5.877522e-002  -2.477264e-001  -2.834774e-001  2.878872e-001  -8.505288e-002  -1.425976e-001  2.935046e-001  1.425599e-001  -3.756476e-002  3.483455e-001  1.797536e-002  3.285144e-001  1.483852e-001  9.747761e-002  3.287435e-001  1.544493e-001  8.363655e-003  1.834833e-001  3.133993e-002  -4.343825e-002  5.945884e-002  -1.813054e-001  -9.888819e-003  -1.437747e-001  9.490457e-002  1.219290e-001  -1.220393e-001  1.906155e-001  1.228140e-001  2.029230e-001  -1.047542e-001  1.126609e-001  -1.366573e-001  8.306675e-002  -2.644967e-001  -1.961689e-001  -1.279287e-001  -1.980775e-001  -1.183904e-001  -6.184182e-002  -6.083003e-001  -6.379384e-001  -8.952706e-002  -1.434787e-001  1.257710e-001  -3.767246e-001  8.525993e-002  -8.033245e-001  -8.692738e-003  6.077872e-002  -1.096255e-001  -5.959370e-001  1.957760e-001  -5.364010e-001  
0
1
2
12 3 8 7 0 -1
16 3 4 7 0 2
haar_x2
-0.079693  380.886444  64
-6.705069e-002  -4.098322e-001  1.099657e-001  2.553782e-002  -3.734195e-001  -3.975803e-001  3.997272e-001  -1.940188e-001  3.181428e-001  1.777953e-001  2.607196e-002  -1.724435e-002  6.279063e-002  -2.288775e-001  1.546196e-001  6.959488e-002  1.662819e-001  1.577284e-001  1.694933e-001  -1.465596e-002  1.362399e-001  -1.607247e-001  -3.006127e-002  1.277056e-002  1.252927e-001  -1.330995e-002  2.224205e-002  7.047132e-002  1.208175e-002  8.827847e-002  5.270759e-002  3.589614e-002  5.545899e-002  -3.072724e-001  -3.327645e-001  -6.392040e-001  -5.535603e-001  -4.068490e-001  -2.671928e-001  -2.190877e-001  -2.120837e-001  -1.374816e-001  4.116480e-002  -3.414859e-001  -1.354222e-001  9.860203e-002  -1.153510e-001  1.713548e-001  3.101673e-001  3.007582e-001  2.614676e-001  4.138674e-001  2.672510e-001  1.830638e-001  3.498313e-001  4.150187e-001  2.985206e-001  5.720093e-001  5.158120e-001  3.086784e-001  6.962523e-001  4.916207e-001  3.952523e-001  4.078521e-001  
0
1
2
11 5 7 4 0 -1
11 5 7 2 0 2
tilted_haar_y2
-0.034713  508.539185  64
-4.923135e-002  -3.997906e-001  -1.162050e-001  1.171617e-001  -2.925763e-001  -2.032059e-001  -7.746257e-002  5.554023e-002  -1.604776e-001  -1.947425e-001  -3.669893e-002  -3.102544e-001  -5.319956e-002  4.398759e-002  8.431359e-002  2.125113e-001  1.256074e-001  -1.776320e-002  3.194195e-002  6.859075e-002  4.488846e-001  2.604594e-001  2.331657e-001  -4.862852e-002  1.517106e-001  -2.720080e-002  1.090242e-001  -2.205004e-001  3.390817e-002  -4.582304e-002  -7.852150e-002  -3.149535e-001  -2.025235e-001  -3.347030e-001  -1.763336e-001  -2.206177e-001  -3.491136e-001  -6.674244e-002  -4.914356e-001  1.401236e-001  -2.377100e-001  1.309577e-001  1.611770e-001  -6.884836e-002  2.123539e-001  1.273093e-001  -2.240715e-001  -2.146865e-002  2.838167e-001  4.440314e-001  2.601838e-001  4.076513e-001  3.731983e-002  3.705972e-001  2.738473e-001  4.480910e-001  4.593961e-001  6.840737e-001  2.518995e-002  5.079640e-001  -3.844495e-001  1.456345e-001  -2.223680e-001  5.548471e-001  
0
1
2
14 1 9 3 0 -1
13 2 9 1 0 3
tilted_haar_y3
-0.042839  800.338562  64
-3.770933e-001  -1.180604e-001  -2.102212e-001  -3.711845e-001  1.879982e-001  1.749257e-001  -4.859890e-001  -3.158205e-001  -4.578715e-001  -1.628728e-001  6.888618e-002  -2.509355e-001  -3.971628e-002  1.919101e-001  1.799206e-001  -9.076799e-002  1.920177e-001  2.593848e-002  3.120603e-001  4.616662e-002  1.301455e-001  4.973012e-001  1.260759e-001  -3.967266e-002  1.601134e-001  3.441992e-001  1.210573e-001  3.554768e-002  9.743097e-002  -3.734146e-002  7.305366e-002  2.869140e-004  -1.340178e-001  -9.679244e-002  -4.021540e-002  -1.662605e-001  8.792540e-003  -1.266546e-002  -1.404197e-001  1.200495e-002  -4.300356e-002  -3.421836e-001  -3.817633e-002  -1.518539e-001  -1.817704e-001  3.992910e-002  -7.188233e-002  -2.938005e-001  7.261173e-002  3.668527e-002  1.528168e-001  -1.190634e-001  -7.660661e-001  2.292173e-001  -5.357683e-001  4.355771e-002  -8.772085e-001  -1.157697e-002  -4.242406e-001  4.293846e-003  1.568475e-001  -6.708258e-001  2.636940e-001  -1.017435e+000  
0
1
3
5 5 18 6 0 -1
5 5 9 3 0 2
14 8 9 3 0 2
haar_x2_y2
-0.072905  413.008118  64
-2.087042e-002  1.673564e-001  -1.912566e-001  -4.826279e-001  -2.235293e-001  3.643485e-002  1.230229e-001  -6.058317e-001  -6.762589e-001  -4.173901e-001  2.207356e-002  -1.829340e-001  -1.555391e-001  -1.464622e-001  -5.615701e-001  -1.626408e-001  -1.905712e-001  -1.862081e-001  4.598039e-002  -1.453060e-001  -4.460702e-002  9.534739e-002  1.857180e-002  9.123192e-002  -2.965642e-002  -1.775404e-001  -3.286347e-002  6.943311e-002  1.828268e-001  4.164435e-002  1.613346e-001  2.039326e-001  8.546855e-003  1.547666e-001  2.534850e-001  1.826618e-001  1.108566e-001  2.094328e-001  1.245853e-001  1.470334e-002  1.864813e-001  -4.922786e-002  -9.199247e-002  2.213383e-002  1.093472e-001  -1.387568e-001  -1.383536e-001  -8.226708e-002  -4.379863e-002  -1.484728e-002  -2.064791e-001  -1.588817e-001  -2.888202e-001  -6.468268e-002  -2.715333e-001  -1.633645e-001  -3.616975e-001  -8.202409e-001  -6.044764e-001  -7.213100e-001  -1.023152e+000  -6.547384e-001  -4.731687e-001  -8.182142e-001  
0
1
2
13 3 9 9 0 -1
13 6 9 3 0 3
haar_y3
-0.145166  272.116058  64
-3.510848e-001  3.861461e-001  6.910888e-001  -3.393591e-002  4.601467e-001  2.435169e-001  2.508889e-001  9.865966e-002  7.112165e-003  1.149028e-001  1.498287e-001  2.414335e-002  4.068928e-001  4.083467e-001  -3.488149e-001  2.158485e-001  1.903270e-001  2.527347e-001  2.054920e-002  1.345320e-001  -1.584500e-002  3.205286e-001  1.230985e-001  1.229058e-001  7.130876e-002  2.536449e-001  8.926047e-002  7.547929e-002  -2.341355e-001  1.320824e-001  4.987321e-002  -5.793732e-002  -1.451865e-001  -1.545268e-001  -1.713622e-001  -3.144280e-001  -9.691576e-002  -1.443019e-001  -4.474340e-002  -2.925237e-001  -2.420288e-001  2.948187e-002  -1.005889e-001  1.066914e-001  4.103051e-002  1.290659e-001  -1.092545e-001  5.832015e-002  4.431587e-001  2.232390e-001  3.552664e-002  -6.102382e-002  -8.045208e-002  2.679979e-001  1.012231e-001  -5.839649e-002  -4.439665e-003  -2.300820e-001  3.223190e-001  -5.752167e-001  1.770820e-001  -5.348760e-001  -3.076408e-001  -6.793697e-001  
0
1
2
15 3 6 15 0 -1
17 3 2 15 0 3
haar_x3
-0.081284  371.244659  64
-8.059313e-001  -2.492793e-002  -9.162627e-001  -5.084070e-001  -6.999298e-001  1.213525e-001  -4.461190e-001  -3.310739e-001  7.230558e-003  -3.421456e-001  -1.186173e-001  -2.491653e-001  -1.604565e-001  -1.736331e-001  1.364514e-001  -8.339459e-002  -3.214454e-002  1.619664e-001  -3.609066e-001  1.627896e-001  -1.099871e-001  1.250787e-001  8.365098e-002  1.969527e-002  1.366979e-001  1.307712e-001  1.388413e-001  5.931609e-002  9.532340e-002  1.087035e-001  2.030278e-001  1.037674e-001  1.311488e-003  8.694768e-002  2.970971e-003  -3.750199e-002  -4.463556e-002  5.408528e-002  1.336258e-001  -7.038028e-002  -2.479658e-001  -8.572362e-002  9.283883e-002  -2.087107e-001  -1.122616e-001  4.015109e-002  -2.595418e-001  -3.033824e-001  -4.883510e-001  -5.849859e-001  -5.070823e-001  3.113387e-002  -2.874574e-001  -4.693970e-001  2.279538e-001  1.311547e-001  9.855440e-002  -5.980882e-001  4.997198e-001  2.865978e-001  -3.802678e-001  2.481868e-001  4.540337e-001  -2.677926e-001  
0
1
2
16 0 8 16 0 -1
20 0 4 16 0 2
haar_x2
-0.223709  138.112778  64
-7.226270e-002  1.559173e-001  3.749883e-001  3.634408e-001  5.293070e-001  3.724351e-001  6.209136e-001  6.421338e-001  -5.377767e-002  5.164204e-001  2.743330e-001  1.433743e-001  3.968189e-001  1.229717e-001  3.384862e-002  4.865542e-001  7.871059e-002  3.473600e-001  2.214722e-001  2.755623e-001  2.017683e-001  1.891657e-001  6.799635e-002  2.021441e-001  1.206346e-001  1.941630e-002  1.008801e-001  2.446752e-001  8.543579e-004  -2.101001e-001  -1.683479e-002  -3.998209e-002  -9.537927e-002  -2.736753e-001  -1.679418e-001  -2.503377e-001  -1.039767e-001  -1.326202e-001  -3.534562e-001  -1.217347e-001  7.019351e-002  -1.725509e-001  -4.397511e-002  4.416436e-002  -1.491756e-002  -5.964568e-002  -1.211223e-001  2.964588e-001  2.069934e-001  -2.794864e-002  2.646614e-001  -1.330363e-001  -8.447376e-002  -1.760193e-001  1.332614e-001  -7.247509e-002  3.150879e-001  -1.101749e-001  2.093397e-001  2.787446e-001  -1.754909e-001  1.689722e-001  5.639333e-001  -3.922672e-001  
0
1
2
6 0 9 6 0 -1
6 3 9 3 0 2
haar_y2
-0.117186  285.571930  64
-3.112035e-001  3.047031e-001  5.787272e-001  1.232283e-001  -1.176542e-001  -1.008448e-001  -5.272458e-002  1.671107e-001  7.040116e-003  1.483220e-001  1.655933e-001  -5.448565e-003  8.753182e-003  2.668952e-001  8.838192e-002  3.523469e-001  1.423837e-002  1.514574e-001  -4.510601e-003  1.627078e-001  3.013091e-002  1.746836e-002  1.197375e-001  3.303180e-002  1.163436e-001  1.610679e-001  8.644050e-002  5.106510e-003  -4.794086e-002  -7.204057e-002  -2.318399e-001  -1.180515e-001  -1.783795e-001  -3.077124e-001  -1.372500e-001  5.748243e-003  -1.257867e-001  -2.538811e-001  -3.974947e-001  -1.624485e-001  -2.837803e-001  -1.463777e-001  -3.360428e-001  -1.886953e-001  6.578922e-002  -3.201212e-001  -1.127576e-001  1.480494e-001  -4.899777e-001  2.692822e-001  3.893090e-002  -1.996344e-001  1.090090e-001  2.161534e-001  -1.717184e-001  2.130309e-001  6.547301e-001  2.881964e-001  5.472319e-001  8.905578e-001  5.007291e-001  8.565809e-001  7.097970e-001  1.073181e+000  
0
1
2
10 2 14 8 0 -1
10 4 14 4 0 2
haar_y4
-0.134136  333.430969  64
-2.828673e-001  1.130802e-001  6.264231e-002  -3.041430e-001  -2.758649e-001  -2.360885e-001  -2.647066e-001  -1.624430e-002  -5.139346e-001  -5.114357e-001  -3.142923e-001  -3.155515e-001  -5.752422e-001  1.179431e-001  -3.355526e-002  6.378952e-002  1.396593e-001  8.311111e-002  -4.990739e-002  -3.255709e-001  -5.513559e-001  -2.346558e-001  -3.583157e-003  -1.913988e-002  -2.203921e-001  -6.416678e-002  -6.496252e-002  -1.471771e-001  3.000266e-002  -1.369466e-001  7.158436e-002  -1.018936e-002  1.573917e-001  -1.328155e-001  8.448718e-002  2.240053e-001  2.702960e-001  -4.203295e-003  2.437159e-001  1.244090e-001  1.827687e-001  1.912547e-001  1.778020e-001  -7.040231e-002  5.832132e-002  -1.134419e-001  -2.849373e-001  -1.414473e-002  5.424531e-002  -7.727443e-002  8.328079e-002  -4.242548e-002  1.975300e-001  -3.309509e-003  -2.856401e-001  4.343052e-001  -2.624316e-001  -4.507370e-002  5.115329e-001  -3.661349e-001  -2.690173e-001  -1.003997e+000  -5.630853e-001  4.892083e-001  
0
1
2
4 0 9 10 0 -1
7 0 3 10 0 3
haar_x3
-0.115067  381.551636  64
-9.315377e-001  -1.994875e-001  -3.401488e-001  -1.010462e+000  1.795152e-001  -3.665212e-001  -1.313068e-001  -2.250377e-001  -2.813451e-001  -3.444602e-001  -1.282727e-001  3.844059e-001  -9.397288e-002  -2.826214e-001  1.730617e-001  -1.580383e-001  -2.236204e-001  3.320149e-002  3.292840e-003  -4.327662e-002  -1.175387e-001  -1.081366e-001  -4.707785e-002  7.752456e-002  -9.287767e-002  9.873179e-002  3.736237e-002  1.682903e-001  1.021695e-001  1.493650e-001  8.327418e-002  1.625995e-001  7.801521e-002  2.309941e-001  2.673454e-002  1.180679e-001  9.535645e-002  8.830547e-003  -6.435054e-002  3.581896e-002  -7.438982e-002  -3.342406e-002  1.441548e-001  6.800269e-002  2.117112e-001  -1.278744e-002  4.591281e-002  -9.283374e-002  -1.265303e-001  1.674847e-001  6.052312e-003  -1.066517e-001  1.364306e-001  1.118737e-001  -5.791546e-001  -2.422647e-001  6.447179e-002  -2.349614e-001  -7.531016e-002  -2.519378e-001  -6.619968e-001  -2.627102e-001  -1.972693e-001  -5.959865e-001  
0
1
2
9 3 9 11 0 -1
12 3 3 11 0 3
haar_x3
-0.068704  239.173401  64
2.813324e-001  2.181672e-001  -3.074645e-001  2.845429e-001  -4.711239e-002  -2.565431e-001  -2.588454e-001  -1.909112e-001  -2.799263e-002  -8.695200e-002  1.428638e-001  -2.300447e-002  9.665677e-004  -2.817752e-002  1.743611e-001  -1.160835e-001  -1.140947e-001  -3.385015e-002  -7.320974e-002  -9.014694e-002  -6.162318e-002  -1.782301e-001  -1.017569e-001  4.859348e-002  -1.503200e-001  -3.195707e-001  -5.487622e-002  -4.470944e-002  -1.240958e-001  -2.161974e-001  -9.800717e-002  -6.995581e-002  -3.425929e-001  5.002248e-003  1.610554e-001  1.173000e-001  1.674027e-001  -5.880147e-002  1.752383e-001  2.108284e-001  -6.846435e-002  3.813912e-001  2.028152e-001  2.112754e-001  1.138100e-001  5.071388e-001  1.968579e-001  6.899586e-002  5.629030e-001  6.088625e-001  7.220303e-001  5.580848e-001  2.392869e-001  2.300715e-001  1.181948e-001  2.993830e-001  4.801148e-001  6.749462e-001  -1.018395e-001  1.938028e-001  7.304231e-001  3.313355e-001  5.302842e-001  5.578092e-001  
0
1
2
3 6 19 6 0 -1
3 8 19 2 0 3
haar_y3
-0.060127  310.925323  64
-5.904293e-001  -4.446368e-001  -2.246272e-001  6.639900e-003  -1.855304e-001  2.527773e-001  -1.178588e-002  1.984400e-002  1.777019e-001  3.754299e-002  2.046075e-001  2.456195e-001  9.096242e-002  1.043170e-001  5.047219e-002  1.192142e-001  1.434442e-001  -3.012343e-002  -2.466238e-001  -1.499221e-001  -1.545999e-001  -1.282580e-001  -1.706754e-001  -2.153695e-001  -1.534626e-001  -1.316252e-001  -1.779303e-001  -1.082387e-002  1.953024e-001  1.601050e-001  -3.849875e-002  6.607185e-002  2.041070e-001  1.762305e-002  1.650583e-001  2.586547e-001  2.281223e-001  3.715046e-001  1.715342e-001  -1.137400e-001  2.227158e-002  -6.840311e-002  8.271492e-002  1.090686e-001  8.327554e-002  2.082848e-001  -2.358753e-001  5.808788e-002  1.659778e-001  4.044793e-001  -3.120480e-001  3.509848e-001  6.145686e-001  2.046580e-001  1.617691e-001  -9.294695e-001  1.172637e-001  5.517401e-001  6.262738e-002  7.264788e-001  -3.924955e-001  5.996552e-002  3.391176e-001  -1.197905e-001  
0
1
2
0 9 11 9 0 -1
0 12 11 3 0 3
haar_y3
-0.076570  325.208862  64
-4.312102e-001  1.840456e-001  -1.128637e-001  2.563674e-001  1.243143e-001  -7.142595e-003  7.479044e-002  5.149490e-002  8.812273e-002  -1.158086e-001  -1.531018e-001  -7.902259e-002  7.679420e-002  -3.291791e-001  -1.895227e-001  7.401726e-002  2.038314e-001  -6.974066e-002  -3.481233e-002  2.710785e-001  5.836656e-002  -1.016627e-002  -5.701581e-002  1.513994e-001  -6.945406e-003  -9.789613e-002  1.870890e-001  -3.770232e-002  6.779162e-003  1.445215e-002  1.291034e-001  9.826885e-002  1.822265e-001  2.247472e-002  -2.766202e-002  -2.052064e-002  1.636207e-002  7.539205e-002  4.380323e-002  -2.525948e-003  2.547771e-001  2.136427e-001  -1.180614e-001  -5.665103e-002  -5.336318e-002  -1.151904e-001  -5.150951e-001  -4.796482e-001  1.082199e-001  -4.917164e-001  -6.746261e-001  -4.466815e-001  -7.553072e-001  -6.184708e-001  -1.081485e+000  -8.114405e-001  -4.038073e-001  -9.766428e-001  -9.686009e-001  8.106109e-002  -7.670287e-001  1.303460e-001  -6.857138e-001  -6.486315e-001  
0
1
2
5 6 18 14 0 -1
14 6 9 14 0 2
haar_x2
-0.318225  83.772324  64
2.999307e-001  2.975464e-001  3.086206e-001  2.261997e-001  1.318554e-001  -1.272228e-001  -5.173600e-001  2.288148e-001  -3.661824e-001  1.555946e-001  3.459495e-001  3.312417e-001  -3.582566e-001  -8.292945e-002  -3.514235e-001  -1.879987e-002  -4.199902e-001  -3.498127e-001  3.209078e-002  -8.098006e-002  -3.502776e-002  -1.066120e-001  -2.496330e-001  8.528646e-002  -2.007991e-001  1.918611e-002  -2.814773e-002  -9.860775e-002  1.176153e-001  5.169139e-002  1.771075e-001  1.504785e-001  -1.485019e-001  8.887301e-002  1.434695e-001  8.030107e-002  1.269060e-002  1.696314e-001  1.333319e-001  1.468589e-001  3.245304e-002  8.117102e-002  -1.438867e-002  -1.139702e-002  3.131134e-001  -4.854463e-002  -3.491616e-001  -9.273078e-002  -2.751308e-001  -1.623508e-001  -1.847218e-001  -3.473364e-001  -2.939793e-001  1.393999e-001  -6.095833e-002  -2.105908e-001  2.136207e-001  -1.504390e-002  -8.460250e-002  -1.529264e-001  -3.238450e-001  -2.592428e-001  -1.871341e-001  1.035830e+000  
0
1
2
10 18 14 6 0 -1
10 20 14 2 0 3
haar_y3
-0.078470  319.231079  64
-6.577160e-001  -3.039944e-001  -7.718285e-003  2.637703e-001  -4.259211e-001  -2.381941e-001  -3.494664e-001  -6.983627e-002  -1.021398e-001  4.519233e-001  -1.703936e-001  1.081099e-001  -2.930465e-001  1.844180e-001  -5.179768e-003  -1.966706e-002  -1.213344e-001  -2.214566e-001  -4.643083e-002  -2.155514e-001  -1.500420e-001  -1.383051e-001  -6.353134e-002  -2.293567e-001  -2.730522e-002  6.151749e-002  -3.736465e-002  1.071704e-001  4.384276e-002  1.771195e-001  9.774632e-002  1.984022e-001  4.203318e-002  2.876745e-001  2.126037e-001  2.742262e-001  -1.341100e-001  5.106099e-002  -5.927971e-002  -8.992789e-002  -4.661161e-002  -1.512642e-001  -2.657572e-002  2.288245e-001  3.771182e-002  -2.579896e-001  -1.689996e-001  -3.584746e-001  4.081902e-002  -4.003558e-001  -1.880147e-001  -1.079644e+000  -4.559537e-002  -1.585516e-001  -2.929868e-001  -3.376471e-001  -1.245018e-001  -1.042122e+000  -4.791664e-001  5.034135e-001  -5.865066e-001  -1.555147e-001  -5.845867e-001  3.316797e-001  
-2.016486 
