6 
0
1
2
4 4 14 4 0 -1
11 4 7 4 0 2
haar_x2
-0.076993  325.571716  64
-1.659105e+000  -1.120495e+000  -7.214357e-001  -9.318507e-001  -5.671965e-001  -9.093583e-001  -9.371933e-001  -9.334940e-001  -8.407905e-001  -8.680340e-001  -6.594551e-001  -7.173186e-001  -5.388786e-001  -5.150506e-001  -6.182327e-001  -4.290970e-001  -3.492911e-001  -3.014458e-001  -3.782487e-001  -2.057374e-001  -3.206977e-001  -2.518076e-001  -3.584263e-001  -3.109953e-001  -1.405953e-001  -3.002313e-001  -5.960841e-002  -1.050219e-001  -4.609768e-002  -1.004399e-001  -1.929623e-001  -3.947215e-002  -2.213045e-002  -8.696306e-002  -3.262962e-001  -1.983094e-001  -1.341476e-001  -2.147836e-001  -4.056004e-001  -3.898344e-001  -3.114942e-001  -5.914498e-001  -3.584290e-001  -5.525160e-001  -5.730194e-001  -7.121938e-001  -6.184381e-001  -7.243314e-001  -9.916002e-001  -9.366540e-001  -8.304302e-001  -1.498247e+000  -1.253092e+000  -1.510891e+000  -1.623540e+000  -1.339547e+000  -1.778137e+000  -1.759835e+000  -1.456022e+000  -1.495486e+000  -1.267519e+000  -1.287500e+000  -1.155149e+000  -1.629091e+000  
0
1
2
5 2 12 7 0 -1
9 2 4 7 0 3
haar_x3
-0.094934  254.100677  64
-4.270549e-001  -1.570949e-001  3.486495e-001  4.444152e-001  3.474445e-001  1.777563e-001  4.803778e-001  5.089954e-001  4.079367e-001  5.418651e-001  5.320132e-001  3.679110e-001  3.444757e-001  1.307491e-001  3.263294e-001  1.524683e-001  8.408733e-002  -1.215521e-001  -1.176676e-001  -1.589508e-001  -2.937844e-001  -6.238397e-001  -5.392016e-001  -6.414390e-001  -6.412197e-001  -6.803789e-001  -5.675065e-001  -4.915805e-001  -3.827249e-001  -3.310047e-001  -2.724419e-001  -2.445212e-001  -2.383834e-001  -2.070640e-001  1.210520e-002  -2.350623e-002  3.521371e-002  2.459424e-001  2.874586e-001  1.222238e-001  3.863381e-001  3.045286e-001  2.652992e-001  3.807493e-001  3.945185e-001  4.485222e-001  4.253889e-001  5.204617e-001  4.319952e-001  5.377960e-001  4.750880e-001  3.107139e-001  -5.368164e-002  3.117126e-001  1.134294e-001  4.596980e-001  2.177525e-001  -1.037776e-002  -2.921600e-002  -1.025908e-001  2.701389e-001  1.420754e-001  -4.107722e-001  -3.988259e-001  
0
1
2
20 0 4 24 0 -1
22 0 2 24 0 2
haar_x2
-0.191295  183.319733  64
9.279363e-002  5.365238e-001  5.291747e-001  4.505473e-001  3.718779e-001  3.317088e-001  1.036171e+000  8.256982e-001  1.150957e+000  1.239895e+000  1.423950e+000  6.197051e-001  1.185716e+000  8.759682e-001  8.150088e-001  6.933892e-001  1.143218e+000  1.162614e+000  7.145126e-001  8.464606e-001  2.919329e-001  7.142783e-001  4.265721e-001  7.633864e-001  5.779317e-001  5.547444e-001  3.322901e-001  2.642449e-001  6.991299e-002  1.737096e-002  -1.146072e-001  -7.903760e-002  -2.963046e-001  -3.378422e-001  -2.989657e-001  -3.557654e-001  -2.342545e-001  -3.074836e-001  -2.024300e-001  -1.101587e-001  -2.584168e-001  -2.966663e-002  1.696656e-004  -1.370901e-001  1.182266e-001  1.900999e-001  -7.683381e-002  1.665352e-001  -6.427661e-002  -2.263959e-001  3.086278e-001  4.716945e-001  1.402853e-001  4.435291e-002  -3.914181e-001  -1.721284e-001  2.067954e-001  -8.309542e-002  2.607375e-001  3.776074e-001  8.881464e-001  6.107402e-001  1.667301e-001  1.809690e-001  
0
1
2
7 0 12 6 0 -1
7 3 12 3 0 2
haar_y2
-0.157035  229.374603  64
8.909491e-001  6.808320e-001  1.058260e+000  8.632998e-001  8.464816e-001  1.098071e+000  7.933433e-001  6.659610e-001  4.528699e-001  7.156860e-001  5.422120e-001  5.814045e-001  7.316016e-001  4.873248e-001  4.101677e-001  5.254607e-001  5.324751e-001  1.872891e-001  1.461389e-001  3.265662e-001  2.703621e-001  3.257411e-001  2.540267e-001  3.815465e-001  2.990795e-001  1.737144e-001  2.523762e-001  1.785770e-001  1.515833e-001  -5.250215e-002  -8.972191e-002  -2.409316e-001  -2.052128e-001  -3.443677e-001  -4.725916e-001  -5.452877e-001  -6.537961e-001  -6.246238e-001  -3.979144e-001  -5.362175e-001  -6.174176e-002  -1.739965e-001  1.382936e-001  -1.046057e-001  -7.376518e-003  1.326592e-002  -4.093238e-001  1.742864e-001  -2.687023e-001  -4.066775e-002  3.404494e-002  2.697366e-001  2.548537e-001  1.707053e-001  -1.806926e-002  2.443994e-001  7.253823e-001  4.412371e-002  7.818850e-002  -2.346478e-002  5.192382e-001  7.990679e-001  4.526771e-001  3.290635e-001  
0
1
2
3 3 16 9 0 -1
7 3 8 9 0 2
haar_x4
-0.100002  239.986893  64
-1.769086e+000  -1.779815e+000  -8.678532e-001  -1.274905e+000  -8.547152e-001  -6.343342e-001  -7.501498e-001  -8.176449e-001  -4.463445e-001  -2.488841e-001  2.700720e-002  -1.523326e-001  2.678499e-002  -1.310227e-001  9.957168e-004  2.495051e-001  1.927279e-001  1.094656e-001  1.931733e-001  1.959769e-001  2.920857e-001  3.289850e-001  9.973460e-002  1.663284e-001  1.255397e-001  3.108644e-001  6.095092e-002  1.951642e-001  1.326109e-001  1.795903e-002  1.007779e-001  7.948289e-002  2.668612e-001  2.350153e-001  1.478232e-001  1.692362e-002  3.203554e-002  1.762597e-001  -1.721536e-001  7.696404e-002  -1.857083e-001  -1.364652e-001  -1.205022e-001  -2.285818e-001  -3.667711e-001  -4.845006e-001  -3.127475e-001  -8.360676e-001  -4.990197e-001  -9.546546e-001  -4.546514e-001  -8.268855e-001  -5.443542e-001  -9.423830e-002  -8.393293e-001  -4.311204e-001  -4.780888e-001  -1.070482e+000  -1.068014e+000  -1.099995e+000  -6.434268e-001  -7.679670e-001  -1.069019e+000  -1.627265e+000  
0
1
2
2 11 20 10 0 -1
2 16 20 5 0 2
haar_y2
-0.279875  147.040909  64
-1.852617e+000  -1.114565e+000  -1.027533e+000  -6.918008e-001  -6.981643e-001  -9.078818e-001  -8.998942e-001  -4.961071e-001  -8.607820e-001  -4.162484e-001  -6.622143e-001  -1.977743e-002  -1.260576e-001  -2.226810e-001  -3.051990e-001  -2.794556e-001  -1.453084e-001  1.520655e-001  1.597633e-001  3.620388e-001  2.346710e-001  1.873148e-001  1.731624e-001  3.575193e-001  2.514685e-001  2.196886e-001  3.532214e-001  3.537038e-001  2.752123e-001  1.102924e-001  1.650592e-001  4.961733e-002  1.466336e-001  2.774934e-001  6.089593e-002  2.892559e-001  6.694480e-003  -1.636061e-001  -1.409279e-001  -1.551550e-001  -2.874628e-001  1.066886e-001  -2.269586e-001  -3.431236e-001  -1.376884e-001  -4.495656e-001  -4.347275e-001  -4.800501e-001  -3.377120e-001  -4.959737e-001  -1.713556e-001  2.038314e-001  1.239958e-001  -1.156334e-001  -2.093384e-001  -2.543671e-001  -1.194909e+000  -1.026991e+000  -1.466193e+000  -8.171729e-001  -1.267264e+000  -1.195100e+000  -9.157507e-001  -1.636969e+000  
-2.144799 
