12 
1
2
13 0 6 9 0 -1
15 0 2 9 0 3
haar_x3
-0.064550  575.252380  64
-1.404317e+000  -1.067498e+000  -8.447727e-001  -1.004342e+000  -8.398166e-001  -7.659373e-001  -1.113891e+000  -4.490824e-001  -6.051543e-001  -6.864283e-001  -4.806759e-001  -6.544024e-001  -6.626352e-001  -5.910028e-001  -5.234407e-001  -2.464694e-001  -3.950052e-001  -3.550340e-001  -2.844193e-001  -4.550632e-001  -4.984303e-001  -5.743032e-001  -3.182236e-001  -2.095410e-001  -2.364365e-001  -9.151193e-002  -3.401963e-001  -3.393065e-001  -2.674100e-001  -3.117119e-001  -1.301651e-001  -3.886696e-001  -3.016154e-001  -3.240603e-001  -3.725033e-001  -3.119594e-001  -2.518814e-001  -4.400616e-001  -4.759028e-001  -3.289579e-001  -4.021394e-001  -4.593520e-001  -7.901590e-001  -5.857777e-001  -7.101957e-001  -5.671737e-001  -6.544768e-001  -5.848538e-001  -5.910171e-001  -9.869447e-001  -6.948092e-001  -6.184669e-001  -7.006422e-001  -6.134958e-001  -8.846108e-001  -1.030532e+000  -6.970510e-001  -8.682826e-001  -2.833328e+000  -5.433838e-001  -6.590546e-001  -7.989377e-001  -6.530775e-001  -6.312568e-001  
1
2
4 22 20 2 0 -1
4 23 20 1 0 2
haar_y2
-0.036771  786.879700  64
-2.423807e-001  -1.713042e-001  -5.962849e-001  6.408440e-002  -9.104525e-002  -4.741699e-001  3.271188e-002  4.615909e-001  -7.815055e-002  -3.098438e-001  5.017856e-002  3.220657e-001  -7.314533e-002  1.323736e-001  5.188158e-002  2.551766e-001  3.011989e-001  2.158873e-001  3.733872e-001  1.598496e-002  1.196847e-001  3.036237e-001  3.877533e-001  1.948938e-001  2.616849e-001  2.216383e-001  4.563471e-002  7.493381e-002  -7.401089e-002  -1.734483e-001  -1.067718e-001  -1.282133e-001  -1.845988e-001  -1.867920e-001  -3.450040e-001  -2.068117e-001  -2.374071e-001  -3.986948e-001  -1.660137e-001  -2.255488e-001  -2.805062e-001  5.508392e-002  -5.376994e-002  -5.562488e-001  -5.367343e-001  -4.965594e-001  -7.911234e-001  -1.214148e+000  -4.250288e-001  -3.364189e-001  -1.292983e+000  -7.154474e-001  -8.445635e-001  -7.913397e-001  -5.777282e-001  -8.901116e-001  -7.181742e-001  -6.894861e-001  -4.993280e-001  -5.193017e-001  -6.559910e-001  -3.120767e-001  -4.277671e-001  -1.206061e+000  
1
2
16 4 8 15 0 -1
18 4 4 15 0 2
haar_x4
-0.079493  237.421921  64
3.294971e-001  3.161557e-002  1.097631e-001  4.624274e-001  1.188299e-001  1.599890e-001  2.844417e-002  -4.217545e-001  1.175033e-001  -1.100833e-001  -5.504594e-002  -1.551977e-001  2.961474e-002  -6.493578e-002  1.074717e-001  1.261581e-001  3.754766e-001  4.221570e-001  5.979988e-001  5.889296e-001  3.399756e-001  1.057493e-001  3.273683e-002  -1.664814e-001  -1.800863e-001  -1.441571e-001  -2.195252e-001  -1.934056e-001  -1.435635e-001  -1.688588e-001  -1.500777e-001  -2.419368e-001  -2.558765e-001  -5.492022e-002  -3.167527e-001  -2.570834e-001  -2.152723e-002  1.191140e-001  3.257674e-001  1.975234e-001  -1.386357e-001  -1.100935e-001  -1.306806e-001  2.431110e-001  2.893304e-001  2.068521e-001  2.153331e-001  -5.822637e-002  -5.613791e-001  1.741882e-001  8.048789e-003  2.988228e-001  -2.586923e-001  1.326782e-001  4.840483e-001  7.210326e-001  -2.754219e-001  1.273455e-001  6.229209e-001  9.408206e-002  2.273469e-001  2.021019e-001  -1.930812e-001  5.555639e-001  
1
2
5 9 9 4 0 -1
5 11 9 2 0 2
haar_y2
-0.039951  822.959106  64
-7.456760e-002  1.054410e-002  4.769742e-002  -2.187523e-001  -9.065722e-003  -5.785353e-001  1.049243e-001  -1.851807e-001  -3.223787e-001  -6.324902e-001  -2.194104e-001  -1.980690e-001  -1.440757e-001  -1.530287e-001  -2.004966e-001  -1.276343e-001  -1.338268e-001  -3.323181e-001  -2.431997e-001  -3.786038e-001  -2.571516e-001  -7.968158e-002  -4.333031e-001  -3.353603e-001  -2.125260e-001  -1.259610e-001  -2.016783e-001  -1.561508e-001  -1.917333e-001  -8.720382e-002  -1.611981e-003  9.941506e-003  4.390363e-002  8.487378e-002  3.118877e-001  1.595186e-001  2.783409e-001  2.144098e-001  1.784879e-001  4.018950e-001  2.793787e-001  3.368718e-001  2.549856e-001  1.224673e-001  2.254316e-001  6.526011e-002  8.514763e-002  1.594038e-001  1.606712e-001  -2.848506e-001  -2.277466e-001  -2.213956e-001  -5.370486e-001  -8.066862e-001  -5.464609e-001  -6.419452e-001  -2.289217e-001  -1.092475e+000  -8.413774e-001  -3.029628e-001  -9.861417e-002  -5.020233e-001  -1.167909e+000  -1.440744e+000  
1
2
0 17 9 6 0 -1
0 19 9 2 0 3
haar_y3
-0.059255  409.229401  64
-9.833427e-001  -4.386255e-001  -6.802562e-001  -4.696077e-001  -5.132974e-001  -2.907847e-001  -5.442547e-001  -3.049778e-001  -1.554296e-001  -2.316925e-001  -5.059991e-001  -1.159506e-001  -2.904559e-001  8.941207e-002  -2.158419e-001  -2.168730e-001  -2.108206e-001  1.111171e-001  5.084858e-002  4.383135e-002  1.539275e-001  8.059844e-002  4.314212e-002  1.011463e-001  1.171528e-001  1.968172e-001  1.399101e-001  2.156184e-001  1.651291e-001  1.332822e-001  1.098610e-001  -4.658561e-002  -1.027220e-001  -2.128573e-001  -3.323017e-001  -3.725441e-001  -4.174389e-002  -3.398764e-001  -2.514851e-001  -2.686853e-001  -7.580349e-001  -5.449674e-001  -3.555198e-001  -5.519627e-001  -6.705503e-001  -4.605991e-001  3.474056e-001  -5.151758e-001  -1.334674e-001  4.783724e-002  -7.062462e-001  -1.138626e+000  -9.121648e-001  -6.703421e-001  -1.092359e-001  -3.461961e-001  -2.634627e-001  -1.074969e-001  -1.929421e-001  -1.112471e+000  -1.764788e-001  8.422470e-002  2.909305e-001  -6.550912e-001  
1
3
1 18 12 6 0 -1
1 18 6 3 0 2
7 21 6 3 0 2
haar_x2_y2
-0.067185  373.614349  64
5.971505e-001  3.709850e-001  -1.546024e-001  -8.299288e-002  -3.775120e-003  2.962380e-001  4.568328e-001  3.850579e-001  3.157623e-001  2.399187e-001  -1.366510e-001  2.653752e-001  1.603152e-001  3.502014e-002  2.019122e-001  3.413135e-002  -4.847856e-003  -7.442944e-002  1.857995e-002  -2.297410e-001  -6.925296e-002  -4.149004e-001  -3.180493e-001  -3.089330e-001  -2.448006e-001  -3.827260e-001  -2.722168e-001  -2.963787e-001  -4.564888e-002  -1.222359e-001  4.116162e-002  1.396547e-001  1.286252e-001  1.783353e-001  2.054958e-001  2.363016e-001  2.852066e-001  1.926560e-001  1.980760e-001  8.704429e-002  2.532898e-001  3.209646e-001  2.664402e-001  4.225879e-001  -6.147717e-002  3.462440e-001  6.045697e-001  5.094351e-001  4.881005e-001  -9.898331e-005  -3.554224e-001  4.314918e-001  8.988965e-002  6.528413e-001  3.826129e-001  6.972063e-001  -6.831527e-001  7.989354e-002  6.513039e-001  -3.573667e-002  -3.957977e-001  -1.294964e-001  1.323667e-001  -2.767670e-002  
1
2
7 0 4 11 0 -1
9 0 2 11 0 2
haar_x2
-0.030976  739.486938  64
-1.220437e+000  -7.641755e-001  -6.315066e-001  2.759688e-001  -2.494304e-001  -5.948198e-001  -2.068675e-001  -4.257318e-001  -3.059697e-001  -3.943679e-001  -6.440690e-001  -3.988012e-001  -1.506194e-001  -1.649148e-001  -2.051660e-001  -8.571803e-002  -7.744657e-002  2.524158e-001  1.502787e-001  1.281496e-001  1.492678e-001  3.747962e-002  9.539718e-002  9.143803e-002  -7.878205e-002  1.700907e-001  5.299507e-002  1.671028e-001  1.110770e-001  -7.811790e-002  2.212692e-001  5.794781e-002  3.703992e-001  -3.761585e-002  2.330482e-001  1.012779e-001  5.010254e-002  1.127098e-001  2.570798e-001  -2.118144e-001  -2.358058e-001  1.189962e-001  1.388713e-002  -3.137382e-001  -2.295137e-001  -4.688855e-002  -2.759598e-001  1.932834e-002  -2.879948e-001  -1.562253e-001  -4.182479e-001  -2.608516e-001  -6.955469e-001  -4.128552e-001  -2.281002e-001  -3.545247e-002  -5.374756e-001  9.103412e-002  -6.783622e-002  -2.351615e-001  -1.239321e-001  -3.182264e-001  4.562092e-001  -5.072111e-001  
1
2
6 4 9 6 0 -1
9 4 3 6 0 3
haar_x3
-0.078686  352.320496  64
-2.817728e-001  2.576715e-001  4.357429e-003  3.995441e-002  4.860641e-001  3.008040e-002  3.077412e-001  2.038048e-001  3.592332e-002  3.230342e-001  5.681039e-001  3.172282e-001  1.935746e-001  3.220679e-001  2.093482e-001  3.200238e-001  2.286120e-001  -6.682251e-002  -5.631553e-002  -7.109816e-002  -7.397982e-002  -1.248532e-001  -2.898913e-001  -1.940186e-001  -2.075424e-001  -2.554130e-001  -2.016068e-001  -4.430703e-001  -1.335614e-001  -2.184208e-001  -2.779910e-001  -2.221784e-001  -4.260539e-001  -1.444665e-001  -1.406264e-001  -1.078829e-001  -1.192619e-001  2.528941e-002  8.817150e-002  5.048491e-002  1.574469e-001  2.930534e-001  1.424494e-001  2.636332e-001  9.111296e-002  4.410265e-001  2.858026e-001  3.100431e-001  1.000762e-001  2.989275e-001  6.408181e-001  2.117028e-001  4.571795e-001  3.089464e-001  1.931657e-001  3.153435e-001  1.812277e-001  -7.146394e-002  2.469318e-001  6.902536e-001  -1.295245e-001  2.318407e-002  -2.874305e-001  2.864905e-001  
1
2
0 0 3 18 0 -1
1 0 1 18 0 3
haar_x3
-0.074257  386.000702  64
1.525616e-001  -2.277870e-001  1.392614e-001  -4.076431e-001  4.257646e-001  4.728483e-001  9.403347e-002  -5.819005e-001  4.114729e-001  4.157401e-001  3.866055e-001  1.792950e-001  3.337286e-001  -3.820699e-002  4.038686e-001  -2.015723e-002  3.842840e-001  9.124617e-002  2.254298e-002  -1.555082e-001  -1.120296e-002  -1.088460e-001  -2.062589e-001  -8.508793e-002  -1.763878e-001  -1.738172e-001  -2.125918e-001  -3.155625e-001  -1.954528e-001  -8.954614e-002  2.975118e-002  1.645916e-001  1.432198e-001  1.429612e-001  2.987413e-001  2.643901e-001  2.540459e-001  5.412707e-001  3.432095e-001  5.120247e-001  5.902489e-001  4.932771e-001  8.440623e-001  7.325170e-001  2.930303e-001  5.035840e-001  8.693856e-001  -2.538915e-001  -6.247437e-002  -1.531779e-001  -4.408329e-002  2.173642e-001  7.613341e-001  -8.608189e-002  -1.987579e-001  -1.385681e-001  -6.548302e-002  1.094457e-001  -1.798823e-001  8.295931e-002  -1.393557e-002  -1.456654e-002  4.685324e-001  -4.074762e-001  
1
2
0 0 12 3 0 -1
6 0 6 3 0 2
haar_x2
-0.059721  334.643860  64
-3.966736e-001  -5.356595e-002  -4.262077e-001  -3.306328e-001  1.647739e-001  -5.512812e-001  -4.609344e-001  -4.074809e-001  -4.343374e-001  -1.543990e-001  -4.285398e-001  -1.724508e-001  -2.160063e-001  -6.992403e-002  -3.648385e-001  -3.616103e-001  -3.246617e-001  -3.178390e-001  -3.281147e-001  -2.303762e-001  -1.732556e-001  -2.643231e-001  1.213499e-001  -4.292519e-002  5.767607e-002  1.077246e-001  1.747908e-001  5.961647e-002  1.774199e-001  1.936548e-001  1.779657e-001  2.459931e-001  2.895305e-001  2.058855e-001  1.906819e-001  2.016881e-001  1.158917e-001  1.313717e-001  2.878936e-001  1.879397e-001  2.272368e-001  3.917980e-001  3.072711e-001  2.666865e-001  3.878481e-001  5.198046e-001  -8.389354e-002  1.787353e-001  2.505515e-001  6.435983e-001  5.363234e-001  5.643796e-001  6.258630e-001  2.340327e-001  4.812368e-001  1.523762e-001  -2.325887e-001  1.860645e-001  5.398675e-001  -1.531758e-001  -4.172951e-001  1.220298e-001  1.623534e-001  -6.406942e-001  
1
2
17 2 4 9 0 -1
19 2 2 9 0 2
haar_x2
-0.030501  696.525818  64
2.158399e-001  -1.588494e-001  1.530588e-001  -4.586503e-001  -3.461682e-001  2.155831e-001  1.107939e-001  -1.904725e-001  -8.540505e-002  1.367746e-001  -1.102146e-001  -2.086841e-001  -2.724445e-001  -2.884558e-001  -5.164409e-002  -3.691975e-001  -2.686529e-001  -2.775815e-001  -1.247647e-001  -1.597805e-001  -2.915786e-001  -5.682946e-002  -8.514888e-002  1.665453e-001  -8.292446e-002  -2.513273e-001  1.322790e-002  -1.766396e-001  1.259998e-001  1.571948e-001  -3.047106e-003  -7.306958e-002  2.307999e-001  2.550533e-001  2.397762e-001  2.105356e-001  2.918138e-001  2.577036e-001  1.579429e-001  2.704873e-001  2.356458e-001  2.945096e-001  2.148345e-002  2.469558e-001  4.299898e-001  1.857172e-001  1.760547e-001  3.083416e-001  4.422220e-002  -2.969267e-001  -1.348824e-001  -1.856567e-001  -7.939301e-001  -1.410843e-001  -5.240060e-002  -5.390743e-001  -5.944788e-001  -3.887310e-001  -1.268491e-001  -1.181243e+000  -2.078694e-002  -3.123230e-001  -8.749077e-001  -1.681030e+000  
1
2
15 1 9 12 0 -1
18 4 3 12 0 3
tilted_haar_x3
-0.196498  140.941101  64
1.123014e-001  -5.386034e-001  3.837810e-001  2.034809e-001  3.294007e-001  2.552004e-001  6.904147e-001  1.951679e-001  2.042858e-001  -8.790580e-002  3.054588e-001  2.209836e-001  2.873369e-001  9.844320e-002  9.667490e-002  1.961386e-001  1.581099e-001  2.894958e-001  5.371149e-002  7.042017e-002  -3.402344e-002  1.404279e-003  -1.408605e-001  -3.828770e-002  -1.544109e-001  -2.205598e-001  -1.035211e-001  -2.680248e-001  -1.520447e-001  -2.575576e-001  -2.708704e-001  -1.613079e-001  -2.798930e-001  -2.596456e-001  -4.429643e-001  -1.555052e-001  4.695274e-002  -1.179346e-001  -1.125042e-001  1.677284e-001  -1.676170e-001  1.450719e-001  1.017155e-001  -6.677861e-002  4.064666e-001  5.716259e-002  4.767624e-001  3.496827e-001  3.385589e-001  6.739233e-001  4.165700e-001  6.382554e-001  4.798407e-001  5.253245e-001  1.468038e-001  7.221017e-001  9.841258e-001  3.352155e-001  7.903240e-001  5.279739e-001  4.418434e-001  2.416164e-002  7.865960e-001  -4.562182e-001  
-2.195914 
