4 
0
1
2
6 4 16 9 0 -1
10 4 8 9 0 2
haar_x4
-0.105885  208.640625  64
-2.046390e+000  -1.183602e+000  -1.157027e+000  -1.401939e+000  -1.182197e+000  -1.081553e+000  -9.373054e-001  -8.688995e-001  -8.006287e-001  -6.501710e-001  -4.457497e-001  -5.035939e-001  -4.906629e-001  -1.843804e-001  -1.544472e-001  -1.786908e-001  -1.410137e-001  1.010970e-002  1.405539e-002  1.015733e-001  9.721323e-002  1.079325e-001  7.984843e-002  -4.588844e-002  -1.307761e-001  4.480068e-002  -1.057759e-001  -6.642532e-002  -3.308271e-001  -8.347836e-002  -2.709764e-001  -3.132674e-001  -3.194835e-001  -4.198306e-001  -3.387205e-001  -5.517442e-001  -5.549117e-001  -8.366944e-001  -9.559953e-001  -7.154842e-001  -7.756828e-001  -1.006142e+000  -1.128929e+000  -9.629624e-001  -1.315357e+000  -1.462593e+000  -1.307395e+000  -1.645245e+000  -1.423163e+000  -1.393512e+000  -1.621416e+000  -1.630304e+000  -1.357980e+000  -1.483041e+000  -1.483474e+000  -1.513805e+000  -1.437766e+000  -9.701064e-001  -1.346118e+000  -1.170183e+000  -9.022238e-001  -1.032576e+000  -5.561652e-001  -1.707191e+000  
0
1
2
8 2 12 7 0 -1
12 2 4 7 0 3
haar_x3
-0.127983  215.316956  64
1.110579e+000  9.732858e-001  1.310081e+000  1.290661e+000  1.027872e+000  7.537935e-001  8.980190e-001  1.046279e+000  1.108987e+000  8.855693e-001  7.107072e-001  7.570891e-001  6.641638e-001  4.452122e-001  4.095204e-001  2.898579e-001  2.321653e-001  1.404048e-001  1.636941e-001  -1.517653e-002  -6.607534e-002  -1.008422e-001  -3.027842e-001  -5.873487e-001  -5.647470e-001  -6.871008e-001  -5.176297e-001  -7.277027e-001  -8.501626e-001  -7.240593e-001  -6.659315e-001  -5.406764e-001  -3.693416e-001  -3.131803e-001  -2.403812e-001  -6.709291e-002  -1.154779e-001  1.141239e-002  2.499403e-003  2.673347e-002  1.815169e-001  2.610953e-001  2.748694e-001  4.038213e-001  3.269399e-001  5.346121e-001  4.119321e-001  5.208606e-001  2.332993e-001  4.537257e-001  6.303382e-002  1.333214e-001  5.034371e-001  4.841573e-001  3.172090e-001  -1.347193e-001  2.308093e-001  -1.690770e-001  1.963579e-001  4.799317e-001  9.601530e-002  1.809233e-001  -5.225036e-001  -4.870911e-001  
0
1
2
14 2 6 4 0 -1
14 2 6 2 0 2
tilted_haar_y2
-0.079786  479.485260  64
7.529931e-002  1.818214e-001  -1.219516e-001  1.530615e-001  6.992662e-002  3.744884e-001  -2.731161e-002  2.313062e-001  5.659260e-001  4.726091e-001  4.570236e-001  3.183477e-001  2.991562e-001  4.252032e-001  4.564197e-001  5.308337e-001  5.230034e-001  4.204494e-001  2.543920e-001  2.916626e-001  3.403100e-001  1.760963e-001  3.208422e-001  1.983580e-001  3.371096e-001  2.250636e-001  4.792365e-001  3.871078e-001  4.295526e-001  3.343498e-001  2.214518e-001  1.725624e-001  2.084208e-001  1.388544e-001  -8.398779e-002  -1.683930e-001  -8.929096e-002  -1.480963e-001  -1.603262e-001  -4.125879e-001  -5.222763e-001  -4.675309e-001  -5.983831e-001  -7.357250e-001  -8.349864e-001  -6.459771e-001  -6.790543e-001  -1.309967e+000  -1.102526e+000  -1.255841e+000  -1.156493e+000  -1.269666e+000  -1.624584e+000  -1.131373e+000  -1.234952e+000  -8.087018e-001  -8.227877e-001  -9.707441e-001  -1.336226e+000  -7.939821e-001  -7.967584e-001  -6.078240e-001  -5.488068e-001  -9.822565e-001  
0
1
3
4 11 18 6 0 -1
4 11 9 3 0 2
13 14 9 3 0 2
haar_x2_y2
-0.084908  346.606049  64
-1.437418e+000  -1.121952e+000  -8.393364e-001  -9.096101e-001  -9.476169e-001  -2.888453e-001  -8.150551e-001  -7.678759e-001  -8.832088e-001  -7.568442e-001  -7.458531e-001  -7.155711e-001  -8.501155e-001  -6.334839e-001  -2.376675e-001  -5.702701e-001  -3.381923e-001  -3.394955e-001  -8.440315e-002  8.123329e-002  7.384601e-002  1.508189e-002  3.497225e-001  1.402978e-001  3.832017e-001  3.133919e-001  4.386339e-001  2.571836e-001  3.804507e-001  3.045309e-001  1.169596e-001  3.362828e-001  9.152674e-002  1.637665e-001  2.171028e-001  -2.445829e-002  3.192322e-002  -5.718362e-002  -2.279981e-001  -1.434486e-001  -5.251673e-001  -1.847718e-001  -4.005904e-001  -4.416954e-001  -3.567769e-001  -5.434964e-001  -5.729011e-001  -1.173481e+000  -7.438022e-001  -8.905281e-001  -7.911149e-001  -9.876565e-001  -1.055007e+000  -4.304574e-001  -1.072870e+000  -1.120543e+000  -9.514442e-001  -1.500226e+000  -3.909748e-001  -9.352373e-001  -9.499772e-001  -9.502385e-001  -9.357158e-001  -9.996532e-001  
-2.074269 
