6 
0
1
2
5 7 6 9 0 -1
8 7 3 9 0 2
haar_x2
-0.051612  515.204041  64
-1.096765e+000  -5.124809e-001  -4.132028e-001  -6.328289e-001  -7.014869e-001  -7.003963e-001  -5.698209e-001  -4.673008e-001  -5.256140e-001  -3.650222e-001  -3.438918e-001  -3.728663e-001  -4.007349e-001  -8.835248e-002  -1.344812e-001  -9.604433e-002  -1.421389e-001  -8.795114e-002  -9.131377e-002  8.361689e-002  -1.080731e-002  5.512919e-002  -7.830382e-002  -1.079163e-001  -1.326718e-001  -1.804047e-001  -3.095668e-001  -2.742397e-001  -3.739180e-001  -2.819885e-001  -4.031473e-001  -4.102415e-001  -4.383576e-001  -5.585100e-001  -4.844092e-001  -5.316091e-001  -7.409803e-001  -8.037869e-001  -5.952030e-001  -5.221375e-001  -8.499660e-001  -6.820211e-001  -7.108444e-001  -6.920269e-001  -8.115309e-001  -7.498887e-001  -7.228223e-001  -8.391972e-001  -7.467394e-001  -7.270896e-001  -1.003606e+000  -8.691302e-001  -7.015830e-001  -9.613950e-001  -1.304794e+000  -1.082780e+000  -1.207132e+000  -1.285966e+000  -8.506366e-001  -7.857347e-001  -6.432166e-001  -6.120239e-001  -3.908778e-001  -1.085150e+000  
0
1
2
5 18 14 6 0 -1
5 20 14 2 0 3
haar_y3
-0.080525  219.721313  64
-1.891249e-001  -1.321441e-002  -7.510630e-002  4.334914e-002  -1.382716e-001  -2.518262e-001  -3.852794e-001  -3.062852e-001  -2.675111e-001  -2.611025e-001  -3.555673e-001  -4.166071e-001  -2.588205e-001  -2.530789e-001  -3.101015e-001  -2.134169e-001  -2.688938e-001  -3.386459e-001  -3.586118e-002  5.669957e-002  1.327135e-001  2.573566e-001  3.265328e-001  4.187421e-001  3.642296e-001  4.044409e-001  2.180619e-001  3.175657e-001  4.146302e-001  -1.100185e-001  4.052999e-002  2.428444e-001  1.378598e-001  1.703807e-001  -1.342357e-001  3.692793e-001  1.331070e-001  -1.671685e-001  1.132849e-002  -7.161827e-002  -6.401770e-001  1.039607e-001  1.134197e-001  3.894574e-002  -2.512752e-001  -2.598897e-001  2.171756e-002  9.491497e-002  -5.773026e-002  5.001067e-003  1.578764e-001  -3.326010e-001  1.767386e-001  1.787612e-001  2.972358e-001  2.321726e-001  1.427813e-001  -4.964635e-002  2.763291e-001  3.079004e-001  2.368914e-001  -2.986511e-002  2.261320e-001  9.723308e-001  
0
1
2
7 4 10 6 0 -1
7 7 10 3 0 2
haar_y2
-0.109877  291.371582  64
6.071278e-001  6.903714e-001  1.956158e-001  5.126559e-001  4.148653e-001  3.560175e-001  4.426263e-002  1.845981e-001  6.218580e-001  7.107353e-001  8.497102e-001  1.630708e-001  3.678014e-001  2.539423e-002  9.121305e-002  4.217339e-001  2.143647e-001  3.251802e-001  8.655140e-002  -5.878685e-002  1.935308e-001  3.605200e-002  7.728188e-002  1.022111e-001  -1.796526e-002  -4.937502e-002  -1.229964e-001  -2.487628e-001  -2.119820e-001  -2.507485e-001  -4.829830e-001  -4.005841e-001  -5.069176e-001  -2.282293e-001  -1.994044e-001  -1.861336e-001  7.670939e-002  2.062585e-001  -5.578286e-002  2.971788e-001  8.895689e-002  2.704458e-001  3.004351e-001  1.997357e-001  2.878321e-001  4.109230e-001  1.744765e-001  2.835300e-001  1.949593e-001  1.390386e-001  2.327258e-001  7.567709e-002  1.768658e-001  2.523845e-001  -4.128466e-003  1.250548e-001  -1.160162e-001  1.582114e-001  -3.753040e-001  -1.604453e-001  -2.163044e-001  -3.176227e-001  -1.412997e-001  -8.174036e-001  
0
1
2
2 20 21 4 0 -1
9 20 7 4 0 3
haar_x3
-0.187625  151.482986  64
-4.234384e-001  -1.121634e-001  -4.577514e-001  5.729390e-002  -2.204709e-001  -2.133775e-001  -4.121493e-001  -8.919588e-002  -3.080173e-001  -8.038984e-002  -2.849659e-001  -1.636213e-002  -3.115193e-001  -3.012063e-001  -1.228934e-001  -2.280949e-001  -1.265533e-001  -1.168090e-001  -2.038455e-001  -4.524514e-002  -2.122745e-001  -9.204176e-002  -6.071174e-003  -2.210202e-001  -2.421976e-001  -2.119772e-001  -1.121228e-001  -9.200443e-002  -9.436044e-002  -1.374383e-001  -1.687502e-001  -1.207920e-001  -6.868456e-002  -1.011990e-001  -7.220420e-002  4.665801e-002  8.800173e-002  4.180742e-002  1.183781e-001  1.115649e-001  1.678404e-002  1.723016e-001  1.558388e-001  4.679226e-002  3.543714e-001  4.054425e-001  6.198894e-001  3.459170e-001  6.016251e-001  3.057199e-001  5.887240e-001  7.132125e-001  7.619616e-001  6.282072e-001  7.881573e-001  9.149711e-001  1.043270e+000  8.229218e-001  8.986984e-001  2.082031e-001  4.344333e-001  2.946262e-001  6.593559e-001  3.935483e-001  
0
1
3
9 5 10 12 0 -1
9 5 5 6 0 2
14 11 5 6 0 2
haar_x2_y2
-0.036248  408.683228  64
-7.049712e-001  -4.869071e-001  -4.542501e-001  -5.120389e-001  -3.803964e-001  -5.018247e-001  -4.082772e-001  -5.456872e-001  -5.333619e-001  -4.643377e-001  -2.200028e-001  -2.521092e-001  -1.931852e-001  -2.382466e-001  -2.508716e-001  -1.018161e-001  -1.240860e-001  6.113257e-003  2.093796e-001  1.418594e-001  1.300858e-001  1.426080e-001  9.673400e-002  3.197423e-001  2.085901e-001  2.247925e-001  2.477933e-001  1.544488e-001  3.052734e-001  1.434562e-001  1.507126e-001  2.029056e-001  2.475908e-001  2.660813e-001  1.193852e-001  2.100378e-001  -6.823259e-002  1.303967e-002  1.236700e-001  1.969304e-001  1.248937e-001  -3.194445e-002  1.594364e-001  2.781889e-001  4.060503e-001  2.590747e-001  1.408163e-001  2.923259e-001  -1.229168e-002  2.465758e-001  -7.919432e-002  6.245638e-002  3.711737e-001  2.423158e-001  -1.600744e-001  3.099288e-002  3.395730e-001  5.161481e-001  -3.841433e-002  -1.269854e-002  1.991331e-001  1.260864e-001  1.040286e-001  8.472376e-003  
0
1
2
2 1 20 23 0 -1
12 1 10 23 0 2
haar_x2
-0.657355  46.428635  64
9.093540e-001  9.907287e-001  1.031420e+000  9.255362e-001  7.274422e-001  4.178109e-001  3.748977e-001  3.848783e-001  4.458972e-001  2.053725e-001  1.507106e-001  2.629583e-001  3.285421e-001  -2.670101e-002  3.579793e-002  -3.954420e-002  -1.998637e-001  -1.965967e-001  -2.621381e-001  -3.397032e-001  -3.433167e-001  -1.001442e-001  -1.801423e-001  -1.170001e-001  -3.300706e-001  -1.842093e-001  -2.502326e-001  -1.904248e-001  -2.261078e-001  -1.989063e-001  -8.849578e-002  -6.881392e-002  -5.171789e-002  1.252287e-002  3.433640e-002  -2.097708e-002  1.133183e-001  5.715659e-002  -6.959431e-002  -7.610770e-002  1.735866e-001  -1.241761e-001  1.173394e-002  -8.582449e-002  7.283230e-002  -5.275886e-002  1.570334e-001  -2.800006e-001  -5.407006e-002  -4.982164e-002  1.720693e-001  5.174312e-001  3.358454e-001  5.065599e-001  1.775081e-001  4.395655e-001  5.953187e-001  3.797413e-001  6.491303e-001  5.037040e-001  5.852869e-001  2.669141e-001  2.285001e-001  -3.121261e-001  
-2.035561 
