30 
0
1
2
15 1 8 9 0 -1
19 1 4 9 0 2
haar_x2
-0.092175  261.382782  64
-2.593160e-001  -6.151596e-001  -6.939633e-002  -3.092113e-001  -2.753120e-001  -1.648219e+000  -1.178919e-001  -4.350401e-003  -7.906389e-001  -8.021055e-001  -1.550481e-001  -2.546793e-001  -8.277022e-001  -4.597505e-001  -8.448959e-001  -1.536265e-001  -5.126130e-001  -3.525230e-001  -8.283949e-001  -3.932088e-001  -5.282902e-001  -6.834176e-001  -9.736981e-001  -4.646696e-001  -2.947296e-001  -4.972020e-001  -6.367753e-001  -4.066624e-001  -7.573450e-001  -1.023173e+000  -6.263539e-001  -6.957356e-001  -8.774782e-001  -5.950852e-001  -6.765446e-001  -1.037413e+000  -7.186822e-001  -8.846338e-001  -1.185808e+000  -6.665075e-001  -8.287156e-001  -4.187393e-001  -2.801757e-001  -6.640469e-001  -3.252303e-001  -2.850503e-001  -4.998088e-001  -1.442986e+000  -1.441559e-001  -2.411950e-001  -4.340922e-001  -3.399048e-001  -3.417515e-001  -2.266898e-001  -1.200342e-001  -4.346423e-001  -2.171137e-001  -2.348115e-001  -3.613558e-002  3.661475e-002  1.070088e-001  -4.003988e+000  2.760269e-001  -7.019121e-001  
0
1
2
6 14 14 8 0 -1
6 18 14 4 0 2
haar_y2
-0.131187  252.787827  64
-1.230808e-001  2.343774e-002  -1.299995e-001  -1.213448e-001  -4.406077e-001  -4.374908e-001  -9.101061e-001  1.032081e-001  7.545243e-002  3.057564e-001  5.727832e-002  5.298322e-002  1.411730e-001  2.319395e-001  2.032507e-001  8.267850e-002  4.478753e-001  3.726417e-001  4.816072e-002  -9.981366e-002  5.002494e-001  4.605807e-002  2.126849e-001  1.986523e-001  -2.334533e-001  -4.804124e-002  7.022215e-002  4.378073e-002  -2.834498e-002  -6.211203e-002  -1.403899e-001  -2.534652e-001  4.791643e-001  7.810112e-002  -1.789254e-001  -5.815247e-002  2.761265e-002  -1.055324e-002  2.541286e-002  -5.411622e-002  1.771199e-001  2.912012e-003  2.953062e-001  2.440273e-001  -5.581112e-002  3.895175e-002  -1.345051e-001  -1.647741e-001  -6.252967e-001  -1.693525e+000  -1.277518e+000  2.288391e-001  -5.653328e-001  2.570821e-002  -1.109796e-001  3.042415e-001  4.790135e-001  1.811841e-001  2.674923e-002  1.996070e-001  -1.371027e-001  -7.480178e-001  -3.364576e-001  1.972393e-001  
0
1
2
8 13 15 9 0 -1
13 13 5 9 0 3
haar_x3
-0.180792  142.294449  64
-2.164137e-001  -2.874785e-001  2.430468e-001  2.988229e-001  7.614473e-002  2.806381e-001  9.487863e-001  1.687858e-001  4.915070e-001  3.849518e-001  4.447271e-001  1.337375e-001  1.513628e-001  -4.510908e-001  4.677461e-002  1.777928e-001  5.178835e-002  -5.287893e-002  8.059933e-003  4.033200e-001  -2.547943e-001  -1.033485e-001  2.506170e-001  5.302445e-002  -1.938206e-001  1.389402e-001  2.644613e-002  -1.358180e-001  -3.421597e-001  1.176759e-001  -4.491740e-002  -3.120752e-002  2.632334e-001  2.282870e-002  1.633233e-001  1.078400e-001  2.477724e-001  2.493283e-001  -4.237014e-001  -7.440710e-002  3.539391e-001  -4.177778e-002  -7.423784e-002  4.747020e-001  2.266064e-001  6.380071e-001  4.416738e-001  1.777172e-001  5.545232e-002  6.981854e-001  -7.706093e-001  2.750378e-001  -3.673298e-001  -3.060758e-002  -7.043648e-001  -3.441146e-001  -1.659505e+000  -8.145621e-001  -3.558450e-001  4.569288e-001  3.119980e-001  3.319169e-001  2.113582e-001  -9.978199e-001  
0
1
2
2 8 9 9 0 -1
2 11 9 3 0 3
haar_y3
-0.053645  414.021729  64
-9.024286e-002  4.727255e-001  -8.307759e-003  -1.046387e+000  -2.561259e-001  3.139913e-001  4.783233e-001  -5.347162e-002  -5.352653e-001  3.038320e-001  1.247700e-001  -2.541948e-001  -8.164738e-002  2.984079e-001  3.274320e-002  1.642700e-001  7.278814e-002  1.712015e-001  9.430458e-002  6.129150e-002  2.109825e-001  -3.332845e-002  -4.582885e-002  3.077236e-001  4.966936e-002  1.228977e-002  4.455588e-002  1.304651e-003  7.085809e-002  2.725516e-001  -3.770255e-003  2.322274e-001  -1.871788e-001  2.916068e-001  2.846337e-002  2.034256e-001  2.808864e-001  1.254623e-001  -1.106644e-001  1.157208e-001  -8.877727e-002  -2.844626e-001  -2.245975e-001  3.068761e-001  -8.607718e-001  -2.945767e-002  -6.757473e-001  4.428172e-002  -2.178471e-001  -2.003017e-001  -3.107982e-001  -4.101398e-001  -8.415352e-001  -8.070630e-001  1.814881e-001  2.574675e-001  -9.398079e-003  -1.341326e-001  -4.428338e-002  -7.719625e-001  -6.556436e-002  -4.211667e-001  -2.604560e-001  -8.233676e-001  
0
1
2
4 4 9 6 0 -1
4 7 9 3 0 2
haar_y2
-0.043550  431.788635  64
5.460572e-001  3.541572e-001  8.602175e-001  5.246168e-001  1.720767e-001  -1.341376e-001  4.857389e-001  1.491724e-001  1.407771e-001  1.885483e-001  1.971400e-001  2.333130e-001  -2.144511e-001  -1.472621e-001  -3.365501e-001  1.306435e-002  -3.602804e-001  -1.881617e-001  -2.139858e-001  2.683318e-002  -2.762117e-001  -6.900643e-002  -1.149185e-001  -1.863150e-001  -2.333350e-001  -2.376103e-001  1.698277e-001  -8.411945e-002  -9.578773e-002  7.681368e-002  3.824708e-003  1.827999e-001  1.109696e-001  1.105434e-001  3.936279e-001  2.844376e-001  5.043531e-001  2.865517e-002  2.552689e-001  2.230215e-001  -6.669479e-002  -2.834444e-001  -5.932421e-002  -7.397236e-002  -1.851161e-001  5.714675e-001  1.542762e-001  -1.668160e-001  -1.235609e-001  2.105612e-001  -2.739799e-001  3.966319e-001  5.759612e-001  4.850338e-001  -2.627200e-001  -1.413788e-001  8.343123e-001  5.013332e-001  3.293734e-001  -9.042943e-001  -1.627123e-001  -3.546998e-001  1.435396e-001  -6.323994e-001  
0
1
2
2 9 18 3 0 -1
11 9 9 3 0 2
haar_x2
-0.083205  328.643585  64
-2.560548e-001  3.034249e-002  4.570401e-001  1.992742e-001  -2.310526e-001  1.083107e-001  2.484301e-001  -5.165110e-002  5.010696e-002  3.873533e-001  5.868332e-001  4.111510e-001  3.422976e-001  -5.033231e-003  -3.267559e-001  2.592804e-001  -3.209129e-001  -4.173515e-001  2.018604e-001  -3.432263e-001  4.063556e-002  4.355865e-002  -1.222303e-001  -2.966883e-001  1.051703e-001  -9.581611e-002  -4.076658e-001  -2.212757e-001  -4.079833e-002  -6.833915e-002  -1.273366e-002  -1.544468e-001  -1.109041e-001  -2.625386e-002  7.201887e-003  2.522558e-001  -6.333781e-002  -4.752675e-002  -1.629020e-002  2.656434e-001  1.947626e-001  7.697942e-002  3.947755e-001  3.325201e-001  7.216842e-002  -1.079533e-001  2.235283e-001  -8.013013e-002  1.654323e-001  9.382294e-002  2.442758e-001  3.444580e-001  3.050578e-001  1.196548e-001  1.080023e-002  -4.134036e-001  4.729830e-001  -2.489847e-001  -3.970982e-001  -1.133695e+000  -6.881179e-001  5.988167e-002  -2.510119e-001  -8.927746e-001  
0
1
2
3 9 9 9 0 -1
6 9 3 9 0 3
haar_x3
-0.094602  335.315887  64
-4.138364e-001  3.953125e-001  -5.077012e-001  -3.764847e-001  7.259483e-001  -3.941367e-001  2.570642e-001  9.621517e-002  1.109396e-001  1.853062e-001  2.369609e-001  -3.390029e-001  1.448940e-001  -3.606831e-002  1.516200e-001  4.713481e-001  5.830175e-002  -1.030827e-002  -2.893362e-002  -2.759402e-002  1.671631e-001  -1.132552e-001  -9.676753e-002  1.044636e-001  -8.123831e-002  -6.410895e-002  -2.330002e-003  6.407265e-002  -7.684838e-002  -3.378652e-001  -2.600378e-001  -2.939193e-001  -5.119881e-002  -1.585042e-001  -1.661376e-001  7.170865e-003  -8.424275e-002  -5.840908e-002  1.581659e-001  8.699997e-002  1.900567e-001  2.850858e-001  1.104141e-001  4.127441e-001  2.174631e-001  1.904288e-001  1.364006e-001  2.780630e-001  5.918841e-001  2.743421e-001  4.120549e-001  2.184677e-001  2.438142e-001  -2.510715e-002  3.780706e-001  7.182356e-002  1.985351e-001  -7.956339e-001  -3.354272e-001  -7.970876e-001  1.111493e+000  4.286461e-001  -1.010730e-001  -8.706844e-002  
0
1
2
4 3 19 6 0 -1
4 5 19 2 0 3
haar_y3
-0.197799  245.310211  64
1.685410e-001  1.193890e-001  5.012741e-001  6.559509e-001  6.101000e-001  2.579332e-001  -1.738090e-002  6.598651e-001  6.968670e-001  4.302082e-001  1.144981e+000  8.211285e-001  4.456678e-001  5.781489e-001  3.221921e-001  -2.939287e-001  -1.847574e-002  -4.634998e-001  3.387271e-001  1.754236e-001  6.310075e-001  5.560796e-001  5.776840e-001  2.165787e-001  -1.575048e-001  5.246896e-001  1.933315e-001  2.258683e-001  5.089228e-001  1.857373e-001  2.207761e-002  1.462596e-001  2.967300e-002  -5.762236e-002  1.407694e-001  -1.194847e-001  1.864834e-001  -9.942141e-002  3.978154e-002  -4.618876e-002  -1.227281e-001  6.789805e-003  8.250235e-002  -1.802328e-001  -2.151980e-002  -1.771766e-002  -8.517690e-002  -1.835397e-001  -3.297131e-001  -1.384236e-001  -2.226525e-001  -1.468758e-001  -2.735673e-001  3.466379e-002  1.406478e-002  9.391740e-002  3.920177e-001  -3.664104e-001  3.871959e-001  6.195545e-001  1.548239e-001  3.518801e-001  3.317426e-001  -4.110399e-001  
0
1
2
0 10 24 14 0 -1
0 17 24 7 0 2
haar_y2
-0.479919  86.694595  64
4.525398e-001  5.337580e-001  1.733891e-001  3.345680e-001  3.704856e-001  1.040799e-001  -4.289607e-001  6.396748e-001  -4.384061e-001  -1.899752e-002  2.247278e-002  3.507563e-001  8.458986e-002  3.941903e-001  3.411500e-001  5.933192e-002  2.420107e-001  2.391055e-002  1.101228e-002  -4.385266e-002  1.247824e-001  8.463782e-002  -9.857420e-003  -8.862706e-002  7.581330e-002  2.187197e-002  -1.513494e-001  -1.315573e-001  1.643677e-001  4.142493e-002  -1.784694e-001  -1.296480e-001  -4.829763e-002  -1.251608e-001  -2.143171e-001  -1.363353e-001  -1.260295e-001  -2.118075e-001  -3.544137e-001  -8.434067e-002  1.846450e-001  3.643795e-002  -6.445861e-002  2.414875e-001  -6.488654e-002  3.836034e-001  -3.604325e-001  4.956394e-003  9.595420e-002  4.101238e-001  -3.867163e-001  -1.102814e-001  -6.978052e-001  4.091854e-001  5.633476e-001  4.140494e-001  4.432996e-003  4.090774e-001  4.062083e-001  -1.462340e-001  2.804810e-001  5.898860e-001  8.892812e-001  9.282092e-001  
0
1
2
14 1 9 9 0 -1
17 1 3 9 0 3
haar_x3
-0.109070  223.418762  64
1.233730e-001  2.173301e-001  -5.632697e-001  -6.388722e-002  -3.023853e-001  2.294536e-001  -8.671080e-002  4.425966e-001  -1.042293e-001  2.036110e-001  -1.117014e-001  2.266473e-001  1.025656e-001  1.419002e-001  -7.490627e-002  2.882159e-001  1.850754e-001  1.790205e-001  1.297602e-002  7.867540e-002  3.965905e-002  -7.793672e-002  -1.195945e-001  5.180775e-002  -1.237640e-001  -2.044526e-001  2.791454e-001  -5.252161e-001  -2.822850e-001  -3.846318e-001  -9.956628e-002  -3.436693e-001  -3.220314e-001  -2.157226e-002  -1.517344e-001  -2.957851e-001  1.448720e-001  6.588741e-002  6.980357e-002  -9.942795e-002  1.942169e-001  9.694272e-002  -1.502574e-001  -2.806064e-001  1.867874e-001  2.071073e-001  3.715590e-002  -2.645298e-001  1.824145e-001  -2.508545e-001  1.931036e-001  8.845249e-001  4.070294e-001  1.949267e-001  8.889747e-001  4.826465e-002  2.663319e-001  5.642653e-001  6.226627e-001  3.970972e-001  -5.745973e-001  6.747661e-001  4.260555e-001  9.478412e-002  
0
1
2
0 0 14 8 0 -1
0 2 14 4 0 2
haar_y4
-0.121155  282.026154  64
-6.807188e-001  -3.136306e-001  -5.200095e-001  -4.436708e-001  -4.725868e-001  -8.211700e-001  -1.374171e-001  -3.636357e-001  4.604498e-002  -1.744384e-001  -5.924883e-001  -3.329487e-001  -4.878870e-002  -2.495133e-001  -1.191299e-001  -3.413311e-001  8.557330e-002  -2.144400e-001  -8.539296e-002  6.809976e-002  -1.628260e-001  1.419718e-001  4.711848e-002  2.312813e-002  1.166985e-001  3.628668e-001  8.954975e-003  6.362748e-002  2.500490e-001  1.619740e-001  1.048331e-001  1.079090e-001  1.157088e-001  1.215769e-001  -5.578186e-002  -1.489760e-001  9.780288e-002  1.042164e-002  -1.800017e-001  -7.159264e-002  3.702484e-002  1.062254e-001  3.064568e-001  -1.563183e-001  2.059754e-001  -1.975495e-002  -3.375385e-001  -8.220550e-002  1.424253e-001  3.284856e-001  1.498363e-001  -5.694860e-001  -4.949542e-001  3.771710e-001  -2.090255e-001  -4.034274e-001  -2.347638e-001  -7.436101e-001  1.861449e-001  7.917089e-001  3.592010e-002  -6.044946e-001  2.843707e-001  -7.091545e-002  
0
1
2
14 2 10 15 0 -1
14 7 10 5 0 3
haar_y3
-0.175751  144.437302  64
1.760407e-001  4.706507e-001  6.055937e-001  -3.978794e-001  -1.789037e-001  -2.087827e-001  3.303920e-001  -9.522890e-002  2.584652e-001  -9.115822e-002  2.772666e-001  3.968574e-001  3.158838e-001  6.438759e-001  -1.185400e-001  1.089280e-003  -2.183973e-001  -2.667264e-001  -2.095124e-001  -1.993565e-001  -1.496465e-001  -5.392919e-002  -7.908012e-002  -4.748051e-001  -3.093095e-001  -3.908802e-001  -1.219275e-001  -1.166422e-001  -2.310933e-001  2.819719e-001  4.936446e-003  -2.688876e-002  -1.130571e-001  5.499353e-002  3.640387e-002  2.314879e-001  2.361856e-001  1.742214e-001  2.587379e-001  2.675258e-001  4.014449e-002  -1.043238e-001  1.030955e-001  2.635274e-001  6.889580e-003  -1.449604e-001  6.732200e-002  1.665872e-001  -7.918563e-002  -9.807178e-003  -1.637972e-001  -1.479370e-001  -1.535357e-001  -1.821346e-001  -3.838359e-001  3.473679e-001  -2.901474e-001  2.120853e-001  -1.585267e-001  2.276002e-001  -7.109145e-001  -8.104975e-001  -9.600285e-001  -3.655773e-001  
0
1
3
0 16 14 8 0 -1
0 16 7 4 0 2
7 20 7 4 0 2
haar_x2_y2
-0.105489  239.464554  64
1.506297e-001  2.085563e-001  -1.035066e-001  -5.889941e-001  4.977734e-001  3.005854e-001  -1.901505e-001  2.245544e-001  5.161409e-001  2.215676e-002  1.236587e-001  2.437974e-001  -3.246753e-003  3.508136e-001  -5.304321e-001  3.094521e-002  4.605780e-002  -1.443466e-001  -1.644486e-001  -2.348659e-001  -1.292150e-001  -3.618988e-001  2.170197e-003  -8.050214e-002  -4.128565e-002  -6.487687e-002  -2.935225e-001  -7.271075e-002  -5.799817e-002  -1.040853e-001  -5.970445e-002  -5.697791e-002  1.915504e-001  -7.040447e-002  1.888928e-001  -6.256739e-004  1.181262e-001  3.219931e-001  2.903086e-001  2.642180e-001  1.561641e-001  2.189527e-001  2.289465e-001  1.749727e-001  2.303955e-001  2.233217e-001  4.004017e-001  8.601236e-002  2.081872e-001  6.105531e-001  2.964726e-001  6.223818e-002  2.446057e-001  -1.787550e-001  -5.687060e-001  -1.354161e-001  1.102499e-001  5.169021e-001  5.076228e-001  -1.130053e+000  7.046257e-001  5.916326e-001  -6.742951e-001  3.055641e-001  
0
1
2
1 1 4 21 0 -1
1 8 4 7 0 3
haar_y3
-0.109953  210.084656  64
-3.466317e-001  -2.609230e-001  -2.466478e-001  -5.336075e-001  4.095476e-001  1.615352e-001  -3.696253e-001  2.032138e-001  -5.092634e-001  2.075954e-001  5.460379e-004  7.476241e-002  7.152242e-002  2.668182e-001  -8.615717e-002  7.425803e-002  2.070215e-002  -1.472193e-001  -1.171655e-001  -4.758292e-002  -1.894562e-001  2.812187e-002  -1.892949e-001  -4.773773e-003  2.712852e-001  -5.872571e-002  1.812056e-001  7.336432e-002  1.900612e-001  3.007338e-001  -1.795665e-001  1.285466e-001  4.958608e-002  -1.384786e-001  1.134719e-001  1.407904e-003  2.211682e-001  7.265173e-002  -1.030941e-003  2.546782e-001  2.689910e-002  -1.113925e-001  1.740083e-001  1.213704e-001  3.748635e-003  4.964981e-001  -2.403985e-001  -3.393194e-001  3.489630e-002  -2.538920e-001  -2.616475e-001  -4.354518e-001  7.965050e-002  -2.280595e-001  -3.345067e-001  -8.565211e-001  -4.477469e-001  1.302695e-001  -2.303899e-001  -7.512954e-001  -8.315191e-001  -3.318291e-001  3.587329e-001  -7.769788e-001  
0
1
2
4 0 6 14 0 -1
6 0 2 14 0 3
haar_x3
-0.060432  532.436218  64
-5.044498e-001  -3.575469e-001  -2.320337e-001  1.772166e-002  -4.909936e-001  1.171701e-001  -4.286760e-001  -3.668656e-001  -8.120202e-002  8.768062e-002  -1.808480e-001  -4.643181e-001  2.408985e-002  8.561685e-002  -2.139444e-001  -5.972151e-002  -1.692645e-001  -9.163466e-002  -6.438823e-002  2.339617e-002  6.565878e-002  1.664995e-001  1.719033e-001  -1.916955e-002  1.616472e-001  1.255139e-001  -1.003167e-001  4.621914e-001  9.414715e-002  3.170062e-001  1.036353e-001  2.290359e-003  1.059013e-001  1.461733e-002  -1.861834e-001  -8.604699e-002  2.031496e-001  -5.208693e-002  4.449929e-002  1.023829e-001  -1.297339e-001  -2.694009e-001  -1.086214e-001  8.382908e-002  -2.362738e-001  4.237695e-001  -1.755241e-001  -6.953739e-002  1.204609e-002  -2.617306e-001  2.318503e-001  7.872754e-002  -5.011470e-001  -7.041754e-003  -7.332972e-002  5.015047e-002  -6.375087e-001  -6.589050e-001  -3.449226e-001  -9.252615e-002  -6.178917e-002  -8.064614e-001  -5.332001e-001  -6.003582e-001  
0
1
2
9 10 4 14 0 -1
9 17 4 7 0 2
haar_y2
-0.098335  418.583252  64
-4.347869e-001  -1.187024e-001  -2.380757e-002  3.564666e-002  1.750746e-001  -5.761954e-001  -2.791200e-001  -2.422032e-001  -3.169541e-001  1.955570e-001  -3.562715e-002  1.209780e-001  -9.064114e-002  -3.437748e-001  -2.671682e-001  1.035738e-001  3.581180e-001  2.188745e-001  6.313989e-002  4.671241e-002  1.522845e-001  -1.055269e-001  7.453571e-002  -3.111307e-003  1.854266e-001  4.505327e-002  1.285644e-001  -4.223025e-002  6.237499e-002  -1.828652e-002  8.030372e-003  -5.743214e-002  6.160239e-002  1.998349e-001  1.808982e-001  6.110254e-002  -3.733886e-002  1.146709e-001  2.902862e-001  1.947553e-001  1.958551e-001  -1.725869e-002  -6.413090e-002  6.585815e-002  -6.870189e-002  1.649127e-001  -1.580479e-001  -3.863357e-002  -3.163167e-001  -2.741022e-001  -1.649802e-001  -5.177073e-001  -3.774091e-001  -2.267272e-001  -6.942794e-001  -2.890307e-001  -8.707430e-001  -3.106675e-001  -6.743794e-001  -6.109524e-001  -6.073633e-001  -5.586076e-001  -5.559143e-001  -4.378842e-001  
0
1
3
8 3 8 18 0 -1
8 3 4 9 0 2
12 12 4 9 0 2
haar_x2_y2
-0.096550  377.578400  64
-2.247445e-001  -1.327044e-002  -8.218504e-001  1.632156e-001  2.753095e-001  1.975792e-001  -3.271666e-001  -2.434905e-001  2.044272e-001  1.857777e-001  -1.131523e-001  -1.096871e-001  -9.265766e-002  1.230429e-001  -1.620201e-001  1.276174e-003  3.793416e-003  -2.214766e-001  -2.820911e-001  -2.364916e-002  -1.030916e-001  1.476551e-001  2.261697e-001  -2.672808e-002  -1.357290e-002  -1.784706e-001  1.396554e-001  -2.210684e-001  1.355141e-002  1.616789e-001  8.668478e-002  2.824451e-001  4.249268e-002  5.559820e-002  1.876522e-001  2.202759e-001  -1.467442e-001  1.648489e-001  -7.358999e-002  3.629857e-001  -5.485104e-002  2.137438e-001  -8.175729e-002  4.438454e-002  -1.648541e-001  2.034282e-002  2.748448e-002  -2.264037e-002  -5.431674e-002  -6.030859e-002  -1.732791e-001  7.148863e-002  -1.284335e-001  1.909655e-001  -2.696248e-001  -5.400496e-001  2.042941e-001  -7.195126e-001  -3.898320e-001  -5.286787e-001  2.361315e-001  -2.568958e-001  -6.124177e-001  -1.236634e+000  
0
1
2
16 7 7 9 0 -1
13 10 7 3 0 3
tilted_haar_y3
-0.141141  201.884888  64
2.601873e-001  -1.005526e-001  5.469377e-001  -1.627979e-002  -1.204019e-001  2.619029e-001  3.012388e-001  1.050977e-001  3.600189e-001  4.213044e-001  4.066672e-001  -7.812428e-002  1.976997e-001  -2.569258e-002  6.730418e-002  3.369214e-001  -8.169844e-002  -7.542492e-002  -1.030633e-001  5.383792e-002  -1.150053e-001  -1.664853e-001  -9.487641e-003  -8.804247e-002  -1.122969e-002  -9.086576e-002  -3.179098e-001  -1.749600e-001  -1.527438e-001  -3.309937e-001  -7.321592e-002  6.702929e-002  -9.283992e-002  -1.224789e-001  -4.291445e-002  -2.188083e-001  2.813879e-001  -1.267211e-001  7.372598e-002  -1.336388e-001  1.026300e-001  2.668428e-001  3.969737e-001  9.146737e-002  3.174641e-001  3.385393e-001  -1.931622e-001  4.057822e-001  4.245222e-001  5.068767e-002  1.725885e-001  -4.888488e-002  2.999652e-001  -1.893139e-001  2.138432e-001  3.449483e-001  4.714812e-001  -6.395458e-002  1.867047e-001  9.415000e-001  1.623338e-001  2.821574e-001  -5.295645e-001  -2.181519e-001  
0
1
2
1 5 20 6 0 -1
1 8 20 3 0 2
haar_y2
-0.018618  290.405334  64
1.189601e-001  5.521855e-002  4.070186e-001  3.551560e-001  -3.269147e-001  -1.989512e-001  1.843236e-001  2.044017e-001  -2.198957e-002  1.643320e-002  -8.942726e-002  1.377143e-001  1.450860e-001  -5.714386e-002  -6.792097e-003  -2.537995e-002  -3.007298e-001  -9.201000e-003  -3.747615e-003  -1.715820e-001  -1.546978e-001  4.705311e-002  -1.395344e-001  4.798851e-004  -1.223381e-001  1.239683e-002  -7.037630e-002  -1.727331e-001  1.242645e-001  -5.093149e-002  2.563647e-001  2.615218e-002  -4.640752e-002  2.332176e-002  -3.321248e-002  -5.405377e-001  1.570121e-001  -1.350593e-001  3.065145e-001  6.854502e-002  3.912170e-001  4.040004e-001  2.221469e-002  3.572656e-001  4.164378e-001  -1.823870e-001  4.451970e-001  2.698331e-001  2.453174e-001  1.988912e-001  4.931411e-001  9.887245e-001  6.692405e-001  -2.619877e-002  -1.214183e-001  3.632699e-001  -4.795306e-002  -6.902503e-001  3.266744e-002  2.375001e-001  3.150869e-001  6.154042e-001  -4.707679e-001  1.575284e-001  
0
1
2
15 6 9 9 0 -1
18 9 3 9 0 3
tilted_haar_x3
-0.145421  181.538177  64
-3.482288e-001  -1.113699e-001  -1.347480e-001  -9.938359e-002  1.589706e-001  -2.665594e-001  2.116102e-001  9.505688e-002  2.250349e-001  2.117540e-001  5.664269e-002  1.100672e-001  1.093399e-001  1.691772e-001  1.951590e-001  9.525310e-002  6.899009e-002  1.772300e-001  -7.604830e-003  3.655171e-002  1.117052e-001  8.769387e-002  5.313482e-002  -5.086698e-003  9.119751e-002  -1.909619e-002  -1.474536e-001  -6.931269e-002  9.520132e-002  -1.544412e-002  -3.001380e-002  -1.404533e-001  -1.252171e-001  -1.083064e-001  -1.351580e-001  -3.325818e-002  -5.537697e-001  1.398967e-002  -4.436485e-001  7.383537e-002  -5.575693e-001  -4.195817e-001  -2.195098e-001  1.641221e-001  -4.704196e-001  1.030955e-002  -5.791323e-002  4.386979e-002  -9.880369e-002  2.034741e-001  2.604656e-001  6.380512e-001  1.074552e-001  7.012997e-001  6.613151e-001  5.721182e-002  9.575588e-001  -5.185344e-001  8.764465e-001  4.798466e-001  1.337188e-001  7.565309e-001  6.112166e-001  1.130783e+000  
0
1
2
11 0 11 2 0 -1
11 0 11 1 0 2
tilted_haar_y2
-0.029039  1143.486328  64
-3.977087e-001  -4.976506e-001  7.065887e-001  -5.649381e-002  -5.180031e-001  -3.403420e-001  3.210911e-002  1.282926e-001  -5.426585e-002  1.138793e-001  -2.084974e-001  -3.067222e-002  -6.673266e-003  -6.752284e-002  -6.374854e-002  -9.389605e-003  1.566270e-001  -4.429693e-004  -3.369500e-002  7.348315e-002  7.872631e-002  2.400765e-001  1.937479e-001  3.518818e-001  1.199328e-001  3.794656e-001  4.231280e-002  8.079159e-002  2.567209e-002  -7.435516e-002  2.008832e-001  -2.548531e-002  -7.828176e-002  -2.601259e-001  -8.037944e-002  2.610236e-003  -1.234742e-002  -1.471929e-001  1.032689e-002  2.939334e-001  -2.595384e-001  1.706627e-001  1.208262e-001  -1.583265e-001  -4.585015e-002  -2.357997e-001  -9.282582e-002  -4.849492e-001  -2.708562e-001  -2.646249e-002  -5.059878e-001  -7.685338e-002  -3.415846e-001  -7.184157e-001  3.364225e-002  2.939163e-001  -1.752193e-001  1.386150e-003  -4.514334e-001  2.785470e-001  -2.883734e-001  1.625472e-001  1.154993e-001  -3.634066e-001  
0
1
2
12 1 5 21 0 -1
12 8 5 7 0 3
haar_y3
-0.058828  191.905838  64
6.489080e-001  1.493068e-001  5.926964e-001  -3.111997e-003  7.482530e-004  1.830611e-001  2.444639e-001  -1.453417e-002  6.830478e-001  1.397129e-001  2.612953e-001  5.659791e-003  7.770685e-002  8.120107e-002  1.760413e-001  -3.323904e-002  -1.724134e-001  1.478085e-001  -1.055064e-001  -1.136881e-001  -2.813798e-001  -2.723042e-001  -3.009509e-001  2.714583e-003  -1.612954e-001  -7.017747e-002  7.279856e-002  -2.820382e-002  -7.110843e-002  8.668353e-002  -7.848789e-002  4.836351e-002  -2.461741e-001  2.137581e-001  -3.172031e-002  1.255265e-001  -2.304688e-002  -3.982742e-002  -5.090034e-002  2.430168e-001  5.900187e-002  6.797449e-002  -1.571393e-001  1.245947e-001  -1.416681e-001  -5.064960e-002  9.615690e-002  -1.389630e-001  -1.774278e-001  5.520823e-001  1.093279e-001  -9.834969e-002  -1.351451e-001  2.687820e-001  2.385879e-001  9.029179e-001  3.651549e-001  2.873712e-001  8.056354e-001  7.840151e-001  -1.302644e-001  5.998598e-002  -2.923655e-001  4.687674e-001  
0
1
2
14 3 4 14 0 -1
14 3 2 14 0 2
tilted_haar_x2
-0.079048  371.086060  64
-4.829519e-001  -4.870180e-001  -4.507268e-001  -4.798193e-001  -3.694584e-001  -4.626833e-001  -6.991386e-002  -3.220406e-001  -4.531776e-001  -4.460396e-002  5.669548e-002  1.382422e-001  -1.235734e-001  -1.125752e-001  1.392925e-001  1.148601e-001  5.343416e-002  1.802521e-001  1.931918e-001  2.520565e-002  -1.002053e-001  1.094592e-002  2.945740e-001  2.294629e-001  7.188030e-002  2.306004e-001  1.381627e-001  9.999701e-003  7.516101e-002  -1.343364e-001  9.448831e-002  2.394725e-001  2.187282e-001  2.602868e-002  -2.201846e-001  -1.531160e-002  -3.173954e-001  -6.976698e-002  -8.740088e-002  -4.693497e-002  -1.244208e-001  1.648699e-001  -9.034245e-002  -1.781933e-001  -1.020314e-001  -8.524662e-002  1.324458e-001  -4.963008e-001  2.378247e-001  -2.075452e-001  -3.005415e-001  2.204449e-001  -3.288793e-001  -4.702042e-001  2.577938e-001  -3.058855e-001  -1.266574e-001  -7.354847e-001  -4.333284e-002  -1.002534e-001  -1.919573e-001  -3.517413e-001  -7.360147e-001  -7.920326e-002  
0
1
2
4 9 11 4 0 -1
3 10 11 2 0 2
tilted_haar_y4
-0.051260  404.058777  64
8.373986e-002  7.894267e-001  2.850796e-002  5.907969e-001  7.277416e-001  -6.153547e-002  2.207386e-001  2.060922e-001  6.426883e-002  7.957888e-002  8.392011e-002  6.583709e-002  1.421323e-001  1.432410e-001  1.833762e-001  2.113606e-002  6.591441e-002  2.821325e-002  3.493527e-002  -1.331691e-001  -1.087694e-001  -6.227747e-002  -7.385361e-002  -5.372268e-002  -1.335699e-001  -5.362092e-002  -1.620964e-001  -2.602034e-001  6.085140e-002  -8.005136e-002  -7.199452e-002  -2.524974e-001  2.006653e-001  1.650822e-001  -4.914838e-002  -4.187354e-001  5.806068e-001  1.741593e-001  1.729808e-001  -1.529063e-001  1.623760e-001  1.380906e-001  1.906226e-001  2.045680e-001  -2.557448e-001  1.048713e+000  1.700712e-001  -3.583701e-001  1.049920e-001  3.741039e-001  3.529531e-001  6.293873e-001  -3.520070e-001  2.346019e-001  4.920674e-001  5.546099e-001  9.812377e-001  6.684942e-001  3.488414e-001  1.118650e+000  2.046037e-001  3.293183e-001  4.632772e-001  1.395209e+000  
0
1
3
6 5 14 8 0 -1
6 5 7 4 0 2
13 9 7 4 0 2
haar_x2_y2
-0.046083  508.485229  64
-1.970560e-001  2.549124e-001  -3.749985e-001  -1.818825e-001  -2.787784e-001  -2.340874e-001  9.228878e-002  2.667926e-003  -2.236938e-001  -1.546882e-001  -3.941871e-002  5.686127e-002  -7.330242e-002  7.666112e-002  7.088400e-002  -2.204842e-001  -2.083887e-001  8.003522e-002  -1.629614e-001  -1.055398e-001  -7.313129e-002  -2.801042e-001  4.928188e-002  -2.728253e-004  3.061465e-002  1.262440e-001  1.116024e-001  2.279525e-001  1.755664e-002  2.416641e-001  1.962210e-001  1.967355e-001  1.038022e-001  2.262941e-002  1.129786e-001  1.098639e-001  -3.831122e-002  7.489225e-002  -3.934439e-002  1.918472e-001  3.378790e-002  -8.202287e-002  -7.345283e-002  -2.497627e-001  5.183122e-001  7.890832e-002  6.539746e-002  -8.295201e-004  -3.509313e-001  -3.737232e-002  -6.085908e-001  -8.260549e-002  -1.368771e-001  2.206925e-001  7.918160e-002  -3.745078e-001  -1.584606e-001  2.980843e-001  -7.545688e-001  -2.697785e-001  -9.046744e-002  -2.878781e-002  -7.362375e-001  -1.482801e+000  
0
1
2
14 1 9 10 0 -1
17 4 3 10 0 3
tilted_haar_x3
-0.160145  175.405502  64
9.184183e-001  6.364607e-001  7.452794e-001  4.674432e-001  1.588331e-001  3.627611e-001  2.786965e-001  6.008970e-002  -9.377173e-002  -7.258306e-002  -2.291895e-001  9.646985e-003  1.616011e-001  -8.420487e-002  1.555611e-001  -1.335968e-001  1.931204e-001  7.255682e-002  7.630302e-002  -1.851073e-001  -9.976148e-002  -6.699388e-002  6.122585e-002  2.311726e-002  -9.788421e-002  -1.597060e-001  9.804653e-002  1.135652e-002  -1.192990e-001  -2.299857e-002  1.327163e-001  -1.442647e-001  -3.528035e-002  -2.078445e-002  -1.321285e-001  -2.241544e-001  -3.222187e-001  3.356769e-002  2.674325e-001  7.072263e-003  1.062499e-001  -2.438546e-001  -5.738942e-002  4.725939e-001  1.427409e-001  2.765077e-002  1.020039e-001  -2.462248e-001  1.671734e-001  -1.669864e-001  1.554366e-001  8.721965e-002  6.647499e-001  4.505339e-001  -2.200910e-002  1.957812e-001  1.896451e-001  -3.031539e-001  2.869132e-001  5.858397e-001  1.018750e+000  4.833589e-001  9.785616e-001  9.127164e-001  
0
1
2
5 0 18 5 0 -1
11 0 6 5 0 3
haar_x3
-0.129796  196.003983  64
-3.789194e-001  -5.095267e-001  -3.108006e-001  -4.206589e-001  -3.229782e-001  -2.934025e-002  2.557108e-001  -2.667201e-001  -1.664050e-001  3.835740e-002  -9.349298e-002  2.436376e-001  2.040148e-002  -2.136598e-001  1.242366e-001  2.638167e-001  8.445103e-002  8.174157e-002  -7.784955e-002  -1.443241e-002  8.048160e-002  2.571132e-001  1.216371e-001  1.714525e-001  2.051793e-001  -8.533315e-002  -1.418984e-001  -1.768918e-001  -1.376006e-001  1.481322e-001  1.360738e-001  3.277719e-002  1.013839e-001  -3.098051e-002  2.526274e-001  2.252828e-001  2.787005e-001  8.493323e-002  -4.446113e-002  4.945830e-002  -6.389701e-002  2.582975e-002  5.280258e-002  -5.938441e-002  2.078683e-002  -4.145100e-001  -1.069852e-001  -1.768713e-001  -3.897623e-001  -2.045154e-001  -2.069918e-001  -1.807477e-001  -2.356391e-001  -2.627398e-001  -5.258961e-001  -2.677419e-001  -8.355027e-001  -1.048583e+000  -4.062844e-001  -1.725337e-001  4.860365e-002  3.376701e-001  -3.099829e-001  -4.852896e-001  
0
1
2
8 10 16 14 0 -1
12 10 8 14 0 2
haar_x4
-0.246329  107.583778  64
2.506807e-001  1.420561e-001  -1.014780e-001  1.294348e-001  -9.399081e-003  5.167082e-001  -8.140596e-002  5.343251e-002  -2.317656e-001  4.260326e-001  -1.459244e-001  1.844928e-001  -2.539701e-001  1.380341e-001  -7.932328e-002  2.458684e-002  -1.934815e-001  2.018733e-001  -1.740350e-001  2.344486e-001  1.465455e-002  -6.927335e-003  -2.022697e-001  -1.640266e-001  -3.208420e-001  4.487463e-003  -1.894333e-001  -1.744982e-001  -3.395122e-002  -6.553129e-002  1.245229e-002  1.157221e-001  1.341066e-001  -7.094076e-002  -1.578824e-003  -1.387593e-001  1.747226e-001  1.585446e-001  -1.561261e-001  9.626847e-002  -3.504576e-002  9.358159e-002  7.459866e-002  3.432997e-001  4.323357e-001  2.990914e-002  -4.396544e-002  1.270219e-001  -3.134548e-001  2.402635e-001  -1.230135e-001  7.773942e-001  -1.606013e-002  6.192957e-001  4.965839e-001  -5.061853e-002  1.851072e-001  -3.613787e-001  2.205670e-001  1.699192e-001  -9.672317e-001  3.377723e-001  7.777445e-001  1.537998e-001  
0
1
2
11 14 6 9 0 -1
14 14 3 9 0 2
haar_x2
-0.050047  488.088928  64
6.179659e-002  -5.121787e-001  -5.311055e-001  4.238262e-002  -1.235783e-001  -2.530687e-001  -4.934303e-001  -3.094831e-001  -3.172297e-001  2.711681e-001  -4.397425e-001  2.860583e-001  -3.365620e-001  1.960760e-001  -4.256122e-001  -1.003945e-001  -2.273194e-001  -1.378732e-001  1.118868e-001  -3.340519e-001  3.790298e-002  -7.808324e-002  -1.164608e-001  2.046724e-001  -4.899601e-002  2.071709e-001  8.763900e-003  1.341566e-001  6.538512e-002  2.645876e-001  2.332893e-002  2.985933e-001  2.367263e-001  3.011115e-001  -5.023667e-002  -1.206152e-002  -7.363281e-002  -1.763134e-001  -1.041896e-001  -2.505497e-002  -1.952428e-002  1.357536e-001  -1.425396e-001  -2.925284e-001  -8.998947e-002  -1.903826e-001  4.647174e-002  -1.738028e-001  -1.633532e-001  -1.651271e-001  -1.787593e-001  9.905414e-002  2.597342e-001  4.833597e-002  1.931303e-001  3.803249e-001  1.597599e-001  -1.717572e-002  1.888682e-002  4.901177e-001  2.928590e-001  -1.603584e-001  -3.095715e-001  -5.414003e-001  
0
1
2
7 4 10 6 0 -1
7 7 10 3 0 2
haar_y2
-0.012350  527.507263  64
-1.335521e-001  -8.279182e-001  -3.748573e-001  -1.902232e-001  -2.203191e-001  -2.087563e-001  -5.065217e-001  -4.069503e-001  1.157608e-001  7.005539e-002  7.060216e-003  -7.879230e-002  -1.870405e-002  -5.098253e-002  -1.232470e-002  -2.803698e-002  1.663684e-001  -2.294057e-002  1.938785e-001  2.368850e-001  -8.972427e-002  1.308854e-001  6.871244e-002  3.569645e-003  1.272354e-001  1.487900e-001  1.800253e-001  -2.098404e-001  -8.442083e-002  1.445916e-001  -1.104161e-002  1.392967e-001  7.042364e-002  2.184585e-001  1.992334e-002  1.386841e-001  3.260634e-001  8.037175e-003  -4.705989e-001  -2.483020e-001  2.409911e-002  -1.304874e-002  1.794431e-002  4.303888e-002  -2.950089e-002  1.474665e-001  1.862926e-001  1.226501e-001  -2.903490e-001  3.915930e-002  -7.290196e-001  -3.092504e-001  -1.383281e-001  1.277205e-001  1.699426e-001  3.899003e-001  -7.293109e-001  -8.406769e-002  -3.315216e-002  -1.618106e-002  6.051030e-002  -9.307701e-001  1.113010e-003  -7.813026e-001  
-1.943942 
