2 
0
1
2
20 0 4 14 0 -1
22 0 2 14 0 2
haar_x2
-0.138773  220.293015  64
7.239777e-001  6.187186e-002  7.777990e-001  7.726226e-001  4.288613e-001  8.464715e-001  7.547375e-001  8.871972e-001  8.038989e-001  8.311272e-001  7.007343e-001  1.031780e+000  1.186091e+000  6.363988e-001  7.668712e-001  7.388123e-001  5.708255e-001  7.764720e-001  5.729082e-001  -1.708702e-002  1.855548e-001  1.537297e-001  5.159184e-002  -1.664252e-002  -2.430165e-001  -3.813105e-001  -5.190959e-001  -6.539502e-001  -8.153793e-001  -9.216394e-001  -1.103435e+000  -1.021021e+000  -1.018090e+000  -9.491066e-001  -8.444554e-001  -8.169942e-001  -7.415820e-001  -6.489851e-001  -5.741112e-001  -4.610327e-001  -2.439799e-001  -9.037720e-002  -1.677880e-001  -2.541373e-001  2.010793e-001  4.420372e-001  1.402982e-001  4.940036e-001  -9.402096e-002  3.626110e-001  7.292324e-001  7.839654e-001  3.326831e-001  7.661956e-001  7.260882e-001  3.374590e-001  6.340404e-001  3.919824e-001  5.790437e-001  6.702423e-002  4.962741e-001  3.050661e-001  -7.097830e-002  -2.273809e-001  
0
1
2
17 10 4 6 0 -1
17 10 4 3 0 2
tilted_haar_y2
-0.047814  433.946930  64
-1.531441e+000  -8.835931e-001  -6.867784e-001  -8.538154e-001  -8.891577e-001  -8.937432e-001  -9.913316e-001  -7.340645e-001  -7.590962e-001  -7.325752e-001  -6.315517e-001  -6.351182e-001  -6.800853e-001  -6.270652e-001  -5.774531e-001  -3.363624e-001  -4.777948e-001  -3.231342e-001  -1.518153e-001  -2.137667e-001  -1.524343e-001  -2.135866e-001  -7.652146e-002  3.097372e-002  2.283095e-001  2.269783e-001  2.200633e-001  3.096806e-001  3.979971e-001  3.557649e-001  4.739392e-001  4.108444e-001  2.942464e-001  3.260358e-001  4.653174e-001  3.387517e-001  2.878053e-001  2.562436e-001  2.060969e-001  2.534173e-001  2.865234e-001  4.422775e-001  1.927112e-001  3.839269e-001  4.048658e-001  4.340028e-001  7.920780e-002  2.260419e-001  -1.674415e-002  3.858692e-001  -7.048222e-002  1.416340e-002  7.530151e-002  -1.226932e-002  1.877060e-001  -3.838277e-001  3.079625e-001  1.568602e-001  -2.496106e-001  2.939788e-001  -4.211397e-002  4.395932e-002  1.759895e-001  3.569924e-001  
-1.939302 
