16 
0
1
2
13 2 8 7 0 -1
13 2 4 7 0 2
tilted_haar_x2
-0.145432  233.936874  64
-1.138887e+000  -1.219169e+000  -8.256767e-001  -4.572267e-001  -9.191995e-001  -4.687573e-001  -5.346603e-001  -3.179662e-001  -8.341515e-002  -2.572230e-001  -7.451828e-001  -1.546883e-001  -2.321603e-001  -1.775381e-001  -2.681859e-001  -1.998377e-001  -3.121272e-001  -3.163767e-001  -1.758633e-001  -2.885025e-001  -9.747044e-002  -4.004929e-001  -3.380458e-001  -2.427436e-001  -2.410412e-001  -6.672652e-001  -6.196016e-001  -4.098045e-001  -6.249607e-001  -1.136394e+000  -7.608345e-001  -5.877392e-001  -6.148699e-001  -4.482097e-001  -5.065108e-001  -4.782959e-001  -5.487524e-001  -6.416491e-001  -3.784871e-001  -5.625750e-001  -3.603447e-001  -3.989631e-001  -3.981821e-001  -3.334275e-001  -3.910861e-001  -1.364463e-001  -4.079339e-001  -3.411354e-001  -3.047333e-001  -3.540189e-001  -6.023940e-002  -1.455709e-001  -1.462657e-001  -1.389433e-001  -2.639472e-001  1.845050e-001  -7.414689e-002  -1.221721e-001  -3.062346e-001  1.117290e-001  1.283921e-001  -2.960089e-001  -5.720865e-002  -7.935252e-001  
0
1
2
13 0 6 9 0 -1
16 0 3 9 0 2
haar_x2
-0.071474  408.766357  64
-5.820354e-001  -3.249263e-001  -3.760527e-002  -4.109406e-001  -3.801726e-002  -2.860559e-001  1.102721e-002  -1.759889e-001  -1.880464e-001  3.144360e-002  -1.995953e-001  1.332257e-001  -3.843116e-002  6.205084e-002  1.005092e-001  1.369554e-001  1.436185e-001  1.744557e-001  2.197592e-001  8.284347e-002  2.047570e-001  3.016615e-001  2.669242e-001  -6.892679e-002  2.242708e-001  8.791210e-002  8.736672e-002  1.570455e-001  -1.044336e-001  -7.472500e-002  -1.169316e-001  -3.473053e-001  -3.945046e-001  -3.889559e-001  -4.874635e-001  -4.630421e-001  -4.567226e-002  -2.319229e-001  -3.713671e-001  -4.768655e-002  1.929809e-001  -2.764078e-001  7.957207e-002  -1.434122e-001  -1.313415e-001  2.211228e-002  4.942307e-001  1.060097e-001  -2.043075e-002  -2.526483e-002  -3.685566e-002  9.010175e-002  3.041016e-001  -1.145152e-001  -3.089384e-001  -1.816886e-002  -2.458612e-001  -5.059446e-002  7.355315e-001  -3.791411e-001  -2.366803e-002  5.587753e-002  -1.409193e+000  -4.459319e-001  
0
1
2
4 0 6 15 0 -1
4 5 6 5 0 3
haar_y3
-0.193669  202.830917  64
1.589140e-001  1.122294e-001  2.959219e-001  6.936570e-001  9.687073e-001  3.463569e-001  2.026927e-001  6.132011e-001  5.526441e-001  1.632299e-001  2.169561e-001  4.559935e-001  7.821482e-001  3.115365e-001  2.364606e-001  2.518147e-001  3.225682e-001  2.668963e-001  2.033455e-001  1.877645e-001  4.305978e-001  1.321969e-001  -7.250955e-003  3.378375e-001  -2.141406e-003  9.248877e-002  1.267685e-001  1.802201e-001  -8.448791e-002  -4.891348e-002  -7.668920e-002  -8.138527e-002  -1.178835e-001  -2.835478e-001  -1.258122e-001  -2.314188e-001  -3.636487e-001  -3.235582e-001  -2.737764e-001  -3.267232e-001  -5.459815e-002  -2.185009e-001  -2.432015e-001  -3.428114e-002  1.860568e-002  1.181236e-001  2.571513e-001  7.317009e-002  9.751636e-002  -2.820581e-002  1.058517e-001  2.293795e-001  7.402060e-002  3.617377e-002  -1.990739e-001  3.476461e-001  3.936788e-001  -3.917281e-001  1.319613e-001  -1.544931e-001  -1.834304e-001  -2.003844e-001  -4.399073e-001  -4.065660e-001  
0
1
2
10 0 9 11 0 -1
13 0 3 11 0 3
haar_x3
-0.120352  243.334808  64
-5.812124e-001  -1.786362e-001  -9.085073e-001  -4.683485e-001  -9.369870e-001  5.002483e-002  -1.613608e-001  -1.147456e-001  -4.119332e-001  -6.330842e-002  1.411595e-001  1.528017e-001  3.011853e-001  2.485859e-001  1.696301e-001  -1.694943e-001  2.767268e-001  2.545185e-001  1.232043e-001  2.239216e-001  2.976387e-001  1.785280e-001  1.035972e-001  2.819121e-001  8.414844e-002  8.113220e-002  1.932444e-002  -2.230538e-001  -9.448400e-003  -4.552910e-002  -1.804363e-001  -5.322204e-002  -1.167743e-001  -3.326910e-001  -1.814789e-001  -1.072984e-001  -6.919440e-002  -1.643267e-001  -2.989625e-001  -1.465914e-001  -1.482625e-002  -3.610326e-002  2.414210e-002  2.822604e-002  3.602875e-001  -7.018439e-002  2.438893e-002  1.822802e-001  3.504466e-001  2.182243e-001  3.614521e-001  3.941341e-001  5.466617e-001  3.937056e-001  2.302535e-001  5.676275e-001  -1.470757e-001  2.117710e-001  5.179225e-001  -1.229237e-001  1.276970e-001  6.760748e-001  2.055013e-001  -1.364680e-002  
0
1
2
3 1 20 6 0 -1
3 3 20 2 0 3
haar_y3
-0.168278  196.988129  64
-3.519484e-001  -2.038994e-001  1.250995e-001  -6.787175e-002  -1.858459e-001  -6.167771e-001  -1.685862e-001  2.014158e-001  2.560070e-003  1.021482e-001  2.294468e-001  2.919383e-001  1.225289e-001  1.945784e-001  -2.732034e-001  1.762617e-003  -2.720762e-001  -5.309748e-002  -5.343550e-002  -1.517869e-001  -3.034085e-001  -2.794053e-001  -2.561187e-001  -2.630689e-001  -2.559886e-001  -8.432049e-002  -1.453859e-001  -1.759406e-001  -4.600826e-003  -1.487353e-001  -8.261055e-002  -1.061317e-001  -4.597896e-002  -1.931954e-002  -2.330348e-002  1.565354e-001  1.946010e-001  -1.029814e-001  1.446526e-001  3.246307e-001  6.270425e-002  2.906487e-001  3.423454e-001  1.963116e-001  4.553967e-001  6.967959e-001  3.389959e-001  5.931424e-001  3.687840e-001  8.316928e-001  4.004020e-001  7.201846e-001  7.457521e-001  1.228179e+000  3.560139e-001  3.824382e-001  -3.549701e-001  4.692569e-001  9.709123e-001  3.598596e-001  4.397182e-001  6.710487e-002  1.747892e-001  1.165237e-001  
0
1
3
2 9 22 6 0 -1
2 9 11 3 0 2
13 12 11 3 0 2
haar_x2_y2
-0.080786  334.304413  64
-4.667550e-001  -4.864011e-002  -4.822915e-001  -5.634652e-001  -1.055078e-001  -6.961866e-001  -3.733324e-002  -4.344451e-001  -5.484379e-001  -4.080717e-001  -1.933372e-001  -3.601339e-001  -4.380583e-001  -1.439052e-001  1.634445e-001  -1.713684e-001  -2.427080e-001  -5.171571e-002  -8.953641e-002  1.349919e-001  9.702623e-002  1.185398e-001  1.500233e-001  1.686473e-001  1.433864e-001  1.965758e-001  2.064828e-001  1.020704e-001  3.120945e-001  1.540178e-001  -1.447579e-002  1.386067e-001  7.521588e-002  -5.336868e-002  1.317804e-001  -1.174374e-002  -8.574456e-002  -1.065896e-001  -1.597516e-001  -1.222969e-001  -4.380560e-001  -2.146799e-001  -4.095618e-001  -5.585691e-001  -1.543909e-001  -1.367330e-001  3.841641e-002  -2.267402e-001  -5.487366e-001  -4.357482e-001  -3.976753e-001  -3.500688e-001  2.164701e-002  -7.494490e-002  -5.324176e-001  -4.428177e-001  -2.612251e-001  -3.470019e-001  -5.577791e-001  -3.286082e-001  2.091850e-001  -2.938649e-001  -1.606900e-002  -1.506472e-002  
0
1
3
5 7 16 12 0 -1
5 7 8 6 0 2
13 13 8 6 0 2
haar_x2_y2
-0.171807  173.507370  64
1.449400e+000  1.001585e+000  9.101341e-001  8.592419e-001  9.667276e-001  3.117314e-001  3.040098e-001  2.328853e-001  2.435771e-002  1.014680e-001  2.837823e-002  -3.130365e-001  -3.308621e-002  3.377693e-001  -1.185114e-001  2.386014e-001  -2.084799e-001  -1.141876e-002  2.922786e-001  -7.626086e-002  -2.376693e-001  -8.623131e-002  -3.332600e-001  -9.344330e-002  -7.631846e-002  -1.201158e-002  -3.186564e-002  -1.645348e-001  -5.083900e-002  -1.058467e-001  -1.361635e-001  -9.447793e-003  -1.327660e-001  2.759939e-002  -1.922144e-001  1.384063e-002  1.963207e-001  1.109214e-001  -3.125196e-002  2.964553e-002  2.203582e-001  1.248271e-001  1.873281e-002  1.491167e-001  -1.338642e-001  -9.031950e-002  3.541988e-001  -1.797106e-001  6.540562e-002  4.301170e-002  6.586823e-002  3.553833e-001  3.865857e-001  6.091253e-001  5.874362e-002  2.840158e-001  6.443991e-001  1.068257e+000  3.936573e-001  3.015128e-001  5.342165e-001  7.891456e-001  2.776132e-001  1.372534e+000  
0
1
2
17 0 6 14 0 -1
19 0 2 14 0 3
haar_x3
-0.068722  287.846100  64
-8.227640e-001  -7.940924e-001  -7.520696e-001  -3.604817e-001  -5.987030e-001  -4.330848e-001  -6.136016e-001  -4.693517e-001  -3.667237e-001  -5.272963e-001  -5.363892e-001  -4.351556e-001  -2.819332e-001  -8.733206e-002  -4.951438e-002  -1.227986e-001  -1.488135e-001  1.752447e-002  -1.298952e-002  9.289595e-002  4.846994e-002  1.836081e-001  1.542173e-001  2.233389e-001  1.030068e-001  9.389122e-002  1.650196e-001  -1.565278e-002  1.257846e-001  3.168573e-002  7.410078e-002  3.404922e-001  1.363045e-001  8.532687e-002  -7.278170e-003  1.339758e-001  -6.624557e-002  -3.646643e-002  -2.089118e-001  3.248426e-002  -1.519818e-001  -2.559789e-001  -2.479300e-001  -4.331737e-001  -8.142304e-002  -4.448297e-001  -2.563320e-001  -5.217037e-001  -1.957591e-001  -2.449004e-003  -3.129618e-001  -5.397599e-001  -3.164944e-001  3.658382e-001  -4.912646e-001  -4.742467e-001  2.025159e-001  -5.959594e-001  -2.923137e-001  -5.941292e-001  -8.817477e-002  -4.983570e-002  -3.838061e-001  -5.558418e-001  
0
1
3
0 0 18 6 0 -1
0 0 9 3 0 2
9 3 9 3 0 2
haar_x2_y2
-0.116041  309.356079  64
-1.366126e-001  3.607282e-001  4.541771e-001  2.922143e-001  8.572778e-002  1.732839e-001  1.872164e-001  -6.444050e-002  -5.904396e-002  6.427506e-002  9.293580e-002  3.660904e-002  -1.301736e-001  3.005554e-002  4.551647e-002  3.908593e-002  3.025451e-001  1.473595e-001  -1.514625e-001  3.394153e-001  1.911720e-001  1.056381e-001  7.344832e-002  2.159339e-001  9.360659e-002  1.382901e-001  2.279309e-001  6.555611e-002  1.611497e-001  1.419498e-001  1.947070e-001  2.040965e-001  9.464677e-002  -5.222718e-002  -8.111358e-002  -1.649370e-002  -6.799865e-002  -2.310309e-002  -1.647606e-001  -1.907418e-001  -2.018170e-001  -3.621702e-001  -4.126992e-001  -5.644353e-001  -3.177534e-001  -4.308707e-001  -3.262262e-001  -7.001615e-001  -2.168499e-001  -4.858384e-001  -3.978143e-002  -1.463731e-001  -4.895284e-001  -5.979977e-001  -4.341501e-001  5.284998e-002  -4.732905e-001  7.827373e-002  -3.630271e-001  -6.367974e-001  -9.041520e-001  -4.269162e-001  -6.522294e-001  -2.065280e-001  
0
1
3
2 13 20 6 0 -1
2 13 10 3 0 2
12 16 10 3 0 2
haar_x2_y2
-0.079442  402.988617  64
-3.406180e-001  -2.513369e-001  -1.125204e-001  -1.033411e-001  -1.465275e-001  2.608190e-001  -2.416621e-001  -1.948903e-001  -5.903178e-001  -1.400664e-001  -2.080974e-001  -4.350044e-001  -9.792586e-002  5.022072e-002  1.126987e-002  -9.963965e-002  -1.293238e-001  -3.187056e-002  3.881025e-002  -5.016945e-002  -2.118929e-001  -1.520403e-001  9.443373e-002  1.163155e-001  2.539887e-002  1.500039e-001  1.971315e-002  7.688554e-002  1.383248e-001  1.092918e-001  6.994455e-002  9.699637e-002  9.880722e-002  1.749400e-001  7.503396e-002  3.142002e-001  1.854004e-001  2.562956e-001  2.018181e-002  1.222184e-001  -7.193960e-003  2.336847e-002  -1.200189e-001  -2.995314e-001  -1.256425e-001  -1.946539e-001  1.180182e-002  -2.458414e-001  2.721152e-002  -5.172639e-001  -5.492711e-001  -4.991555e-001  -3.138928e-002  -4.856029e-001  -5.914791e-001  -3.765751e-001  -5.174738e-001  -8.059084e-001  -8.411850e-001  -1.458935e+000  -6.540630e-001  -4.508567e-001  -9.306581e-001  -7.986593e-001  
0
1
2
4 9 14 6 0 -1
4 11 14 2 0 3
haar_y3
-0.069097  364.929657  64
5.603352e-001  3.520249e-001  1.393076e-001  6.032896e-001  -6.429600e-002  3.769522e-001  1.683913e-001  -5.101329e-002  -2.880018e-001  -3.379239e-001  -1.640512e-001  -4.744525e-002  2.836071e-002  -5.543518e-001  -1.621621e-001  -9.690852e-002  -1.607422e-001  3.547748e-003  -2.193373e-001  -3.593729e-001  -5.251689e-001  -1.268092e-001  -4.107677e-001  -1.431009e-001  -9.046497e-002  1.295383e-002  -2.376131e-001  -2.571875e-002  -3.709845e-002  4.272755e-002  1.287940e-001  1.697086e-001  2.138711e-001  1.468751e-001  6.965846e-002  6.639127e-002  9.309223e-002  2.197437e-001  1.673412e-001  2.037842e-001  -1.231109e-001  2.426732e-001  1.077808e-001  1.377309e-001  1.604080e-001  2.808926e-001  1.963235e-002  1.394790e-001  -2.870231e-001  1.358204e-001  -1.702637e-001  -1.357751e-001  -5.508864e-001  -5.091512e-001  -3.123597e-001  -4.444333e-001  -8.785641e-002  -4.926300e-001  -7.326949e-001  -3.682550e-001  -7.493647e-001  -4.737670e-001  1.336102e-001  -1.580224e+000  
0
1
3
2 2 8 14 0 -1
2 2 4 7 0 2
6 9 4 7 0 2
haar_x2_y2
-0.069495  358.635681  64
-6.906891e-001  -4.076312e-001  -1.660355e-001  -3.600863e-001  2.531099e-001  -3.227120e-001  -2.524863e-001  -7.948383e-002  -1.407973e-001  -2.691199e-001  -8.944850e-002  -2.550215e-001  -1.224500e-001  -5.204615e-002  -1.730975e-001  -1.613246e-001  -2.149450e-001  1.419485e-001  -9.237953e-002  1.428635e-001  1.194379e-001  1.159766e-001  4.538764e-002  -9.432699e-003  1.617656e-001  1.589224e-001  6.010164e-002  2.119684e-001  1.394696e-001  1.201118e-001  1.582538e-001  1.103371e-001  1.121942e-001  1.843331e-001  9.063734e-002  9.573483e-002  -6.499554e-002  -1.527466e-002  8.276685e-002  -1.432611e-001  1.904432e-001  -1.981381e-001  7.106160e-002  -1.648009e-001  2.108035e-002  -5.262871e-002  -1.637402e-002  -1.433114e-001  -2.378854e-001  -4.916486e-001  -6.657557e-001  -9.186769e-001  -1.682091e-001  -7.223565e-001  -6.138303e-001  -6.558157e-001  -9.395689e-001  -1.267887e-001  -3.131297e-002  -9.915675e-001  -4.800023e-001  2.067904e-001  -5.648167e-001  -5.040047e-001  
0
1
3
0 2 6 22 0 -1
0 2 3 11 0 2
3 13 3 11 0 2
haar_x2_y2
-0.166261  182.323242  64
5.255814e-001  4.737531e-001  -5.059753e-002  5.709001e-001  1.012441e+000  1.198240e+000  5.910264e-001  1.675152e-001  3.419041e-001  2.367927e-001  3.204971e-001  1.579487e-001  3.087981e-001  4.004977e-001  3.103098e-002  -3.429726e-001  1.182818e-001  2.044418e-001  1.132790e-001  1.333177e-001  -2.336930e-002  -4.289438e-002  -3.743222e-002  -7.310373e-002  -7.097789e-002  -1.117334e-001  -2.131714e-001  -2.166862e-001  -7.528784e-002  -2.992724e-001  -2.218381e-001  -1.475966e-001  -7.464863e-002  -1.165657e-001  -1.268175e-001  -8.265939e-002  3.997575e-003  6.800909e-002  3.162476e-001  3.041950e-001  1.625795e-001  2.222581e-001  1.274033e-001  -7.888610e-002  2.212751e-001  1.220227e-001  2.574416e-001  1.573312e-001  3.067695e-001  3.951194e-001  5.855982e-001  3.000174e-001  4.552124e-001  8.240061e-002  3.604280e-001  3.661114e-001  8.571289e-001  3.629589e-001  5.170658e-001  2.230238e-001  3.483710e-002  6.348892e-001  -4.895163e-002  2.476999e-001  
0
1
2
14 2 9 9 0 -1
17 2 3 9 0 3
haar_x3
-0.118486  220.626297  64
-3.889209e-001  -1.969755e-001  7.781395e-002  1.070266e-001  -2.493891e-001  1.671422e-001  -5.369425e-002  3.011654e-001  3.680618e-001  -1.017881e-001  2.267830e-001  1.753750e-001  4.173471e-001  1.231218e-001  1.545803e-001  5.592540e-002  1.864486e-001  2.756462e-001  1.500414e-001  4.324469e-002  -7.243096e-002  4.056760e-003  -1.030363e-001  8.287892e-002  -9.261240e-002  -8.576091e-002  -3.471205e-001  -2.073783e-001  -2.284378e-001  -2.701240e-001  -2.174563e-001  -2.584613e-001  -2.646304e-001  -6.837977e-002  -1.409070e-001  -1.135410e-001  -1.152246e-001  -1.084220e-001  -1.027908e-001  2.419736e-001  3.884793e-001  -4.007404e-002  2.651303e-001  2.883325e-001  1.872811e-001  1.655997e-001  4.265067e-001  6.084726e-001  4.075704e-001  9.372229e-002  3.220163e-001  1.690389e-001  1.472539e-001  8.252312e-001  4.543290e-001  5.584044e-001  4.353812e-001  6.369814e-001  8.849167e-001  2.008403e-002  -4.283288e-001  6.698202e-001  3.078294e-001  3.323401e-001  
0
1
3
6 0 18 6 0 -1
6 0 9 3 0 2
15 3 9 3 0 2
haar_x2_y2
-0.083732  289.383270  64
-8.571115e-001  -8.878564e-001  1.537161e-002  -3.545229e-001  -6.332489e-002  -1.313843e-001  -1.660142e-001  -7.885219e-001  -2.333728e-001  -2.249223e-001  -2.720111e-001  -2.837137e-001  -2.699166e-001  -2.135279e-001  -3.128728e-001  -2.381004e-001  -2.019600e-001  -1.382625e-001  -2.060090e-001  -2.611426e-001  -9.362001e-002  -1.622731e-001  -3.717013e-002  -1.626806e-001  -7.063806e-002  6.954654e-002  6.094596e-002  1.797569e-001  1.404046e-001  1.875109e-001  1.804626e-001  1.539320e-001  1.465461e-001  2.602154e-001  1.007186e-001  2.621124e-001  2.901040e-001  2.402014e-001  9.790826e-002  7.919676e-002  1.663751e-001  5.626551e-003  3.071645e-002  -1.461677e-002  4.364992e-003  1.548046e-001  -5.856315e-002  1.725221e-001  5.164479e-002  -1.387874e-001  -3.532887e-001  -3.936060e-001  -2.029863e-001  4.839830e-001  -5.721276e-003  7.372240e-003  -2.620500e-001  1.089779e-001  -3.811571e-001  1.800744e-001  -1.965147e-001  -8.037184e-001  -1.860520e-001  -8.762097e-001  
0
1
2
3 0 17 4 0 -1
3 2 17 2 0 2
haar_y2
-0.135295  260.879974  64
-2.273987e-001  6.762071e-001  4.617164e-001  -2.485438e-002  -1.599477e-001  1.472544e-001  1.845175e-001  4.324184e-001  4.479309e-001  3.158002e-001  6.353828e-001  5.031013e-001  2.109858e-001  8.185115e-001  5.636728e-001  4.026530e-001  3.088328e-001  3.654866e-002  3.008016e-001  1.217386e-001  1.796614e-001  1.167455e-001  4.051474e-004  7.106145e-002  4.479535e-002  7.588193e-002  -8.956907e-003  3.001383e-002  -1.921750e-001  -1.879582e-001  -6.335577e-002  -1.531852e-001  -2.319144e-001  -1.445876e-001  -1.220972e-001  -2.100916e-001  -2.259426e-002  -2.706445e-001  -4.603882e-002  -3.616134e-002  1.750698e-002  3.901835e-002  1.336099e-003  2.143478e-001  2.647692e-001  -3.648368e-002  -1.127703e-001  1.278198e-001  2.560330e-001  1.371085e-001  3.196989e-001  2.182910e-001  3.093209e-001  9.485934e-001  4.341036e-001  4.720787e-001  1.040527e+000  9.392432e-001  6.258723e-001  4.745382e-001  9.968154e-001  -4.600385e-001  -3.428664e-001  -3.232043e-001  
-2.100618 
