12 
0
1
3
5 8 14 8 0 -1
5 8 7 4 0 2
12 12 7 4 0 2
haar_x2_y2
-0.060423  505.375458  64
-4.008693e-001  -4.687966e-001  -8.299601e-001  -5.484774e-001  -7.127963e-001  -9.215858e-001  -4.546164e-001  -5.027712e-001  -4.898581e-001  -7.848194e-001  -6.821312e-001  -7.182470e-001  -5.446332e-001  -7.825469e-001  -5.950372e-001  -5.408448e-001  -4.411873e-001  -5.194601e-001  -5.918000e-001  -6.275988e-001  -4.973218e-001  -3.028321e-001  -4.145630e-001  -3.636829e-001  -4.034299e-001  -2.791547e-001  -1.520339e-001  -9.687778e-002  -1.733708e-001  -1.495720e-002  -1.321737e-001  -1.277751e-001  -1.659560e-001  -1.757020e-001  -2.198590e-001  -2.950566e-001  -3.366572e-001  -6.032766e-001  -4.991009e-001  -3.520903e-001  -3.501414e-001  -5.981765e-001  -6.624169e-001  -5.542631e-001  -5.763249e-001  -5.923069e-001  -6.770981e-001  -4.842528e-001  -5.146650e-001  -9.010838e-001  -6.751785e-001  -5.262077e-001  -6.709679e-001  -8.252142e-001  -5.657209e-001  -4.787772e-001  -8.374931e-001  -6.607581e-001  -4.345481e-001  -6.509501e-001  -4.851850e-001  -3.708735e-001  -4.281396e-001  -7.636620e-001  
0
1
2
6 1 12 8 0 -1
10 1 4 8 0 3
haar_x3
-0.024229  314.331696  64
4.208968e-002  3.426779e-001  1.949776e-001  2.120112e-001  4.894038e-001  3.018490e-001  3.752300e-001  3.743334e-001  3.442116e-001  3.754929e-001  4.377919e-001  2.735747e-001  1.503268e-001  1.670435e-001  2.000879e-001  1.317579e-001  2.557458e-002  5.748866e-002  -9.988902e-002  2.294726e-005  3.137033e-002  9.193496e-002  -1.110455e-001  -2.181732e-001  -1.454850e-001  -1.676473e-001  -1.955965e-001  -2.032576e-001  -1.848315e-001  -1.749258e-001  -9.827819e-002  -1.552107e-001  -2.990264e-001  -3.174425e-001  -1.249101e-001  -1.866576e-001  -1.845971e-001  -2.387078e-001  6.197273e-003  -1.670159e-001  -2.215552e-001  1.144001e-001  -1.962100e-001  -5.196377e-002  1.469594e-001  1.992099e-001  2.372726e-001  4.401841e-001  -2.086107e-002  1.894604e-001  -3.470138e-002  2.925732e-001  1.702171e-001  -8.363274e-002  1.549201e-001  2.533352e-001  1.539976e-001  5.967329e-001  3.649045e-001  2.202642e-001  2.278590e-001  5.346754e-001  1.832008e-001  5.819938e-001  
0
1
2
8 11 11 2 0 -1
8 11 11 1 0 2
tilted_haar_y2
-0.020171  1299.736572  64
-7.200431e-001  -3.432810e-001  -3.910212e-001  -1.699147e-001  3.437029e-002  -3.881614e-001  -1.649793e-001  3.581275e-002  -1.679906e-001  1.252808e-001  -1.354234e-001  5.070087e-002  1.412676e-001  8.588865e-003  6.016184e-002  -3.593482e-003  1.832406e-001  5.099134e-002  1.521945e-001  1.614648e-001  2.377274e-002  7.939960e-002  3.167946e-001  1.856834e-001  1.458675e-001  -2.283019e-002  2.343776e-001  1.023139e-001  9.762645e-002  1.041895e-002  3.082445e-002  6.811427e-002  -1.545506e-001  7.217797e-002  6.832254e-002  -7.905264e-002  3.192808e-002  -1.089603e-001  -2.601455e-002  -3.787274e-002  -3.233100e-002  -6.835239e-003  1.473334e-001  -2.326357e-001  -1.336183e-003  -2.160179e-001  -3.186181e-001  -2.544532e-001  -9.362353e-002  -3.822372e-001  -5.139981e-001  -4.319764e-001  -3.307739e-001  -3.411317e-001  -2.111923e-001  -2.908952e-001  -1.548616e-001  -2.061047e-001  -4.251665e-001  -3.006965e-001  6.218502e-002  -2.388834e-001  -2.875302e-001  -8.655938e-001  
0
1
2
7 0 16 7 0 -1
15 0 8 7 0 2
haar_x2
-0.230836  162.152481  64
1.324172e-001  8.756617e-002  2.440616e-001  3.108788e-001  1.451428e-001  -3.525927e-002  1.842727e-001  9.463882e-002  1.711272e-001  4.813994e-001  2.022628e-001  -5.315323e-003  2.035014e-001  2.196305e-001  1.678551e-001  3.778915e-002  1.053311e-001  7.162072e-002  2.759715e-001  9.872763e-002  2.283080e-002  3.331989e-002  6.110945e-002  1.340184e-002  -6.531128e-002  5.878973e-002  -2.094062e-002  -4.888248e-002  -2.385122e-001  -4.551813e-002  -1.633491e-001  -1.008053e-001  -1.826839e-001  -1.312378e-001  -3.104074e-001  -1.333617e-001  -2.282439e-001  -3.671748e-001  -2.294522e-001  5.447612e-002  -1.658201e-002  -8.343216e-002  -6.404346e-002  2.068776e-001  -3.171078e-002  3.975737e-002  -4.146254e-002  6.121514e-002  9.417455e-002  3.931712e-002  1.425151e-001  1.353528e-001  4.381102e-001  8.273654e-002  5.903563e-001  3.868243e-001  7.228823e-001  7.662109e-001  6.652663e-001  -2.870559e-003  2.083488e-001  4.440548e-001  2.130137e-001  5.410176e-002  
0
1
2
8 15 9 9 0 -1
8 18 9 3 0 3
haar_y3
-0.144031  200.125122  64
1.060555e-002  -1.011327e-002  -3.244267e-002  3.845614e-001  3.071815e-001  1.115942e-001  8.062553e-002  2.640426e-001  3.540750e-001  2.221662e-001  2.090585e-001  5.503970e-001  9.622845e-004  2.215334e-001  6.166752e-002  -1.062011e-001  1.544795e-001  3.791486e-002  8.894671e-002  -5.362932e-002  8.669581e-002  4.087900e-002  5.062891e-002  -1.154926e-001  -6.942976e-002  -1.920896e-001  -1.109016e-001  -2.578356e-001  -3.036372e-001  -2.293172e-001  -1.355783e-001  4.809361e-003  7.617431e-002  1.057983e-001  9.417549e-002  1.016427e-001  1.405675e-001  1.652790e-001  2.674462e-001  2.356642e-001  2.105760e-001  2.314617e-002  6.438332e-001  2.710240e-001  2.857509e-001  2.736126e-001  5.136128e-001  2.107056e-001  1.910976e-001  2.111908e-001  -1.065811e-001  2.627067e-002  2.623448e-002  5.848354e-001  4.109156e-001  1.817184e-001  4.874724e-001  8.217799e-002  5.227059e-001  6.352006e-001  5.648381e-001  4.574055e-001  9.458710e-001  2.932736e-001  
0
1
2
12 3 8 12 0 -1
12 3 8 6 0 2
tilted_haar_y2
-0.209763  131.604782  64
4.961911e-001  1.576491e-001  -1.352057e-001  4.036283e-001  3.516568e-001  2.894306e-001  1.946075e-001  -1.669347e-001  1.314396e-001  8.591509e-002  7.431909e-003  -3.516815e-001  2.489607e-001  -1.673599e-001  -1.538382e-002  3.904040e-002  1.232879e-002  -6.563320e-002  -4.013653e-002  -1.617911e-001  -7.134987e-002  -3.303323e-002  -5.080489e-002  -7.875933e-002  -1.478510e-001  -8.209045e-003  -4.653075e-002  -5.802059e-002  -2.761550e-001  -2.551042e-001  -1.321617e-001  -9.882047e-002  -1.832650e-001  -2.533196e-001  -1.055797e-001  -1.010805e-001  -9.037257e-003  3.919820e-002  5.964964e-002  7.634585e-002  7.580729e-004  1.477950e-001  1.157366e-001  1.746925e-001  8.529762e-002  1.233924e-001  -8.581942e-003  2.867482e-001  2.662205e-001  1.286625e-001  3.572528e-001  -8.091334e-002  2.874288e-001  1.472272e-001  1.812799e-001  3.276052e-001  3.440360e-001  5.502599e-001  3.592662e-001  5.507445e-001  1.445064e-001  7.126806e-001  7.531036e-001  4.902096e-001  
0
1
2
7 1 6 10 0 -1
10 1 3 10 0 2
haar_x2
-0.015447  620.681396  64
-3.077342e-001  -4.786932e-001  -4.620110e-001  -2.122856e-001  -1.973798e-001  -3.246348e-001  -2.421993e-001  -2.189433e-001  -2.448627e-001  -2.537427e-001  -1.236724e-001  -7.979102e-002  -4.884660e-002  7.697276e-003  -5.976772e-002  1.849558e-001  8.736186e-002  1.893529e-001  2.518864e-001  1.280826e-001  1.638558e-001  1.119956e-001  -2.338056e-003  3.412951e-002  1.502608e-002  1.166459e-001  2.725476e-001  1.214585e-001  2.036576e-001  8.009458e-002  -6.973984e-002  4.210168e-002  -1.170462e-001  1.933332e-001  -4.046920e-002  -1.599407e-001  6.865679e-002  2.750812e-002  -8.542651e-002  2.314522e-001  5.122575e-002  -5.049152e-002  1.715308e-001  3.109799e-004  2.773029e-002  -1.574707e-001  -1.421488e-001  4.108377e-002  -4.736752e-001  5.883239e-002  1.193531e-001  -1.850280e-001  -1.901338e-001  3.823103e-001  -1.439442e-001  -1.060660e-001  -1.668510e-001  -3.996699e-002  -3.799015e-001  -4.713557e-001  -3.562814e-001  5.016346e-002  -3.180661e-001  -6.631836e-001  
0
1
2
4 3 7 12 0 -1
4 7 7 4 0 3
haar_y3
-0.164780  203.706268  64
2.206021e-001  -1.380994e-001  3.025478e-001  6.840041e-001  5.431362e-001  4.182158e-001  4.146805e-001  -2.013232e-001  -6.408737e-002  -1.296576e-001  3.700364e-001  3.133785e-001  1.609088e-001  3.217685e-002  2.385498e-002  4.047706e-001  2.105241e-002  1.844433e-001  3.022988e-001  1.615265e-001  1.723939e-001  2.364483e-001  1.391167e-001  1.497832e-001  1.728032e-001  8.904872e-002  1.397125e-001  7.288716e-003  -5.686783e-002  -2.494010e-001  -9.401949e-002  -1.748258e-001  -3.480910e-001  -3.286439e-001  -2.200693e-001  -1.428373e-001  -7.837305e-003  -4.673490e-002  1.557595e-002  -9.498238e-002  4.247795e-002  8.259603e-002  2.369578e-002  -1.096051e-002  2.596049e-002  -9.532048e-003  3.285004e-001  1.043557e-001  8.122356e-002  2.073154e-002  7.496429e-002  3.087024e-002  1.219275e-001  3.085162e-001  2.293432e-001  1.586112e-001  2.063489e-002  3.702168e-001  2.472662e-001  6.013098e-002  5.565873e-002  4.923024e-002  3.004858e-001  -2.503834e-001  
0
1
3
2 5 22 6 0 -1
2 5 11 3 0 2
13 8 11 3 0 2
haar_x2_y2
-0.068257  375.472107  64
-1.164882e-001  -8.534874e-002  -2.497591e-001  -2.593007e-002  2.863418e-003  -1.297976e-001  -2.224390e-001  -3.903670e-002  -1.873412e-001  6.260034e-002  -2.968250e-001  -1.409398e-001  -9.004819e-002  7.717478e-002  -7.481744e-002  -4.994710e-002  -2.563765e-002  2.233776e-002  -4.923213e-003  8.468351e-002  -3.846576e-002  1.604753e-002  8.566822e-002  1.768295e-001  2.124197e-001  2.256524e-001  2.228700e-001  2.308811e-001  1.825622e-001  6.149994e-002  1.926941e-001  1.293741e-001  -8.099169e-002  -5.724320e-002  -1.007678e-001  -4.461024e-002  -7.669677e-002  -1.058403e-001  -5.299283e-002  -2.117059e-001  -1.270898e-001  -1.471065e-001  -2.725027e-003  -9.510680e-002  -3.156122e-001  -1.996437e-001  -3.834145e-001  -3.257411e-001  -9.875787e-002  -3.630462e-001  -2.782045e-001  -5.163209e-001  -3.012081e-001  2.748516e-002  -3.248405e-001  -4.021660e-001  -2.804632e-001  -4.574382e-001  -6.271552e-001  -3.763351e-001  -6.634432e-001  -4.339882e-001  -8.386518e-001  -6.587260e-001  
0
1
2
5 4 15 8 0 -1
5 6 15 4 0 2
haar_y4
-0.156307  220.883224  64
2.758873e-001  5.729747e-001  4.141685e-001  2.387577e-002  1.813092e-001  1.754783e-001  6.532158e-002  -1.598814e-001  -1.989049e-001  1.969475e-001  3.803413e-003  -1.016155e-001  -3.238527e-001  -1.375213e-001  7.557405e-002  -7.128292e-002  1.714649e-001  -1.638039e-002  -1.629388e-001  4.244466e-001  -2.880578e-002  2.145692e-001  1.322665e-001  7.076000e-002  7.345686e-002  1.497983e-001  -3.332173e-002  8.994164e-002  1.243615e-001  1.281139e-001  1.583847e-001  1.441684e-001  1.323983e-001  -6.686314e-003  -6.667718e-002  -1.011751e-001  -7.976274e-002  -2.026236e-001  -2.726210e-001  -2.675544e-001  -2.623120e-001  -1.964463e-001  -2.110403e-001  -1.608105e-001  -1.845835e-001  -1.001821e-001  -2.077043e-001  -1.865021e-001  9.213112e-002  -3.127414e-001  -2.634513e-001  1.620970e-002  3.343849e-001  3.868504e-001  4.709184e-001  5.247132e-001  6.600779e-001  6.713316e-001  2.989813e-001  5.368142e-001  5.613017e-002  3.471109e-001  4.783163e-001  6.076347e-001  
0
1
3
7 8 10 12 0 -1
7 8 5 6 0 2
12 14 5 6 0 2
haar_x2_y2
-0.079913  440.782440  64
6.750639e-001  5.237145e-001  3.038985e-001  1.845211e-001  2.157512e-001  5.346496e-002  3.430233e-001  -1.821817e-001  1.188916e-001  -6.689010e-002  -1.201778e-001  -5.093617e-001  1.753039e-001  -1.805474e-001  -1.807073e-001  -1.270862e-001  -1.930780e-001  -1.290914e-001  -2.093615e-001  -1.367477e-001  -3.818466e-001  4.110974e-002  -2.403406e-001  -7.859198e-002  -3.347250e-001  -1.259109e-001  -2.457972e-001  -1.013533e-001  -1.929153e-001  -2.299136e-002  -7.557967e-002  -7.421783e-002  1.237605e-001  1.567896e-001  1.466184e-001  1.837122e-001  1.212173e-001  7.971362e-002  2.348137e-001  3.201592e-002  9.423295e-002  -8.474897e-002  3.722169e-002  7.032418e-002  -1.158046e-001  4.521409e-002  -9.952842e-002  4.127760e-002  7.167102e-002  4.165789e-002  -1.628201e-002  -5.011193e-002  7.915285e-002  -9.484250e-002  1.958139e-002  -2.458973e-001  9.051591e-002  -6.293429e-003  1.381461e-001  -7.371127e-002  2.112700e-001  -2.657741e-001  -2.748406e-001  -1.636015e-001  
0
1
2
15 10 6 9 0 -1
18 10 3 9 0 2
haar_x2
-0.080855  387.677155  64
2.509553e-001  5.681753e-001  -4.488014e-002  5.916439e-001  4.740761e-001  1.054745e-001  1.198395e-001  -9.865603e-002  -1.713118e-002  -1.548251e-002  2.550086e-001  2.396993e-002  2.066946e-001  5.662123e-002  1.323105e-001  9.296712e-003  6.415413e-002  -3.058347e-002  -4.753697e-002  -4.400082e-002  1.417870e-002  -1.512060e-001  9.741081e-002  -7.415079e-002  -8.947078e-002  -7.061324e-002  -7.750548e-002  -2.028850e-001  -1.172160e-001  -2.348923e-001  -1.464895e-001  -1.776078e-001  -1.111712e-001  2.018044e-002  -4.672958e-003  1.521817e-001  1.465368e-001  6.775379e-002  2.916544e-001  1.477923e-001  1.934707e-001  7.748193e-002  2.190287e-001  8.242083e-002  1.675494e-001  2.540799e-002  2.650490e-001  -1.413796e-002  -2.494359e-001  -5.033683e-003  -1.437562e-001  -2.609330e-001  -7.716126e-002  -1.521513e-001  -3.187145e-001  -2.622985e-001  -4.158182e-001  -4.096929e-001  3.659503e-002  -2.158968e-001  3.993399e-002  4.260988e-002  -3.049866e-001  -6.830680e-001  
-1.916220 
