19 
1
2
16 1 6 9 0 -1
18 3 2 9 0 3
tilted_haar_x3
-0.099825  319.053680  64
-2.511705e-001  -2.954892e+000  -3.211610e-001  -9.956748e-002  -4.705183e-001  -7.325628e-002  -1.674626e+000  -9.186889e-001  -5.815561e-001  -5.626979e-001  -5.544156e-001  -3.413664e-001  -4.832086e-001  -4.325477e-001  -5.186270e-001  -4.169149e-001  -3.122221e-001  -5.167940e-001  -7.536650e-001  -7.672579e-001  -3.021621e-001  -4.146197e-001  -5.322905e-001  -6.754094e-001  -5.337552e-001  -5.230163e-001  -5.666628e-001  -4.808708e-001  -5.215134e-001  -6.650258e-001  -4.636046e-001  -3.473763e-001  -3.625864e-001  -4.479682e-001  -3.636574e-001  -4.270892e-001  -3.529354e-001  -4.020470e-001  -3.604146e-001  -1.681471e-001  -6.387460e-001  -5.979325e-001  -3.881403e-001  -3.470576e-001  -1.859374e-001  -2.263258e-001  -4.881414e-001  -8.987169e-001  -3.620070e-001  -2.616826e-001  -2.832465e-001  -4.554853e-001  -3.714759e-001  -5.768439e-001  -8.269261e-002  -4.212769e-001  -4.697496e-001  -4.964722e-001  -8.213987e-001  -1.061088e+000  -6.039875e-001  -7.759299e-001  -7.542340e-001  -1.236232e+000  
1
3
2 12 22 4 0 -1
2 12 11 2 0 2
13 14 11 2 0 2
haar_x2_y2
-0.047680  612.639587  64
-1.010384e+000  3.406493e-002  -5.112720e-002  8.413036e-002  -1.119796e-001  -7.806119e-002  -1.380728e-001  -1.536367e-001  -1.746227e-002  -2.997680e-001  -6.623726e-002  -3.352211e-002  -3.096116e-001  -6.337515e-001  7.761194e-002  -1.216257e-001  -1.160614e-001  -5.447836e-002  -2.567190e-001  2.382494e-003  -1.119797e-001  4.513120e-002  6.883819e-003  1.174389e-001  5.970646e-002  1.807327e-001  1.050142e-001  4.167681e-002  2.193926e-001  1.667519e-001  1.902413e-001  7.179506e-002  1.166821e-001  2.210021e-001  9.994759e-002  1.600830e-001  -1.144121e-001  4.799955e-002  2.187415e-001  5.018853e-002  1.878069e-001  -2.683699e-001  -7.442121e-002  -4.862326e-001  -3.063963e-001  3.325793e-002  -2.508582e-001  -3.605697e-001  -3.340971e-001  -2.709739e-001  1.369742e-001  -7.418757e-001  -4.804831e-001  -2.770116e-001  -5.109750e-001  -8.935039e-001  -2.825025e-001  -2.233126e-001  -1.028710e+000  -6.180041e-001  -5.823212e-001  -1.020959e-002  -6.627383e-001  -1.078098e+000  
1
2
14 0 10 3 0 -1
13 1 10 1 0 3
tilted_haar_y3
-0.041796  815.046936  64
-8.611742e-001  -3.944860e-001  1.075639e-001  -8.916531e-001  -9.191043e-001  -1.327331e+000  -1.103787e-001  -2.027994e-001  3.196370e-002  -3.146773e-001  -1.501134e-001  5.128149e-002  -8.519132e-002  -4.224221e-001  -8.316249e-002  1.889788e-001  2.212448e-002  9.555471e-002  1.301214e-001  3.504581e-001  1.747120e-001  3.075602e-002  2.726912e-001  2.668012e-001  2.769001e-001  1.600332e-001  4.790169e-002  2.274813e-001  1.719456e-001  1.053947e-001  1.988880e-002  -1.753299e-001  -8.578804e-002  -3.956283e-003  6.154152e-002  -5.230745e-002  -1.581766e-001  5.527538e-002  -8.836013e-003  -1.405541e-001  -2.159472e-002  -6.378784e-002  -7.824352e-002  -1.916569e-001  -2.018761e-001  -3.007202e-001  -6.718276e-002  -5.500239e-003  -4.086531e-002  -2.667158e-002  2.872984e-001  6.207680e-002  -4.054133e-001  -9.992857e-002  -1.036182e-001  -2.624519e-001  -1.974729e-002  -2.178634e-001  -4.749050e-002  -6.810901e-001  -1.467213e-001  -5.356889e-001  -5.147673e-001  -1.312173e-001  
1
3
15 0 6 12 0 -1
15 0 3 6 0 2
18 6 3 6 0 2
haar_x2_y2
-0.052401  513.702026  64
-5.018748e-001  -5.730606e-001  -4.210845e-001  -5.434837e-001  -3.930403e-001  -9.695296e-001  -4.993462e-002  -3.695883e-001  -6.420043e-002  -1.500253e-002  -1.738766e-002  -1.228643e-001  -6.483361e-001  -6.622961e-002  1.269322e-002  -1.937712e-003  -4.625630e-002  -2.346249e-001  -8.244959e-002  -5.731729e-002  -1.498931e-001  2.826029e-002  2.480159e-001  1.348168e-002  2.034363e-001  8.050788e-002  -4.210661e-002  9.919097e-002  1.262377e-001  2.194982e-001  1.284192e-001  2.441736e-001  6.375106e-002  2.919229e-001  2.271542e-001  2.002869e-001  5.254540e-002  -1.326749e-001  -4.796690e-002  -1.822388e-001  -1.027858e-002  -1.146353e-001  8.394918e-002  1.736164e-001  6.366338e-002  -4.978286e-001  -3.519484e-002  -1.066505e-002  -4.605581e-001  -1.368372e-001  -8.391064e-002  -3.106345e-001  -2.314356e-001  -9.338363e-002  -2.228495e-001  -3.355379e-001  -4.579825e-002  -3.432832e-001  -7.804348e-001  -5.452608e-001  -1.492354e-001  2.239756e-001  -3.392065e-001  -9.208159e-001  
1
2
0 0 24 6 0 -1
0 2 24 2 0 3
haar_y3
-0.177753  180.545853  64
4.834448e-001  -9.761986e-003  3.665833e-001  1.887566e-001  1.216489e-001  3.949139e-001  1.629267e-001  -1.690448e-001  -3.187188e-001  5.322769e-002  2.762221e-001  1.976685e-001  -6.283211e-001  3.226720e-001  -4.847991e-002  3.348463e-001  2.186133e-001  5.812242e-002  -9.666432e-002  3.999083e-002  -3.250337e-001  -4.770845e-002  1.409381e-002  -2.023785e-001  -1.320796e-001  -1.911061e-001  -1.273081e-001  8.457549e-003  -6.626537e-002  -1.085220e-002  -3.947728e-002  9.950107e-002  2.975095e-002  1.096860e-001  -2.290422e-002  8.883713e-002  2.482860e-001  1.540985e-001  2.078229e-001  -1.159910e-003  -1.902860e-002  3.456276e-001  1.633990e-001  -1.701671e-001  -1.626221e-001  -6.633518e-001  -4.143327e-002  -1.965194e-001  -1.212642e-001  -1.679320e-001  -4.924726e-001  -5.294555e-001  -6.753077e-001  -3.623294e-001  -1.416085e+000  -6.775742e-001  -5.464503e-001  -5.986549e-001  -8.762267e-001  -9.674357e-001  4.790587e-002  -2.298533e-001  -3.036922e-001  -6.983668e-001  
1
2
0 18 9 6 0 -1
0 20 9 2 0 3
haar_y3
-0.054026  409.263977  64
-8.428646e-001  -3.518734e-001  -1.594602e-001  -6.394464e-001  -7.072614e-001  -1.651928e-001  -5.497479e-001  -4.946198e-001  -5.661562e-002  -2.408583e-001  -1.104867e-001  -2.515692e-001  -1.738938e-001  -2.948059e-002  -1.500216e-001  -5.428425e-002  -1.375767e-001  -1.414483e-001  9.281210e-002  1.251044e-001  2.284557e-001  8.613911e-002  2.000939e-001  1.006528e-001  5.782348e-002  1.649382e-001  1.366932e-001  1.383898e-001  9.004381e-002  -1.335032e-001  -3.829508e-001  -4.221381e-002  -2.891833e-001  -1.811333e-001  -2.750771e-002  -1.811867e-001  -2.868203e-001  -3.536125e-001  -2.313441e-001  -9.201891e-001  -7.567341e-003  -3.908765e-001  -2.845163e-001  -1.593748e-001  -6.088013e-001  2.497584e-002  2.979285e-002  3.803631e-001  -3.776525e-001  3.316440e-001  -3.775941e-001  -6.985979e-001  -6.820690e-002  -6.335478e-001  -2.267839e-001  -1.465786e-001  -7.177033e-001  6.150692e-001  1.691798e-001  -1.214778e-001  9.195351e-002  4.734192e-002  4.948355e-001  7.058194e-002  
1
2
8 16 9 6 0 -1
8 18 9 2 0 3
haar_y3
-0.133547  289.524536  64
5.838974e-001  2.599461e-001  1.877130e-001  8.145764e-001  7.149684e-002  1.488050e-001  1.130715e-001  8.414180e-003  -2.336852e-001  1.035727e+000  1.340813e-001  4.048380e-001  3.472534e-001  4.060807e-001  5.457847e-001  4.732098e-001  3.128250e-001  3.108337e-001  -9.913579e-002  3.059445e-001  3.363658e-001  6.084927e-001  4.201407e-001  4.753666e-001  1.753162e-001  4.623058e-001  3.455677e-001  3.239623e-001  -1.384907e-001  1.520656e-001  2.720046e-002  7.542147e-002  2.888982e-002  -2.956570e-002  -1.242030e-001  -1.031025e-001  -2.073334e-001  -3.470540e-001  -2.446829e-001  -1.890840e-001  1.633035e-002  -1.551328e-002  1.636727e-002  1.630146e-001  3.192635e-002  1.889672e-001  4.203615e-002  -6.631947e-002  6.534046e-002  -5.819798e-002  1.166823e-001  1.606680e-001  -3.118896e-002  -8.590484e-002  3.783832e-001  -1.509621e-001  4.368106e-001  -3.154254e-001  1.069764e-001  3.271123e-001  -2.574919e-001  6.069347e-002  4.358578e-001  3.733717e-001  
1
2
9 7 9 6 0 -1
9 9 9 2 0 3
haar_y3
-0.022237  646.002747  64
-7.410104e-001  -3.240203e-001  -6.515429e-001  -4.686533e-001  -4.157215e-001  5.932890e-002  -4.465189e-001  -9.857573e-002  -4.319334e-001  -1.677476e-001  -1.118711e-001  1.056364e-001  4.368139e-002  -7.601009e-002  1.487607e-001  3.682272e-002  4.876360e-002  1.141619e-001  -1.248017e-002  2.602636e-001  1.875737e-001  2.328791e-001  2.442938e-001  1.481828e-001  2.323272e-002  1.031113e-001  1.089775e-001  2.629674e-002  6.127747e-002  2.897668e-002  -9.145778e-002  -1.702095e-001  2.163852e-001  1.576770e-001  -2.156649e-001  5.305238e-002  -1.464817e-002  -1.886183e-001  -2.071580e-002  -4.443338e-002  -2.492218e-001  -7.161418e-002  -3.689682e-001  -9.737415e-002  -1.141184e-001  -3.662390e-001  -1.461197e-001  -3.967803e-001  -1.750954e-001  -4.070481e-001  -1.186585e-001  -3.717560e-001  -3.049778e-001  -3.914070e-001  -2.335791e-001  -6.816481e-001  -2.084309e-001  1.071649e-001  -4.923026e-002  2.681106e-001  -7.027763e-001  3.877941e-002  -5.733576e-001  -7.548143e-001  
1
3
3 0 6 12 0 -1
3 0 3 6 0 2
6 6 3 6 0 2
haar_x2_y2
-0.058899  555.374390  64
-4.179417e-001  2.115356e-001  -3.633267e-002  -3.057642e-001  -1.186656e-002  -2.966923e-001  4.805727e-002  2.601895e-002  -2.374452e-001  1.215301e-001  -1.569939e-001  1.699786e-001  -1.704883e-001  1.547061e-002  1.920536e-001  1.673733e-001  -2.459198e-001  -1.161680e-001  2.130502e-001  3.274504e-002  1.374276e-001  -2.118199e-002  9.512987e-002  1.554311e-001  1.635247e-001  7.997955e-002  1.832526e-001  1.386846e-001  1.316493e-004  1.448282e-001  -9.293735e-002  1.576469e-001  8.753630e-002  1.490557e-001  -1.480240e-002  -2.100207e-002  9.912474e-002  -1.087722e-001  -1.893803e-002  -7.048393e-002  -1.302898e-001  -2.125258e-001  -1.678410e-001  -9.295171e-002  -4.575661e-001  -1.859903e-001  -2.340802e-001  -2.818350e-001  -1.796574e-001  1.480279e-001  -5.458991e-001  -2.083515e-001  -4.205103e-001  -2.928270e-001  -2.905018e-001  -5.379950e-001  -2.843572e-001  -3.950430e-001  -5.335311e-001  -1.306974e+000  -9.071227e-001  -4.551840e-001  -7.014477e-001  -1.267765e+000  
1
3
0 3 4 20 0 -1
0 3 2 10 0 2
2 13 2 10 0 2
haar_x2_y2
-0.115785  284.310944  64
9.196680e-001  -3.204329e-002  -2.411950e-002  7.648390e-001  4.950257e-001  6.461037e-001  3.581602e-002  6.848600e-001  5.113250e-001  3.362973e-001  4.587960e-001  1.399069e-001  4.712713e-001  4.379418e-001  4.526079e-001  1.195630e-001  5.360726e-001  3.010663e-001  -6.406897e-002  5.491444e-002  4.336540e-001  5.938226e-002  3.012815e-001  1.019817e-001  7.056082e-002  9.157369e-002  -1.774560e-001  -5.513581e-002  4.721757e-002  -1.808156e-001  -8.391416e-002  -1.210475e-001  -1.677273e-001  -2.054497e-001  3.260205e-002  -1.734660e-001  -4.897129e-002  -1.617104e-001  6.460711e-002  5.665306e-002  -5.096788e-002  -4.704618e-002  1.099783e-001  -1.735661e-001  1.671041e-001  -1.028281e-002  7.636084e-002  -3.195094e-001  -1.899110e-001  5.196829e-003  5.013770e-001  8.082683e-001  3.204203e-002  -1.389875e-004  2.703022e-001  3.376337e-001  -2.378778e-001  4.076675e-001  6.405484e-001  -1.851785e-001  3.009633e-001  3.118679e-001  2.160607e-001  -1.642502e-001  
1
2
16 2 6 12 0 -1
16 5 6 6 0 2
haar_y4
-0.123513  312.997894  64
3.060587e-001  1.128266e-001  7.978670e-002  7.952745e-001  -6.833422e-002  9.091220e-001  5.878073e-001  5.016358e-001  3.533013e-001  4.390369e-001  3.026799e-001  3.399089e-001  -7.668923e-003  2.261675e-001  1.137849e-001  2.314173e-001  -1.373743e-001  -4.162891e-001  -4.422130e-001  -6.227680e-002  1.756835e-001  -8.937313e-002  -5.769942e-002  -9.434655e-002  -2.428465e-001  -1.745481e-002  4.464518e-002  3.202341e-002  -1.653752e-001  -3.074470e-001  -2.273645e-001  -7.661933e-002  2.769555e-002  -7.399251e-002  -1.165475e-001  -1.701021e-001  -6.668042e-002  4.323332e-002  2.963620e-002  -1.125150e-001  7.055699e-002  -4.194386e-002  3.155564e-003  -8.629240e-002  1.319003e-001  1.555480e-001  8.551995e-002  1.757468e-001  3.171429e-001  2.233719e-001  2.482920e-001  -2.784326e-002  3.132502e-001  3.858015e-001  1.266198e-001  8.935704e-002  -7.295653e-002  1.080889e-001  -3.954475e-002  -2.168279e-001  -1.408956e-001  -8.851905e-001  -3.989269e-001  -1.278665e+000  
1
2
1 0 6 14 0 -1
3 0 2 14 0 3
haar_x3
-0.096362  270.461578  64
7.793967e-002  -1.622355e-001  5.729241e-001  -1.337861e-001  1.942791e-001  -3.138383e-002  -3.825408e-001  -5.063061e-001  2.463333e-001  -1.706665e-001  8.712962e-002  1.920308e-001  -6.814218e-002  1.413687e-001  -3.507060e-001  -3.500815e-001  -3.891005e-001  -2.065727e-001  -2.678121e-001  -7.043010e-002  -2.163720e-002  -2.204815e-001  -2.536785e-001  1.312969e-001  7.399804e-002  1.649621e-001  2.104847e-002  -2.934227e-003  7.961858e-003  2.134847e-001  8.816046e-002  8.268344e-002  1.488394e-001  7.242375e-002  4.394038e-002  2.933385e-001  1.285640e-001  2.974843e-002  -6.066838e-002  1.639632e-001  -8.577329e-002  -4.679216e-001  -3.501304e-001  -1.684288e-001  -2.993354e-001  -2.630315e-001  7.385845e-002  -3.730881e-001  -2.847568e-001  -1.828836e-001  -2.124252e-001  -4.627728e-001  -8.022717e-001  -5.165395e-001  -1.414609e-001  -3.787665e-001  -4.032086e-001  -1.254203e-001  -1.174929e+000  1.020403e-003  -5.506211e-001  -3.103708e-002  -3.634395e-001  -9.118964e-001  
1
2
12 9 8 9 0 -1
16 9 4 9 0 2
haar_x2
-0.061943  412.382080  64
-6.127630e-001  -2.057094e-001  1.478882e-001  -3.101431e-001  -3.180912e-001  2.451824e-001  -5.925332e-001  -1.552051e-001  -5.044720e-001  -1.965525e-002  3.036762e-001  -3.211277e-001  -4.774546e-001  -7.423067e-003  -7.889342e-002  -1.681886e-001  -1.814069e-001  -2.117349e-001  -1.417967e-001  1.251257e-001  -8.269310e-002  6.463622e-002  -1.567986e-001  3.191878e-001  -2.242713e-002  2.635210e-002  1.079028e-001  9.723139e-002  1.350986e-001  1.450369e-001  2.383428e-001  7.504058e-002  2.147904e-001  1.259110e-001  4.158270e-002  -1.580655e-002  1.297947e-001  -8.812454e-002  1.742230e-001  -7.316606e-002  -2.351757e-002  8.104133e-002  -2.153258e-002  -3.542041e-002  -7.473150e-004  -4.210969e-001  1.081627e-002  -2.402560e-001  -2.886241e-001  -1.183969e-001  -2.993232e-001  -2.585235e-001  -1.801053e-001  -2.879991e-001  -3.946644e-001  -6.815616e-001  2.530303e-001  -3.856024e-001  -5.309504e-001  -4.800309e-001  -3.757935e-002  7.177696e-001  -2.409524e-001  8.470962e-002  
1
3
6 7 10 14 0 -1
6 7 5 7 0 2
11 14 5 7 0 2
haar_x2_y2
-0.177725  245.046188  64
9.760852e-001  4.957493e-001  4.580091e-001  9.760553e-001  5.353177e-001  2.084107e-001  -1.631696e-001  4.287885e-001  9.614925e-001  5.387500e-001  -3.837799e-002  5.660208e-002  -1.829359e-001  3.426818e-001  5.039794e-002  6.401611e-001  2.299750e-001  4.801904e-002  -2.558793e-002  -3.390765e-002  3.252521e-001  1.522241e-001  -8.801752e-002  -6.390575e-002  -2.312304e-002  -1.353634e-002  3.086300e-001  -1.028891e-001  -8.823876e-002  -2.771309e-001  -1.272427e-001  -1.077501e-001  -2.284165e-001  -1.386954e-001  -1.460760e-001  -2.124026e-001  -2.746275e-001  -5.155009e-002  -1.275151e-001  -3.577832e-002  -1.126929e-002  2.214393e-002  -4.493143e-002  -6.719327e-003  2.550738e-001  1.071898e-001  1.803657e-001  1.640290e-001  1.217423e-001  3.295792e-002  2.575467e-001  4.540534e-002  1.426521e-001  -1.439018e-003  3.738012e-002  -2.844121e-001  -9.458037e-002  -2.599712e-001  -7.639553e-002  1.822248e-001  -1.916345e-001  4.426538e-001  -6.228114e-001  -6.285869e-001  
1
2
5 15 15 6 0 -1
10 15 5 6 0 3
haar_x3
-0.156627  206.156952  64
-8.104414e-001  -8.992933e-001  -1.082113e+000  -2.614395e-001  -2.777666e-001  -1.708614e-001  5.105049e-002  -1.656311e-001  -1.005492e-001  2.220739e-001  -1.481254e-001  -5.492136e-002  2.627092e-001  3.714310e-001  1.848489e-001  2.928218e-001  2.447048e-001  1.681124e-002  1.165811e-001  2.131567e-001  1.588340e-002  -7.227242e-002  1.513094e-001  4.152341e-002  -1.357361e-001  2.372122e-001  5.498713e-002  -3.135127e-002  -6.152030e-002  -7.400442e-003  -5.694290e-002  -1.913100e-001  5.441176e-002  1.038326e-001  -5.951434e-002  1.167582e-001  -6.772827e-002  -2.680499e-001  -1.124864e-001  -1.273446e-001  -4.237318e-002  -2.198154e-001  -1.357307e-001  -1.275005e-001  -1.763231e-001  -1.772431e-001  -7.059471e-002  1.034698e-001  5.229406e-002  3.647009e-001  1.065630e-001  3.037296e-001  3.619056e-001  3.884404e-001  1.361902e-001  1.201550e-001  4.953373e-001  9.229928e-001  3.793263e-001  4.052030e-001  4.329815e-002  -1.875105e-002  3.388027e-001  1.703050e-001  
1
2
12 1 10 4 0 -1
12 1 5 4 0 2
tilted_haar_x2
-0.120386  303.326447  64
-9.208371e-001  -1.663187e-001  -4.957844e-001  -1.431963e-002  -6.650646e-001  -5.371882e-001  -1.693729e-001  -1.748825e-001  -8.494758e-002  -1.673530e-002  2.080588e-001  1.090558e-001  5.939793e-002  -2.599468e-002  -7.886670e-002  1.549209e-001  1.211649e-001  1.567248e-001  -4.000763e-002  2.173434e-002  6.293145e-002  1.141368e-001  -1.430636e-002  3.446404e-002  8.189395e-002  -3.453849e-002  7.500169e-002  -9.000350e-004  1.568353e-001  1.589892e-001  4.749165e-002  2.620156e-002  6.057219e-002  3.502589e-003  1.188126e-001  -7.697432e-003  2.537955e-002  1.020149e-001  2.401282e-002  9.059294e-002  9.327136e-002  2.404916e-001  -2.025934e-001  -1.138550e-001  -1.521073e-001  -1.174133e-001  3.747210e-002  -3.826013e-002  2.837344e-002  1.160129e-001  2.602409e-003  -4.913479e-001  -3.502011e-001  -3.221934e-001  -5.548359e-001  -2.323248e-001  -1.888961e-001  -6.376657e-001  -1.722901e-001  -3.590243e-001  -2.398588e-001  2.705201e-001  -1.522890e-001  -1.127030e+000  
1
2
17 1 6 8 0 -1
17 1 3 8 0 2
tilted_haar_x2
-0.128194  276.808929  64
2.413370e-001  6.538502e-001  1.003085e-001  5.827355e-001  7.096718e-002  1.056637e-001  4.054102e-001  2.197330e-001  2.570386e-001  -1.884746e-001  1.018200e-001  2.222711e-001  3.107845e-001  6.757387e-002  2.800837e-001  -2.139452e-002  1.140179e-002  3.227804e-001  -1.684610e-002  1.221456e-001  -1.447773e-001  6.891708e-002  -2.928010e-001  -2.125051e-001  -1.745181e-001  -1.118477e-002  -1.208979e-001  -9.008139e-002  -1.451727e-001  -6.064883e-002  -2.040818e-001  -1.965666e-001  -2.533175e-001  -1.715228e-001  -4.879301e-002  -3.785271e-002  -6.042487e-003  -1.216749e-001  -1.239434e-001  -1.264306e-001  -1.413857e-001  -1.123326e-002  9.547538e-002  1.879636e-001  2.435627e-001  1.128211e-001  1.738007e-001  7.040107e-002  3.471207e-001  2.211363e-001  4.196686e-001  5.005423e-001  2.961936e-001  8.776089e-002  3.434432e-001  4.306260e-001  4.185579e-001  2.929424e-001  -4.200904e-001  4.413429e-001  5.473727e-002  -4.208899e-001  8.773848e-002  -3.596262e-001  
1
2
18 9 6 9 0 -1
18 12 6 3 0 3
haar_y3
-0.054285  474.931427  64
-5.003307e-001  -1.628755e-002  -2.729180e-001  -3.044279e-001  -1.243027e-001  -3.053620e-001  -4.285536e-001  -5.616727e-001  -2.105764e-001  -4.625371e-001  -1.500841e-001  -1.048660e-001  -2.005655e-001  7.207528e-003  -1.419465e-001  -2.552573e-001  -1.293370e-001  -4.979695e-002  1.348293e-001  -1.224735e-001  3.732685e-002  5.500036e-002  4.305786e-002  1.777904e-001  4.886453e-002  1.223233e-001  5.291042e-002  7.960628e-002  2.113973e-001  1.784961e-001  1.461413e-001  9.128287e-002  -1.085582e-002  -9.897483e-002  1.539093e-001  1.528126e-002  -7.896075e-002  -2.928173e-002  2.990229e-002  1.021453e-001  1.027156e-001  -3.054966e-002  2.454619e-001  9.902970e-002  1.592122e-002  -4.559360e-001  -2.570494e-001  -3.702666e-001  -1.135517e-001  -2.469782e-001  -8.473395e-001  -1.980273e-001  -2.090951e-002  -6.238151e-001  -5.587118e-001  3.871499e-002  -6.762604e-001  -9.271857e-001  -6.233605e-001  -7.738795e-001  -9.787693e-001  -6.718687e-001  -4.991765e-001  -9.849337e-001  
1
3
2 6 16 8 0 -1
2 6 8 4 0 2
10 10 8 4 0 2
haar_x2_y2
-0.108372  286.394806  64
4.059168e-001  3.586679e-002  -1.289309e-001  -5.053810e-002  3.982406e-001  -8.553701e-002  3.758528e-002  2.743715e-001  -3.918164e-003  2.729905e-001  -9.886271e-002  1.830683e-001  8.190122e-003  2.876035e-001  -3.488851e-002  4.600355e-002  1.180920e-001  -1.475344e-002  7.076301e-002  1.119352e-001  -1.266488e-002  -1.937762e-001  -1.371508e-001  1.266835e-002  9.537709e-002  -1.236447e-002  -3.605003e-002  -1.273176e-001  -1.597061e-001  -1.893014e-001  -1.926829e-001  -3.246600e-001  -1.907608e-001  -1.248095e-001  3.145245e-002  -2.432669e-001  -1.284285e-001  -9.120797e-002  -2.895531e-002  -4.712749e-002  -1.614627e-001  -2.620075e-002  5.068417e-002  -7.091174e-002  1.793918e-001  7.235547e-002  3.376013e-001  4.540556e-002  1.541202e-001  5.452806e-001  3.454424e-001  4.476777e-001  6.486743e-001  -1.436331e-002  6.500036e-001  5.848895e-001  6.117317e-001  6.731684e-001  -2.029230e-001  2.895689e-001  2.204984e-001  5.183800e-001  2.936421e-001  1.862154e-001  
-2.093605 
