30 
0
1
2
2 4 8 12 0 -1
2 8 8 4 0 3
haar_y3
-0.119132  225.170990  64
-1.105532e-001  -4.514771e-001  -1.365918e+000  -1.530392e-002  -2.010388e+000  -1.248508e-001  6.402865e-003  -4.536662e-002  -8.926279e-001  -5.952995e-001  -1.625763e-001  -4.959599e-001  -3.726786e-001  -2.303583e-001  -2.029364e-001  -4.404327e-001  -5.794120e-001  -7.879255e-001  -5.910151e-001  -6.682734e-001  -6.615531e-001  -9.073001e-001  -8.497490e-001  -7.910953e-001  -4.543221e-001  -5.647607e-001  -5.133413e-001  -4.006113e-001  -5.748301e-001  -3.712398e-001  -4.207196e-001  -4.449558e-001  -5.385588e-001  -3.759860e-001  -4.482867e-001  -4.075427e-001  -3.559805e-001  -2.747157e-001  -5.604099e-001  -4.540280e-001  -3.517862e-001  -4.220355e-001  -4.896697e-001  -3.629273e-001  -3.004601e-001  -5.916188e-001  -5.748756e-001  -3.967663e-001  -3.064716e-001  -3.850072e-001  -7.567942e-001  -5.161583e-001  -5.283351e-001  -3.518264e-001  -3.561760e-001  1.299379e-001  -5.953877e-001  -1.411524e-001  -2.449125e-001  -5.487450e-001  -3.285891e-001  -1.898357e-001  -4.887678e-001  -3.933864e-001  
0
1
2
8 0 10 9 0 -1
8 3 10 3 0 3
haar_y3
-0.174944  172.370605  64
1.158172e-001  -2.224009e-001  6.594816e-002  -7.531317e-002  3.635284e-001  2.542073e-001  3.815095e-001  1.190806e-001  2.220163e-001  -7.768680e-003  -1.277326e-001  2.810183e-001  -1.579735e-001  6.696308e-002  -2.616493e-001  1.702996e-001  3.173938e-001  3.701715e-002  3.171195e-001  -6.123171e-002  1.684825e-001  1.746687e-001  9.410922e-002  -3.129730e-002  1.107839e-001  1.268575e-001  6.255264e-002  -1.490402e-001  -1.521877e-001  -1.181485e-001  -7.460023e-002  8.317815e-003  -7.378431e-002  -1.831410e-002  -4.328996e-003  -1.231465e-001  7.288970e-002  -4.821495e-003  -7.059536e-002  1.421936e-001  5.183279e-002  1.287575e-001  7.574809e-002  7.895006e-002  -5.735924e-001  -1.587542e-001  -1.478660e-001  2.157627e-001  1.283870e-001  -6.087390e-001  5.066487e-001  -2.561901e-001  3.632002e-001  1.936084e-001  2.719163e-001  -5.250189e-002  -5.326449e-001  -1.057741e+000  6.641801e-001  7.313029e-002  6.903709e-001  4.738139e-001  -2.912938e-001  4.642497e-001  
0
1
2
8 5 5 12 0 -1
8 11 5 6 0 2
haar_y2
-0.069057  481.245758  64
-1.721856e-001  2.920218e-001  -4.779393e-002  1.790047e-001  -7.383741e-001  -3.448066e-001  4.658642e-001  2.075175e-003  -9.496044e-002  -1.205255e-001  -8.714461e-001  -6.909690e-001  -7.883163e-002  -1.844213e-001  -1.060906e-001  -3.539799e-002  2.244619e-001  1.465489e-001  1.515406e-002  -1.555039e-001  -1.268168e-001  2.542159e-002  -1.101500e-001  -4.996469e-002  -1.953454e-001  -1.251642e-001  -8.147972e-002  1.234787e-001  -2.105977e-004  1.222981e-001  2.751172e-001  2.533482e-001  1.586822e-001  2.752209e-001  6.508610e-002  7.397044e-002  9.399386e-002  -2.996532e-002  8.572195e-002  1.227223e-001  -1.340247e-001  9.831293e-003  -9.135084e-002  4.462676e-002  1.164449e-001  -1.053400e-001  2.491539e-002  -7.648996e-002  -1.302630e-001  -1.965265e-001  -7.189455e-003  9.220488e-002  6.770689e-002  -2.870331e-001  1.334667e-001  -4.823507e-002  7.203958e-002  -4.210350e-001  -1.897881e-001  -3.856524e-001  7.337730e-002  1.340758e-002  -1.057106e-001  -3.243559e-001  
0
1
2
14 5 6 19 0 -1
16 5 2 19 0 3
haar_x3
-0.084928  360.733978  64
-5.932790e-001  6.000317e-002  -3.337935e-001  1.235359e-001  1.366412e-002  -1.513595e-001  1.354940e-001  -3.365408e-001  2.404007e-001  3.326596e-001  -1.158518e-001  6.582758e-002  -1.757626e-001  -1.368807e-001  1.969507e-001  1.431582e-002  4.723948e-002  -1.559274e-001  4.150591e-002  1.557869e-001  1.115662e-001  7.320320e-002  -1.359982e-001  2.018101e-001  1.153027e-001  1.367137e-001  1.161451e-001  1.614243e-001  1.184009e-001  3.859361e-002  3.057714e-002  -3.107881e-002  3.467663e-002  1.311301e-001  6.145967e-002  6.285229e-002  -4.552710e-002  3.454610e-002  -8.768567e-002  -9.603433e-002  -4.291549e-002  -2.088137e-001  -2.642161e-002  2.367604e-003  -1.303071e-001  7.220490e-002  -2.427009e-001  -1.280453e-002  -9.684207e-002  -4.194605e-001  -3.593963e-002  3.145384e-002  -1.435645e-001  -3.953350e-001  -2.867528e-001  -2.580885e-003  -8.307081e-002  -9.748056e-001  -1.127545e-001  -7.568889e-001  -8.196510e-002  1.581348e-001  2.683510e-002  -6.353559e-001  
0
1
2
6 2 11 12 0 -1
6 6 11 4 0 3
haar_y3
-0.258576  141.223907  64
8.328534e-001  5.246928e-001  6.645346e-001  3.027778e-001  4.377679e-001  1.835390e-001  1.951591e-001  1.189452e-001  2.327830e-001  -8.255275e-002  7.423578e-002  2.806343e-001  8.632421e-002  1.347994e-002  2.378444e-001  -5.659194e-001  -3.511689e-001  1.872222e-001  -1.393980e-001  -7.858242e-002  1.326299e-001  -2.136659e-002  3.503792e-002  -1.304167e-002  -3.871226e-002  -1.039489e-001  -5.836122e-002  -2.200386e-001  3.411960e-002  -4.036169e-002  7.020663e-003  1.016622e-001  1.540315e-001  1.748562e-002  1.394703e-001  5.831999e-002  -2.657939e-002  5.445992e-002  1.281211e-001  6.574752e-002  8.724306e-003  -7.229749e-002  -2.938615e-001  7.980077e-002  -2.004619e-001  -1.215281e-001  -1.103954e-001  -6.997734e-002  -1.720614e-001  -1.136418e-001  2.009266e-001  -1.832294e-002  -2.358812e-001  -2.473039e-001  -5.718415e-001  -2.212737e-002  -3.358873e-001  4.754995e-001  8.941684e-003  1.698251e-001  4.119611e-001  1.910740e-001  7.502560e-002  3.789870e-001  
0
1
2
15 4 8 9 0 -1
19 4 4 9 0 2
haar_x2
-0.123267  246.015366  64
2.470585e-001  6.377792e-002  6.692825e-001  6.275687e-001  3.891776e-001  2.212783e-001  2.631419e-001  2.504398e-001  4.239675e-002  1.498265e-001  2.019075e-001  -3.830897e-002  1.977535e-001  1.330573e-002  1.195391e-002  -6.909998e-002  3.889093e-002  -1.052643e-001  1.089670e-001  -2.753579e-001  -8.863930e-002  1.226351e-003  -4.836043e-002  4.340587e-002  -3.216624e-002  1.006326e-002  -1.168375e-001  -1.930540e-001  -8.758677e-002  -9.621157e-002  -1.713531e-002  -3.417662e-002  -1.547779e-001  3.113258e-002  -2.299071e-002  -1.442886e-001  -1.500948e-001  -4.712241e-002  3.271395e-002  2.339249e-001  -1.352375e-001  7.751533e-004  2.368270e-002  2.148467e-001  -2.871906e-002  1.622038e-001  3.491647e-001  -1.004772e-001  1.216461e-001  2.765843e-001  2.250982e-001  -1.686698e-001  3.497494e-001  3.278938e-001  2.115214e-001  3.524879e-001  3.189667e-001  -1.266860e-001  6.671920e-001  -2.496011e-001  4.030318e-001  -2.274855e-001  -1.717547e-001  -4.481133e-001  
0
1
3
1 1 6 20 0 -1
1 1 3 10 0 2
4 11 3 10 0 2
haar_x2_y2
-0.155612  211.163071  64
5.520255e-001  5.063145e-001  5.085118e-001  3.427703e-001  4.230447e-001  8.053434e-001  4.400603e-001  7.257662e-001  5.250007e-001  4.695240e-001  2.554614e-001  9.513751e-002  2.952204e-001  2.820590e-001  1.005467e-002  2.489711e-001  1.373142e-001  7.704216e-002  5.105684e-003  8.506337e-002  1.529613e-001  1.610350e-001  -9.277196e-002  -4.339778e-002  -4.911669e-002  -1.701463e-001  -2.964801e-002  -6.970263e-002  1.133070e-001  -1.782468e-001  -5.606406e-002  2.972984e-002  -1.768247e-001  -1.515140e-001  -1.405297e-001  -9.887044e-002  -7.870061e-003  -6.531723e-002  -5.267435e-002  -2.514920e-002  3.894546e-002  8.420685e-003  -5.301152e-002  1.955526e-001  2.158515e-001  1.099497e-001  -1.020596e-001  8.201740e-002  1.295972e-001  1.147999e-001  3.172213e-001  -1.414723e-001  1.481914e-002  -1.057656e-001  5.855517e-001  2.716699e-001  3.319858e-001  -1.364321e-001  5.777761e-002  1.359011e-001  2.512846e-001  -7.514625e-001  3.175942e-001  2.024383e-001  
0
1
2
20 8 4 15 0 -1
22 8 2 15 0 2
haar_x2
-0.136598  234.266876  64
-8.012223e-003  1.116199e-002  -2.707396e-001  -3.968172e-002  6.067531e-001  -1.612017e-001  2.142863e-001  7.370310e-002  2.053600e-001  2.761312e-001  4.519148e-001  1.372572e-001  3.981198e-002  2.035986e-001  2.508999e-001  1.410598e-002  1.497247e-001  9.993187e-002  4.312461e-003  4.795872e-002  2.285021e-001  -8.010844e-002  -1.574487e-001  2.473728e-001  5.611382e-002  1.061461e-001  -8.309728e-003  -2.829325e-002  -1.885881e-001  3.801657e-002  -1.710480e-001  -1.754808e-001  -1.112490e-001  -2.028973e-001  -1.983107e-002  8.012023e-002  -1.651588e-002  8.478998e-002  1.263967e-001  2.856180e-001  1.335869e-001  1.138336e-001  1.402665e-001  2.443763e-002  1.703998e-001  4.498633e-001  3.080887e-001  7.020734e-002  2.217681e-001  -3.119125e-002  -1.888791e-001  -1.593457e-001  -1.929105e-001  3.403395e-001  -2.087647e-001  -4.102028e-001  -5.926182e-001  -1.547682e-001  1.166178e-001  1.707163e-001  -8.263053e-001  2.257528e-001  2.164292e-001  -4.356041e-001  
0
1
2
14 4 9 9 0 -1
14 7 9 3 0 3
haar_y3
-0.129758  261.829773  64
-2.223843e-001  1.111546e-001  4.503716e-001  1.790285e-001  8.130144e-002  3.016128e-001  3.824302e-001  3.520837e-001  2.733236e-002  2.901036e-001  -2.266775e-002  3.064388e-001  8.354981e-002  -1.422002e-001  1.562114e-001  2.373893e-001  2.976752e-002  2.782094e-001  4.736392e-001  -8.501321e-002  2.118835e-001  2.172891e-001  3.798353e-004  1.317042e-001  8.687339e-002  1.781047e-001  -1.900026e-001  -1.038939e-001  -3.227387e-002  -1.939794e-001  -2.088046e-001  -2.257645e-001  -1.569688e-001  -6.656826e-002  -1.669453e-001  -2.312105e-001  8.060737e-002  1.272524e-002  3.672243e-002  -8.997937e-002  -5.277078e-002  1.894112e-002  1.136372e-001  -3.730915e-002  1.229310e-001  4.330558e-002  6.466074e-002  1.952610e-001  1.439951e-001  3.472612e-002  9.890461e-002  1.796615e-001  1.427180e-001  1.672205e-001  7.336170e-002  1.503045e-001  2.818211e-001  1.951858e-001  1.114017e-001  -8.106185e-002  8.888993e-002  6.574602e-001  1.280580e-001  -1.830758e-001  
0
1
2
5 7 14 3 0 -1
4 8 14 1 0 3
tilted_haar_y3
-0.030186  853.567017  64
-3.391424e-001  4.053627e-003  -1.512779e-001  1.709034e-002  5.631148e-003  -1.583901e-001  -1.080293e-001  -7.447145e-003  -1.296659e-001  1.950682e-001  -2.750396e-002  -9.934732e-002  -4.701845e-002  8.803461e-002  3.193669e-001  -2.704776e-002  -5.256094e-002  -7.999309e-002  1.439772e-001  6.457589e-003  5.615235e-003  -2.270053e-002  -4.774697e-002  -7.845766e-002  1.730605e-001  2.750079e-002  -1.313351e-002  1.991039e-001  3.430368e-002  6.691919e-002  9.240483e-003  1.058949e-001  3.198562e-002  -3.478741e-002  -6.296849e-002  -4.216024e-002  1.380680e-001  2.577717e-001  3.829275e-002  4.580753e-002  2.075878e-001  1.491887e-001  -4.622580e-002  1.927355e-001  -1.745548e-001  -1.904746e-001  -1.410454e-001  -1.932864e-001  5.530297e-003  -4.284795e-001  -1.462171e-001  -1.403319e-001  -2.644524e-001  -7.137518e-002  -2.134338e-001  -7.565103e-001  1.643666e-002  -3.089329e-001  -2.866832e-001  1.142929e-001  -7.708125e-001  -8.372135e-001  -1.363701e-001  -7.361302e-001  
0
1
2
11 1 6 14 0 -1
13 1 2 14 0 3
haar_x3
-0.062741  363.645081  64
-2.739044e-001  -2.897906e-001  -2.053897e-001  -6.061333e-002  -2.833129e-002  8.668102e-002  -1.579384e-001  1.263191e-001  -2.533329e-002  3.163299e-001  1.878391e-001  1.707610e-001  1.272433e-001  1.762985e-001  2.309706e-001  -6.807749e-002  3.012559e-001  1.148887e-001  1.161583e-001  1.476620e-001  -2.145758e-002  2.015668e-002  2.773965e-002  -1.764307e-003  -1.334895e-001  -1.106380e-001  -2.291743e-001  -1.491773e-001  -4.859817e-002  5.194852e-002  -2.626010e-001  -6.523056e-002  -1.151754e-001  -1.869009e-001  -6.653782e-002  -5.193127e-002  4.040146e-003  1.381277e-001  -1.201860e-001  -4.512645e-003  1.838492e-001  -6.330926e-002  2.762866e-002  -1.808909e-001  2.085391e-001  3.302791e-001  2.523133e-001  1.077773e-001  2.239381e-001  3.740429e-001  4.441586e-001  -5.012191e-002  -3.439702e-001  8.431736e-001  1.851025e-001  2.452992e-002  -2.117027e-001  3.899722e-001  1.835554e-001  1.531544e-001  4.480080e-001  1.611956e-001  4.480829e-001  -3.116615e-002  
0
1
2
7 0 15 15 0 -1
12 0 5 15 0 3
haar_x3
-0.159199  147.318588  64
-2.905213e-001  -2.088071e-002  4.886594e-001  -4.931156e-001  -2.465125e-001  -1.515413e-001  -1.906195e-001  -2.347776e-001  -3.886694e-001  -2.259415e-001  -8.068698e-002  -3.725909e-001  -2.936054e-001  -3.253607e-002  -1.712038e-001  -3.135870e-002  2.166123e-002  -2.139403e-001  2.543915e-002  4.594434e-002  9.763377e-003  2.767480e-001  -7.199036e-002  5.187368e-002  3.544731e-002  2.526765e-002  4.921922e-002  1.759009e-001  1.572273e-001  5.541668e-002  5.518748e-002  -8.331091e-003  8.584863e-002  1.792293e-001  5.093541e-002  2.777489e-002  2.162058e-001  1.904573e-001  6.651834e-002  -4.546120e-002  6.707317e-002  -8.517153e-002  3.766163e-002  1.439146e-002  -7.937561e-002  -9.002161e-002  2.639225e-001  -8.413465e-002  -7.502679e-002  8.993597e-002  1.330990e-001  -8.160945e-002  1.420742e-001  2.956694e-002  -6.490802e-002  -2.696915e-002  -3.815612e-001  -2.126869e-001  -6.510295e-001  -5.058876e-001  -2.451636e-001  -3.418109e-001  -4.485028e-001  -1.366695e-001  
0
1
2
13 15 10 9 0 -1
13 18 10 3 0 3
haar_y3
-0.094747  220.660721  64
-4.808606e-001  -2.375765e-001  -1.132179e-001  -1.975817e-001  -2.910536e-001  -3.043947e-001  -1.018528e-001  -3.007285e-001  -1.106376e-001  1.375514e-001  7.990425e-003  -1.960984e-001  -1.070016e-001  4.716741e-002  1.598364e-003  1.912048e-002  5.814683e-002  -3.467400e-002  8.809439e-002  7.997816e-003  5.969445e-002  1.050566e-001  1.049792e-001  6.370132e-002  -3.165862e-002  -4.594389e-003  1.610944e-001  -3.841564e-002  -1.175964e-001  3.569704e-003  -1.148004e-001  1.902903e-001  2.563672e-001  -5.641100e-002  -2.047475e-001  -8.737483e-002  -2.782034e-001  8.383866e-002  -3.445116e-001  -2.276048e-001  -6.299444e-001  2.900618e-001  2.291521e-001  -7.759646e-002  5.932757e-003  -1.006474e-001  -3.199264e-002  -4.446765e-002  -8.011860e-001  6.790810e-002  -4.059468e-001  -5.584112e-001  -3.370885e-001  5.122168e-001  6.908349e-002  5.646532e-002  9.116661e-002  4.108905e-001  3.104517e-001  1.619764e-002  5.465192e-001  7.064847e-001  5.301380e-001  7.774947e-001  
0
1
2
7 15 9 9 0 -1
7 18 9 3 0 3
haar_y3
-0.140257  203.273575  64
7.264248e-001  3.920862e-001  4.509246e-001  8.868908e-001  3.409587e-001  8.129091e-001  2.844127e-001  5.689269e-001  7.100646e-001  3.453980e-001  1.470785e-001  -1.223319e-001  -3.892400e-002  7.073170e-002  2.319004e-001  1.193202e-001  1.668052e-003  -3.633822e-002  1.934606e-002  1.115733e-001  3.963427e-002  -3.146929e-002  -7.410212e-003  -6.940903e-003  -8.225619e-002  -1.221606e-001  -7.835447e-002  -1.209868e-001  -1.770899e-001  -9.660520e-002  -9.360161e-002  -5.471283e-003  4.303516e-002  -4.984897e-002  -3.897187e-002  1.935460e-002  2.050063e-002  9.784067e-002  7.951386e-002  1.925796e-001  7.984544e-002  -3.359612e-002  -5.497471e-002  1.558346e-001  -3.269949e-002  9.444498e-002  3.220807e-001  2.308869e-001  4.552192e-001  3.662614e-001  1.390508e-001  3.349845e-001  2.037963e-001  2.692157e-001  8.432597e-001  -3.745962e-002  8.300177e-001  2.885591e-001  3.255916e-002  2.707162e-001  5.026965e-001  2.467643e-001  3.977747e-001  -9.109893e-002  
0
1
2
0 3 24 16 0 -1
0 7 24 8 0 2
haar_y4
-0.115668  117.912651  64
-3.000978e-001  -1.215607e-001  -3.733659e-001  -5.471579e-001  -9.276216e-002  9.467636e-002  1.138501e-002  -9.737857e-002  1.547708e-002  6.618506e-002  -3.573696e-002  1.099759e-001  1.418716e-001  1.091357e-001  1.384796e-001  1.451678e-001  7.181122e-002  1.007313e-002  1.822079e-001  1.389370e-001  3.099129e-001  -1.354471e-003  -3.470269e-002  1.932244e-001  -1.996811e-002  1.279165e-002  5.762487e-002  -3.475172e-002  -9.348386e-002  3.015998e-002  -1.358914e-001  -1.070969e-001  -1.711264e-001  -9.300911e-003  -1.566027e-001  -3.196704e-002  -6.445444e-002  -5.771203e-002  -6.997528e-002  -1.592394e-002  -1.392254e-001  -7.866791e-002  9.362607e-002  6.885143e-002  -2.295810e-001  3.515727e-002  -2.935735e-002  -4.392460e-002  -7.350378e-002  2.667810e-001  -2.728083e-003  3.833976e-001  4.693765e-002  -4.236060e-002  5.754885e-001  5.315163e-001  3.920352e-001  3.192107e-001  3.238297e-001  9.352695e-001  5.044247e-001  1.273959e-001  3.230783e-001  -3.370848e-001  
0
1
2
0 1 6 14 0 -1
3 1 3 14 0 2
haar_x2
-0.191763  148.894196  64
1.988543e-001  -5.710217e-002  -3.419947e-002  -1.948077e-001  1.786158e-001  -1.213322e-001  3.239264e-001  2.227593e-001  -1.732110e-001  -1.962733e-002  -1.565252e-001  -1.717534e-002  1.276196e-002  -3.494216e-001  -2.317566e-002  -2.251014e-001  -4.068653e-002  -1.505657e-001  5.292205e-002  -2.609955e-001  -6.806793e-002  -1.066974e-002  -8.341237e-002  1.367775e-001  2.693271e-002  8.554985e-002  1.146815e-001  9.210821e-002  2.425497e-001  1.101396e-001  8.302534e-002  7.953689e-002  1.528626e-001  1.871857e-002  -3.733803e-003  -7.901628e-002  3.409332e-002  -9.628806e-002  -1.728623e-001  8.806181e-002  4.624134e-002  5.520227e-002  7.687297e-002  4.881664e-002  2.169402e-001  -1.344719e-001  -2.466839e-001  -1.628615e-001  -6.314132e-002  -7.348248e-002  -7.145745e-002  -3.767413e-001  -1.704964e-001  -3.636537e-002  1.142550e-001  -1.369084e-001  5.419126e-001  2.524609e-001  5.055456e-001  7.361231e-001  5.780466e-001  7.645570e-001  5.162479e-001  4.377311e-001  
0
1
2
13 4 10 4 0 -1
12 5 10 2 0 2
tilted_haar_y4
-0.023088  814.893860  64
-5.145068e-001  1.721365e-001  -2.455345e-001  -3.668893e-001  -2.581406e-001  -2.218893e-001  -2.199071e-001  -5.855829e-002  -2.771707e-001  1.601266e-002  1.244680e-001  -9.836663e-002  -5.678432e-002  -1.104155e-001  -6.985765e-002  2.236405e-001  1.110982e-002  1.134742e-001  4.285017e-002  4.806009e-002  1.478402e-002  -6.777608e-002  9.261957e-003  -3.617089e-002  1.209570e-001  2.489024e-001  5.938163e-002  4.068804e-002  3.937508e-002  2.104749e-002  9.838989e-002  6.413484e-002  -6.375501e-004  3.262729e-002  4.806577e-002  5.960579e-002  7.875692e-002  -1.831664e-001  -4.087730e-002  -1.263408e-001  8.965366e-002  2.123498e-001  -3.124126e-001  2.106616e-001  1.066448e-002  4.437162e-002  1.594685e-001  4.336393e-003  -2.271214e-001  7.205248e-002  8.626276e-002  5.153024e-001  4.211698e-003  -5.635220e-001  -7.499414e-002  -1.345781e-001  -6.063569e-001  -2.520335e-001  -5.865551e-001  -3.312659e-001  -5.302854e-001  -1.792218e-001  -1.826444e-001  -2.799531e-002  
0
1
2
0 1 24 6 0 -1
8 1 8 6 0 3
haar_x3
-0.149251  113.195175  64
-5.933213e-002  -1.946263e-001  2.265910e-001  1.547551e-001  -1.135000e-001  2.135598e-001  1.426704e-001  3.867612e-001  1.715114e-001  1.479342e-001  1.181100e-001  3.640775e-002  2.292835e-001  -2.493348e-002  4.656841e-002  4.924591e-002  -2.113730e-001  -1.448619e-001  -5.094083e-002  6.009971e-003  -1.434180e-001  8.628885e-002  -1.273880e-001  -4.430272e-002  -8.314486e-002  -1.590601e-001  8.531777e-002  -6.509595e-002  -7.066974e-002  -1.713188e-001  -1.407411e-001  9.048084e-002  -1.893516e-001  -1.178451e-002  -1.095365e-001  -1.590088e-001  -1.650382e-001  -1.347050e-001  -5.098290e-002  9.330321e-002  -8.594494e-003  1.438661e-001  -6.418590e-002  1.510320e-001  2.267022e-001  1.581542e-001  -6.515366e-002  1.780244e-001  7.370634e-002  2.739122e-001  2.302327e-001  1.925291e-001  1.420663e-001  9.975571e-003  5.973795e-001  -9.971054e-002  3.449804e-001  2.108622e-001  2.205205e-001  1.724146e-001  4.296034e-002  -3.781216e-003  2.751991e-002  -5.523412e-001  
0
1
3
5 4 8 14 0 -1
5 4 4 7 0 2
9 11 4 7 0 2
haar_x2_y2
-0.096644  385.900208  64
-1.780517e-002  -5.765738e-002  -7.595080e-002  4.917299e-001  4.568808e-001  1.150400e-001  6.497598e-003  1.806166e-002  1.359511e-001  1.101520e-002  6.761906e-002  -2.288144e-002  5.241830e-001  -8.829487e-002  1.271480e-001  5.325786e-002  -5.281589e-003  2.098872e-001  7.133982e-002  -6.646395e-002  1.181931e-001  1.229331e-001  -4.400648e-002  1.924691e-001  6.031449e-002  1.991957e-001  1.237293e-001  -6.801418e-002  6.331438e-002  2.616259e-002  -6.301885e-002  4.129522e-002  -1.773263e-001  -1.016548e-001  -1.568346e-001  -2.554220e-001  -1.651934e-001  -9.061281e-002  -1.582263e-001  -6.327581e-002  -2.208858e-001  -2.450775e-002  -1.075147e-001  -1.545799e-001  2.170353e-001  -1.228301e-001  -2.482783e-001  3.740576e-001  -5.140791e-002  9.481790e-002  -2.178762e-001  2.359923e-001  -1.292547e-001  -1.415185e-001  1.756612e-001  1.123588e-001  4.142871e-001  -3.712256e-002  7.935694e-002  1.034143e-003  5.136330e-002  2.845561e-001  2.273259e-001  3.229707e-001  
0
1
2
0 4 7 8 0 -1
0 8 7 4 0 2
haar_y2
-0.039125  429.062653  64
-1.012788e-001  -8.371618e-002  -1.950510e-001  -2.147510e-001  1.875649e-001  1.724371e-001  -1.305932e-001  -3.043905e-002  3.465735e-001  -6.944439e-003  -6.031948e-002  -2.302929e-001  -6.331985e-002  -8.219784e-002  -4.075484e-002  -1.293220e-001  -9.000884e-002  -9.663992e-002  -9.213538e-002  3.162598e-002  1.820174e-002  1.028562e-001  1.047414e-001  9.056599e-002  1.459087e-001  1.909943e-002  -3.986447e-002  1.181273e-001  3.429627e-002  2.865875e-001  1.321855e-001  5.847862e-002  -1.031778e-001  -1.960665e-002  4.494540e-002  1.556180e-001  5.838034e-003  1.327155e-002  9.400839e-002  -4.768897e-002  9.385525e-002  -2.532047e-002  -3.615673e-002  -1.309292e-001  9.889326e-002  -9.808513e-002  2.406341e-003  1.994178e-002  -8.646629e-002  6.378580e-002  -1.324143e-001  -9.796454e-002  -2.499445e-001  -1.878237e-001  -4.233199e-001  -2.522326e-001  -1.835583e-001  -3.711620e-001  -3.551733e-001  -4.775525e-001  -2.465358e-001  7.484509e-002  -4.651009e-001  -1.087393e+000  
0
1
2
4 3 7 8 0 -1
4 7 7 4 0 2
haar_y2
-0.087418  322.681763  64
6.548561e-001  -2.008571e-002  6.743824e-001  7.390199e-001  1.475621e-001  1.876695e-001  4.558193e-002  -6.338274e-002  1.693526e-002  -4.066764e-001  2.447115e-001  -4.201659e-002  -9.782162e-002  1.869503e-002  -7.347105e-002  2.243280e-001  -1.074701e-001  9.746191e-003  3.788158e-001  9.814445e-002  -1.295070e-002  -2.093983e-001  -8.789230e-002  -9.119838e-002  -2.039492e-001  -7.909247e-002  -1.581327e-001  -2.194676e-002  -1.413704e-002  4.566588e-002  -2.433969e-003  -1.901417e-001  8.730129e-002  3.350833e-002  4.003458e-002  -2.207556e-003  5.807573e-002  -3.981457e-002  -6.689243e-003  8.172531e-003  6.044075e-002  -1.278915e-002  -2.429671e-002  -1.476238e-001  1.006233e-002  -1.061330e-001  1.335006e-001  2.660321e-001  -6.243632e-002  1.269205e-001  1.452072e-001  -6.177462e-003  1.550140e-001  -1.896413e-001  -1.020857e-001  -7.697778e-002  2.941140e-002  1.702685e-001  1.444528e-001  7.193317e-001  -1.767177e-001  3.366711e-001  8.017329e-001  3.216430e-001  
0
1
2
15 15 9 9 0 -1
18 15 3 9 0 3
haar_x3
-0.147448  190.309280  64
1.773910e-001  2.183850e-001  -2.591869e-001  -1.172486e-001  1.599727e-001  1.450345e-001  7.429886e-001  6.368248e-002  1.545298e-001  3.148188e-001  -1.065726e-001  8.837483e-002  1.814012e-001  9.935719e-002  1.848502e-001  2.326747e-001  2.003028e-001  -3.189597e-002  6.624119e-002  1.851733e-001  2.033670e-002  4.503562e-002  7.630830e-003  -6.218182e-002  -4.539727e-002  -1.426606e-001  -1.899163e-001  -1.611160e-001  -2.318276e-001  -1.314330e-001  2.191236e-002  -8.415311e-003  1.300160e-001  6.349925e-002  -1.344749e-002  -3.129276e-002  5.227827e-002  -6.915671e-002  -8.674781e-002  7.143568e-002  7.995603e-002  9.972967e-002  8.410190e-002  2.646199e-001  9.537748e-002  -2.878112e-002  1.554728e-001  1.051620e-002  1.892550e-002  5.072998e-001  1.512766e-001  1.472965e-001  2.311220e-001  4.338423e-002  1.371142e-001  -1.847705e-001  4.235498e-001  7.616853e-002  4.837463e-001  -1.137115e-001  2.826220e-001  -7.301466e-001  6.274713e-001  3.004687e-001  
0
1
2
4 9 11 4 0 -1
3 10 11 2 0 2
tilted_haar_y4
-0.044811  528.765076  64
-1.043035e-001  -2.611555e-001  5.679711e-002  1.218716e-001  4.490062e-001  1.115634e-001  3.131230e-001  1.701699e-001  2.123618e-001  3.559902e-001  1.812838e-001  2.949578e-001  -8.240645e-003  1.622476e-002  2.554452e-001  1.488190e-001  2.011958e-001  1.190533e-001  5.711894e-002  4.270402e-002  5.101287e-002  1.642795e-002  -6.712072e-002  -1.572110e-001  -8.002212e-002  -8.498823e-002  -1.046182e-001  -1.103698e-001  -9.562296e-002  -8.849514e-002  -1.301955e-001  -1.233381e-001  2.027023e-001  6.922560e-003  -4.501386e-002  -2.033493e-001  1.390668e-001  -7.074761e-002  -8.365025e-002  -6.508702e-002  -8.412460e-002  1.036509e-001  1.855247e-001  9.220284e-002  2.874834e-001  4.472564e-001  7.366781e-002  -3.671546e-001  4.686979e-001  3.698341e-001  8.704209e-002  -1.373048e-002  1.979953e-001  4.941311e-001  -2.494021e-002  1.286616e-001  6.369818e-001  5.034801e-001  -2.341233e-001  6.309105e-001  -8.163591e-002  -5.089987e-002  2.728102e-001  2.577482e-001  
0
1
2
2 1 20 23 0 -1
12 1 10 23 0 2
haar_x2
-0.648687  47.190639  64
6.136779e-001  -5.103019e-002  4.105171e-002  9.167616e-002  5.009934e-001  3.809774e-001  1.352440e-001  4.047662e-002  -6.829175e-002  5.285401e-002  2.599092e-001  -8.521096e-002  -1.163191e-001  2.552063e-001  -4.634529e-002  5.077276e-002  -1.625524e-001  -7.867967e-002  1.500742e-001  1.284980e-001  9.941801e-002  -1.792966e-001  4.029865e-002  -1.070222e-001  1.381885e-001  -2.067080e-001  -1.758743e-002  1.696948e-002  7.717173e-003  -1.444618e-001  -6.139690e-002  -5.235073e-002  -1.431157e-001  -1.775323e-002  -1.520210e-001  -3.918295e-002  -1.239646e-001  -8.322190e-002  8.228448e-002  9.251244e-002  -1.694627e-001  -4.036057e-002  1.056685e-001  1.336630e-001  4.809593e-002  -1.103668e-001  7.896157e-002  1.368449e-001  1.697322e-001  1.932134e-001  3.576246e-001  9.760017e-002  6.860878e-002  1.503621e-001  -8.330639e-002  -4.133197e-002  1.142924e-001  2.713143e-001  9.081751e-002  -1.565441e-001  -4.313184e-002  -1.385572e-001  2.936422e-001  5.921904e-001  
0
1
2
0 12 6 12 0 -1
3 12 3 12 0 2
haar_x2
-0.176185  160.953247  64
-3.978101e-001  1.316062e-001  1.650608e-001  -4.324469e-001  -2.702182e-001  -2.078714e-001  3.946503e-002  -3.219212e-001  7.940449e-002  -1.965023e-001  -8.432243e-002  -6.700571e-002  2.152922e-001  4.511954e-001  -9.433870e-002  2.158740e-001  2.606826e-001  1.461049e-001  -2.923942e-002  1.629324e-001  3.037319e-001  8.330294e-002  1.690806e-001  -3.823107e-003  -2.816110e-002  4.203603e-002  -1.404882e-002  -1.078658e-001  -1.564019e-001  -2.232701e-001  -7.812633e-002  -6.017146e-002  -1.647149e-001  8.820038e-002  6.078215e-002  1.159228e-001  -7.357511e-002  1.020555e-001  3.901058e-002  -1.082071e-002  6.471321e-002  -2.323404e-002  2.915225e-002  -7.419528e-003  1.741479e-001  -1.144765e-001  2.075751e-001  4.424053e-002  1.888301e-001  -5.409288e-002  5.362123e-001  -6.897365e-002  -2.371162e-001  2.478120e-002  4.521066e-002  3.543960e-003  2.035819e-001  -1.140541e-001  -1.899036e-001  -5.933849e-001  5.645037e-001  2.857694e-001  2.935952e-001  1.736181e-001  
0
1
2
6 4 10 7 0 -1
11 4 5 7 0 2
haar_x2
-0.054210  380.299591  64
-2.901348e-001  -4.993027e-001  -1.472258e-001  -4.285499e-003  2.222791e-001  -2.439435e-001  4.618874e-002  -1.862939e-001  -8.168773e-002  -2.516437e-002  -2.049399e-001  -1.799288e-001  -3.736917e-001  -6.624816e-002  -3.572100e-001  -2.138611e-001  -3.625724e-002  8.349091e-002  -1.988126e-003  1.017482e-001  -9.176687e-002  5.285508e-002  1.139701e-002  1.863779e-001  6.432512e-002  1.694628e-001  2.311101e-001  1.362560e-001  2.564525e-002  -2.802422e-002  1.134005e-001  1.526654e-001  1.094703e-001  6.528752e-002  -9.918629e-002  -7.051910e-002  -3.120907e-002  -3.215935e-002  -3.555492e-002  -6.205072e-002  1.274384e-001  -2.508675e-001  -1.096987e-001  3.951829e-002  -8.201908e-002  -6.190914e-002  -2.370665e-002  -1.345308e-001  6.534888e-002  5.193697e-002  3.835094e-002  -2.605347e-001  8.528636e-002  -3.159119e-001  1.574168e-002  1.866341e-001  -5.001152e-002  -2.221532e-001  -3.299564e-001  -3.086429e-001  -6.938199e-001  -5.658690e-001  -5.491174e-002  -2.168394e-002  
0
1
2
7 17 14 6 0 -1
7 19 14 2 0 3
haar_y3
-0.095703  281.582428  64
1.131334e-001  3.221283e-001  2.385947e-001  -2.266189e-001  8.750805e-001  2.010357e-001  3.179035e-001  1.184186e-001  -1.070873e-001  -7.390270e-002  2.577053e-001  -1.479660e-001  -6.078781e-002  -2.233009e-001  -2.820247e-001  -5.390114e-002  -1.102067e-001  -8.421429e-002  -1.962012e-001  -1.016192e-001  -1.137119e-001  -2.396112e-002  -1.458736e-001  -7.954994e-002  -7.859798e-002  -5.813778e-002  -1.476519e-001  -6.772340e-003  7.140271e-002  -6.071385e-003  6.155106e-002  1.485229e-001  2.010822e-001  1.902959e-001  1.031226e-001  1.199575e-001  4.331443e-002  2.062660e-001  6.687106e-002  1.047879e-002  8.312747e-002  7.772854e-002  -1.642560e-001  3.635981e-002  -6.137314e-002  4.856184e-002  -4.498981e-001  -1.151768e-001  -5.012034e-001  -8.845096e-002  1.040909e-002  -2.179102e-001  -6.197062e-001  -1.444689e-001  2.731630e-001  7.823746e-003  6.126683e-001  -1.175206e-001  -9.196427e-001  6.928850e-003  1.959014e-001  -2.448830e-001  2.142342e-001  3.170471e-001  
0
1
2
8 7 6 15 0 -1
10 7 2 15 0 3
haar_x3
-0.073263  397.539093  64
-2.324911e-001  -6.102496e-002  1.984372e-002  -4.734567e-002  1.396744e-001  1.070591e-001  1.023628e-001  1.506510e-001  3.383186e-002  2.203122e-001  3.804929e-001  1.495907e-001  -1.720403e-002  3.527625e-003  2.031809e-001  5.002914e-002  8.225940e-002  4.008238e-002  -8.934131e-002  2.004330e-001  5.349408e-003  4.252011e-002  3.001614e-002  1.700755e-001  -1.645942e-001  -7.885361e-002  -2.604887e-002  -2.002366e-001  -2.684278e-002  -1.535252e-001  -4.271815e-002  -8.349396e-002  4.216315e-002  -9.664979e-002  -2.076544e-001  2.076896e-003  5.087394e-002  -5.890825e-002  -4.982112e-002  -3.146316e-002  1.249500e-001  2.659929e-001  8.654879e-002  5.883604e-002  -1.193237e-001  2.621748e-001  1.194774e-001  6.275428e-001  -1.237870e-001  2.754642e-002  1.538994e-001  5.608692e-001  4.476577e-001  3.424500e-001  2.162889e-001  4.893790e-001  5.381764e-002  1.185095e-001  -6.231501e-002  -5.147797e-002  4.959040e-002  -1.525527e-001  -4.103362e-001  -1.226743e-001  
0
1
2
4 0 6 14 0 -1
6 0 2 14 0 3
haar_x3
-0.052768  491.802826  64
-1.590017e-001  -5.657981e-002  -3.885799e-002  2.122318e-001  2.165032e-002  -4.323339e-001  7.905445e-002  -1.271994e-001  -1.653186e-001  1.270633e-001  -4.143807e-001  2.190454e-002  -5.736662e-002  -3.974432e-002  1.413241e-001  1.484355e-001  -4.571686e-002  1.363778e-002  -4.704248e-002  2.024921e-001  -4.104457e-002  3.073853e-002  -7.190120e-003  -3.019307e-002  4.205324e-002  -4.085521e-002  1.125080e-001  1.849088e-001  3.108520e-002  2.145268e-002  -4.858260e-002  7.524963e-002  -5.528925e-003  5.471985e-002  -1.608059e-001  6.355752e-002  -7.461417e-002  1.335282e-001  -3.852838e-004  1.783607e-001  3.341867e-001  -1.317078e-002  -8.693828e-002  -3.390907e-003  1.567418e-001  -1.500705e-001  -1.312488e-002  -1.469629e-001  -3.591747e-002  -4.228684e-002  1.280731e-001  -4.272667e-001  -8.080435e-002  9.328147e-001  -5.327733e-001  -5.407680e-001  -3.295414e-001  -1.838051e-001  -2.032526e-001  -9.204846e-002  -4.661286e-001  1.649423e-001  -9.951434e-001  -4.362366e-001  
0
1
2
8 0 15 18 0 -1
13 6 5 6 0 9
haar_point
-0.453750  68.702530  64
-1.560650e-002  2.615720e-001  -3.216095e-001  2.222583e-001  7.209877e-002  -4.548013e-002  -4.729325e-002  -9.692578e-002  3.837694e-002  1.505705e-001  6.430294e-002  1.309336e-001  -8.778185e-002  -1.440716e-001  -7.996172e-002  1.527905e-001  -5.567449e-002  5.775652e-002  -3.803327e-002  -1.452059e-001  -4.510579e-002  1.512787e-001  -7.234512e-002  1.805955e-001  -9.919258e-002  -1.581129e-001  -1.253783e-001  1.335650e-001  7.566188e-002  -7.820868e-002  6.657375e-002  -5.745905e-003  1.745597e-001  1.054830e-001  5.322791e-002  6.619149e-002  1.466351e-001  -1.022242e-001  1.491918e-001  1.716954e-001  -6.288057e-003  9.306927e-002  9.174830e-002  4.556371e-002  -7.982602e-002  -9.971640e-002  -1.135900e-002  5.656391e-002  1.143317e-001  -1.498214e-001  -5.931102e-002  -1.573536e-001  -1.469674e-001  -3.203852e-002  -4.738351e-002  -5.739571e-002  2.178581e-002  -6.729561e-001  -2.067650e-001  -6.631046e-001  -2.642014e-001  -1.848072e-001  -8.925223e-001  -4.502893e-001  
-1.906711 
