10 
1
2
4 1 15 8 0 -1
4 3 15 4 0 2
haar_y4
-0.191051  242.776138  64
3.303903e-001  3.590924e-001  2.334009e-001  8.380115e-001  2.686845e-001  7.179305e-001  2.922458e-001  5.815350e-001  4.167681e-002  7.457825e-001  2.338804e-001  1.047345e-001  1.492039e-002  -6.273270e-003  -3.256264e-001  -1.504755e-001  -1.555672e-002  -1.455320e-002  -7.039005e-001  -1.741861e-001  -1.774453e-001  -3.283139e-001  -6.467134e-001  -4.237743e-001  -3.350886e-001  -6.503702e-001  -4.860191e-001  -5.103654e-001  -7.095487e-001  -5.994330e-001  -5.975087e-001  -5.865031e-001  -4.791030e-001  -7.111546e-001  -7.364252e-001  -8.513570e-001  -6.256884e-001  -7.528464e-001  -4.823020e-001  -5.510700e-001  -3.421651e-001  -2.769118e-001  -2.900238e-001  -2.711797e-001  -3.405035e-001  -2.907920e-001  -1.604005e-001  -8.700410e-002  -9.381941e-002  -1.488750e-002  -1.123088e-001  -1.246498e-001  -3.112162e-001  1.994184e-002  -1.060703e-001  -6.775584e-001  -3.209161e-001  -4.567304e-001  -3.378806e-001  3.917848e-002  2.278787e-001  4.362346e-001  -6.593373e-002  -5.415424e-001  
1
2
0 0 6 9 0 -1
0 3 6 3 0 3
haar_y3
-0.090256  322.295074  64
-1.316108e+000  -7.855441e-001  -3.522376e-001  -7.645907e-001  -3.960488e-001  -8.393191e-001  -8.490662e-001  -5.666385e-001  -9.133058e-001  -2.564923e-001  -6.992594e-001  -2.966707e-001  -7.271601e-001  -1.899752e-001  -3.178207e-001  -1.527316e-001  -4.534420e-002  4.691052e-002  -1.120473e-002  -3.804337e-002  -8.684796e-002  -7.162137e-002  5.507250e-002  -5.114252e-002  1.688832e-001  2.700912e-002  -8.705117e-002  9.966468e-002  5.938252e-002  9.818662e-002  1.753207e-001  7.058882e-002  2.046372e-001  2.161646e-001  2.092084e-001  1.508721e-001  2.576040e-001  2.622946e-001  2.929651e-001  1.218157e-001  -7.520518e-002  4.984969e-002  -2.190686e-001  1.758595e-001  -5.043662e-001  -1.938649e-001  1.902675e-001  -1.099287e-001  -3.587767e-001  -3.027973e-002  2.828254e-002  2.158898e-001  2.930816e-001  1.781026e-001  2.624339e-001  1.647547e-002  6.286549e-002  -3.304651e-001  6.444056e-002  1.416180e-001  1.974651e-001  -2.336860e-001  -5.084739e-001  -8.488320e-001  
1
2
0 16 6 8 0 -1
3 16 3 8 0 2
haar_x2
-0.119937  219.999527  64
6.931318e-001  1.207080e+000  8.044961e-001  1.770226e-001  7.339802e-001  3.963076e-001  4.620315e-001  7.669091e-001  7.443286e-001  6.685398e-001  3.365445e-001  4.328277e-001  2.792399e-001  6.250530e-002  9.895072e-002  1.832014e-001  2.881757e-001  2.273093e-003  9.083679e-002  -1.030440e-001  -2.407527e-001  -9.731147e-002  -1.298864e-001  -1.852137e-001  -1.473950e-001  -2.763656e-001  -2.851165e-001  -2.206455e-001  -9.505720e-002  -7.221735e-002  -4.312012e-003  -7.694823e-002  -2.036122e-003  1.543027e-001  6.067552e-002  9.148832e-002  4.625786e-001  3.028673e-002  4.100676e-001  3.097989e-001  5.343412e-001  3.221584e-001  2.374445e-001  4.375145e-001  3.757140e-001  9.733830e-001  5.113112e-001  8.081793e-001  8.959556e-001  6.736155e-001  7.152732e-001  1.666999e-001  1.724256e-001  5.792775e-001  6.886753e-002  1.880729e-001  5.063911e-001  4.887890e-001  2.822367e-002  -1.013005e-002  -1.023755e-001  -9.233683e-002  -1.640971e-002  3.624943e-001  
1
3
2 4 18 4 0 -1
2 4 9 2 0 2
11 6 9 2 0 2
haar_x2_y2
-0.071994  383.493927  64
2.548268e-001  3.471823e-002  3.981645e-001  2.484913e-001  4.129992e-001  2.031788e-001  3.548284e-001  3.722534e-001  6.509308e-001  6.772800e-001  2.284238e-001  2.586496e-002  4.361398e-001  3.281064e-001  2.063451e-001  3.577868e-001  2.209828e-001  1.455970e-001  3.145348e-001  8.612932e-002  -9.798905e-002  4.717088e-002  -1.288578e-001  -1.618876e-002  -2.864048e-001  -2.574380e-001  -1.987119e-001  -1.756508e-001  -2.528767e-001  -2.027295e-001  -1.615597e-001  -3.439594e-001  -1.736018e-001  -2.754954e-001  -2.061983e-001  3.471500e-002  -5.158703e-002  -1.426848e-002  1.371874e-001  8.468955e-002  1.107934e-001  1.938257e-001  -1.860084e-001  2.569678e-001  4.116482e-001  5.427539e-001  6.399286e-001  4.640786e-001  5.302370e-001  3.330773e-001  5.143164e-001  2.650443e-001  5.953687e-001  5.106598e-001  4.388633e-001  6.930102e-001  6.412444e-001  2.544953e-001  4.416772e-001  5.622070e-001  4.080994e-001  -1.786919e-001  -5.978519e-002  4.622776e-002  
1
2
17 6 6 9 0 -1
19 8 2 9 0 3
tilted_haar_x3
-0.082427  351.105225  64
-1.043355e+000  -6.772366e-001  -1.582022e-001  -1.539644e-001  -1.345136e-001  -2.284176e-001  1.167755e-001  2.200586e-001  2.768534e-002  -7.937281e-002  -1.897951e-002  1.369195e-001  6.482477e-003  -7.139391e-002  1.939755e-004  -1.045393e-002  9.517338e-002  2.015872e-001  1.309316e-001  6.604432e-002  1.921071e-001  1.578274e-001  2.473494e-001  2.932619e-001  2.280490e-001  1.112297e-001  2.502197e-001  1.277897e-001  1.968675e-001  7.144471e-002  8.288381e-002  1.003071e-001  -7.183230e-002  6.570493e-002  -8.372488e-002  5.159108e-002  -2.692565e-002  -1.246072e-001  -6.314236e-002  7.323568e-002  -1.937944e-001  -3.219027e-002  -4.548421e-001  -2.821839e-001  -3.326305e-001  -2.083208e-001  -4.288027e-001  -4.776675e-001  -6.260347e-001  -7.216051e-001  -3.172666e-001  -7.662740e-001  -5.093006e-001  -2.990687e-001  -7.109262e-001  -1.565354e-001  -1.326256e+000  -5.734113e-001  -3.634995e-001  -6.176846e-001  -7.925822e-001  -3.942830e-001  -1.252168e+000  -1.413412e+000  
1
2
15 0 5 12 0 -1
12 3 5 6 0 2
tilted_haar_y4
-0.091833  284.577362  64
-8.582921e-001  -1.006908e+000  -7.480073e-001  -7.551132e-001  -6.740136e-001  -1.162025e+000  -2.934856e-001  -6.558551e-001  -3.349423e-001  -5.983137e-001  -6.097680e-001  -3.375601e-001  -1.943154e-001  -3.813618e-001  -1.366516e-001  5.537752e-002  -2.408332e-001  -2.584725e-002  -9.975515e-002  1.161766e-002  -3.099515e-002  9.963812e-002  9.880676e-003  -4.966972e-002  1.247901e-001  1.861957e-001  3.118694e-001  2.171278e-001  4.735385e-002  1.999158e-001  1.363680e-001  3.025867e-001  5.947377e-002  1.458382e-001  1.087330e-001  1.287612e-001  1.023567e-001  1.583860e-001  1.503858e-001  -2.115532e-002  1.530675e-002  2.225667e-001  -2.025771e-001  -1.972484e-001  -3.567915e-002  1.151823e-001  -8.055574e-002  -4.387004e-002  2.678157e-001  -3.310242e-001  -2.286550e-001  -1.327423e-001  3.465832e-003  -5.258627e-002  -2.553176e-001  -5.851977e-002  1.687461e-001  1.446698e-001  -5.427216e-002  -1.045114e+000  -4.356367e-001  -7.982261e-001  -5.579985e-001  -6.108676e-001  
1
2
4 0 17 4 0 -1
4 2 17 2 0 2
haar_y2
-0.137416  255.595825  64
2.523482e-001  3.264906e-001  9.475003e-001  9.420076e-001  5.697573e-001  6.758202e-001  5.098478e-001  4.679875e-001  7.640361e-001  -6.910151e-002  6.813309e-001  8.598427e-001  5.157360e-001  5.025301e-001  7.231887e-001  5.856766e-001  4.769786e-001  2.581875e-001  5.720505e-001  1.925564e-001  2.112713e-001  2.828629e-001  2.443481e-001  2.436179e-001  2.074460e-001  -6.744292e-002  -2.261954e-002  -2.186100e-001  -1.606044e-002  -2.194349e-001  -3.241418e-002  -3.185560e-001  -1.979586e-001  -2.002909e-001  -2.112854e-001  -1.275483e-001  -1.919706e-001  -2.435353e-001  6.143095e-002  -3.532775e-002  -6.493018e-003  1.167111e-002  1.286744e-001  2.024969e-001  9.641629e-002  1.574688e-001  2.242706e-001  -1.921832e-001  -2.276259e-001  3.916527e-001  4.119706e-001  5.934734e-001  3.878813e-002  2.466832e-002  5.733582e-001  1.405782e-002  2.685986e-001  -3.374746e-001  -3.121611e-001  2.727087e-001  -5.717634e-002  -1.892051e-001  -4.908071e-001  -8.779388e-001  
1
2
5 2 12 5 0 -1
9 2 4 5 0 3
haar_x3
-0.084947  295.414948  64
4.068240e-001  5.796976e-001  6.183816e-001  9.415485e-002  2.452642e-001  3.230729e-001  2.226504e-001  3.397457e-001  2.871853e-001  1.885128e-001  4.476733e-001  3.758189e-001  4.089772e-001  2.091581e-001  3.587282e-001  2.680183e-002  -2.322602e-002  -5.642842e-002  -1.892169e-001  -7.545392e-002  -4.322903e-001  -2.441147e-001  -2.809421e-001  -6.821454e-001  -4.541405e-001  -3.079986e-001  -4.558317e-001  -4.596885e-001  -2.027875e-001  -2.570006e-001  1.293356e-002  -3.723428e-002  4.604954e-002  1.335068e-001  6.303129e-002  1.789398e-001  1.270445e-001  5.907491e-002  1.828657e-001  1.333145e-001  1.573346e-001  9.654121e-002  8.831050e-002  1.212289e-002  3.498446e-001  1.542169e-001  2.614279e-001  6.999456e-002  -7.441769e-002  3.215416e-002  -5.936585e-002  7.934061e-002  -9.209708e-002  1.757711e-001  1.630820e-001  9.713181e-002  -1.266659e-001  -5.478888e-001  -4.156557e-001  1.231310e-001  -1.170283e-001  1.549910e-001  -3.504130e-001  4.235420e-002  
1
2
6 0 6 9 0 -1
8 0 2 9 0 3
haar_x3
-0.060363  599.636658  64
-1.175851e+000  -8.024385e-001  -6.813636e-001  -2.878348e-001  -2.960577e-001  -7.174617e-001  -3.958839e-001  -3.942244e-001  -1.981908e-001  -2.885273e-001  -1.170112e-002  -3.299225e-001  -2.162757e-001  -5.124348e-001  -4.842911e-002  -3.124122e-001  -2.367531e-001  -2.001613e-002  -2.401370e-001  -8.112451e-002  -1.635963e-001  -1.028909e-001  2.117971e-001  9.907458e-002  3.197556e-002  2.672020e-001  4.972883e-002  1.998219e-001  1.593054e-001  3.233168e-001  3.771562e-001  2.379535e-001  1.181806e-001  7.390252e-002  2.096584e-001  1.565042e-001  1.292427e-002  7.788648e-002  7.043642e-003  -1.946307e-001  -7.115299e-002  -7.902434e-002  -7.093791e-002  -1.330124e-001  -9.500916e-002  -3.457635e-001  -1.266361e-001  -5.063896e-001  -2.612163e-001  -3.816001e-001  -4.360397e-001  -8.134470e-001  -2.950634e-001  8.852325e-002  -3.040563e-001  -6.444578e-001  -2.686387e-001  -6.230705e-001  -3.600584e-001  -3.118478e-001  -7.304807e-001  -5.295187e-001  -3.074354e-001  -1.115840e+000  
1
2
22 0 2 18 0 -1
23 0 1 18 0 2
haar_x2
-0.074018  436.188995  64
-1.362275e-001  1.664191e-001  -4.219440e-001  6.652200e-001  5.143319e-001  1.275621e-001  1.838712e-001  2.947243e-001  -2.631872e-001  5.877722e-002  5.153238e-001  -3.051672e-002  3.819530e-001  2.752568e-001  2.445229e-001  6.651394e-001  4.816908e-001  2.017341e-001  2.434451e-001  2.998180e-001  6.726127e-001  5.476401e-001  4.687391e-001  3.855660e-001  3.557420e-001  2.225804e-001  1.176668e-001  1.382707e-001  7.230776e-002  -1.199668e-001  -4.480217e-002  -2.770703e-001  -1.979595e-001  -2.151857e-001  -3.323624e-001  -2.298753e-001  -2.186837e-001  -1.561800e-001  1.105724e-001  -4.919057e-002  -1.478395e-001  -3.040214e-001  -2.832693e-001  -2.847434e-002  1.740666e-001  -2.264892e-002  -4.172031e-002  -1.637248e-002  5.591268e-001  -4.163016e-001  3.372499e-001  1.210227e-001  3.863095e-001  6.790565e-001  3.715904e-001  4.445479e-002  1.064784e+000  2.830453e-001  4.974205e-002  5.204775e-001  -4.729630e-002  5.095092e-002  -2.608049e-001  4.912719e-001  
-2.168773 
