4 
0
1
2
3 5 16 8 0 -1
7 5 8 8 0 2
haar_x4
-0.085133  280.312042  64
-1.827310e+000  -1.075587e+000  -1.187132e+000  -7.459446e-001  -1.203355e+000  -1.019204e+000  -8.365250e-001  -7.715812e-001  -7.266057e-001  -1.192850e+000  -5.721221e-001  -7.064283e-001  -5.794349e-001  -3.567514e-001  -3.586906e-001  -2.612503e-001  -4.477155e-001  -1.683633e-001  -3.095349e-001  -1.603926e-001  -3.301594e-002  -1.895475e-001  -1.352405e-001  1.416271e-002  -3.482552e-001  -1.346847e-001  -1.598546e-001  -1.759911e-001  -2.295610e-001  -1.132241e-001  -1.719151e-001  -2.464698e-001  -2.523822e-001  -2.176335e-001  -3.637801e-001  -2.583352e-001  -2.030591e-001  -3.433172e-001  -2.368669e-001  -3.386978e-001  -2.867597e-001  -3.967368e-001  -4.747657e-001  -3.407182e-001  -4.219232e-001  -3.999379e-001  -4.924614e-001  -5.320657e-001  -7.741787e-001  -6.721104e-001  -5.485229e-001  -7.443900e-001  -4.193751e-001  -8.923126e-001  -6.956315e-001  -4.413610e-001  -8.432799e-001  -4.269264e-001  -3.131266e-001  -6.879910e-001  -6.515737e-001  -8.604857e-001  -8.795542e-001  -1.048673e+000  
0
1
2
5 3 15 21 0 -1
5 10 15 7 0 3
haar_y3
-0.163673  97.290840  64
-1.132630e+000  -5.860642e-001  -7.014447e-001  -5.499667e-001  -6.874917e-001  -7.137639e-001  -5.493701e-001  -7.167768e-001  -5.741509e-001  -4.581666e-001  -4.056411e-001  -5.906729e-001  -3.417912e-001  -4.249082e-001  -4.225789e-001  -2.227508e-001  -1.210065e-001  -2.135035e-001  -2.097138e-001  -7.167140e-002  5.448355e-002  8.396010e-003  1.250686e-001  2.189174e-001  9.692685e-002  2.503580e-001  1.304753e-001  2.453634e-001  3.673567e-001  -1.221994e-002  2.290936e-001  3.074174e-001  2.245588e-001  1.741273e-001  1.828515e-001  1.894074e-001  2.514895e-001  1.764027e-001  9.204073e-002  1.350245e-001  1.061415e-001  6.813471e-002  1.322157e-001  3.479966e-001  1.468893e-001  1.137325e-001  1.457282e-001  -6.859037e-002  3.186920e-002  -9.630084e-002  1.043624e-001  1.413382e-001  6.192926e-002  8.372241e-002  -3.842756e-001  -2.503705e-001  -2.531202e-001  -6.630275e-001  -3.884616e-001  -2.993634e-001  -6.545496e-002  2.550749e-001  -8.677223e-001  -8.222077e-001  
0
1
2
14 7 6 9 0 -1
17 7 3 9 0 2
haar_x2
-0.054916  497.683319  64
-4.508675e-001  -2.968120e-001  -6.111767e-001  -2.513285e-001  -4.508117e-001  -4.013290e-001  -4.005656e-001  -7.546875e-001  -3.439094e-001  -2.190799e-001  -5.656135e-001  -4.725620e-001  -4.609977e-001  -4.866551e-001  -2.102743e-001  -5.906395e-001  -2.404924e-001  -3.409337e-001  -3.512255e-001  -3.561189e-001  -2.738042e-001  -3.097179e-001  -2.790213e-001  -7.561702e-002  -1.892361e-001  -8.350636e-002  -9.456852e-002  -9.068757e-003  1.303938e-003  1.367214e-001  2.425467e-001  2.479578e-001  3.253220e-001  3.971447e-001  3.174104e-001  1.682274e-001  1.902802e-001  4.658384e-001  3.179437e-001  3.121415e-001  2.898501e-001  3.366472e-001  3.042682e-001  9.717441e-002  8.101203e-002  1.091088e-002  1.456702e-002  1.336380e-001  4.820890e-002  2.878940e-001  1.600594e-001  -5.499878e-003  -4.988486e-002  1.870545e-001  -2.330436e-001  -5.211599e-001  -3.915276e-001  -3.472753e-001  -1.329629e-001  -3.763319e-001  -3.666661e-001  -1.181601e-001  -1.062486e-001  -6.597832e-001  
0
1
3
0 1 24 6 0 -1
0 1 12 3 0 2
12 4 12 3 0 2
haar_x2_y2
-0.100229  283.293121  64
-6.315584e-001  -6.869980e-001  -4.390659e-001  -5.386853e-001  -7.325572e-001  -7.002181e-001  -6.511760e-001  -5.731286e-001  -3.285134e-001  -6.150990e-001  -8.254692e-002  -4.658647e-001  -4.425235e-001  -2.576632e-001  -1.829614e-001  1.500617e-003  -6.899370e-002  -9.858321e-002  -1.112162e-001  -1.420952e-002  1.087778e-001  1.356441e-001  1.490656e-001  2.997069e-001  8.120573e-002  1.779935e-001  1.999094e-001  2.782720e-001  2.164253e-001  2.716826e-001  2.849948e-001  3.305201e-001  1.979061e-001  6.688858e-002  1.379738e-001  2.606975e-002  8.509575e-002  -3.079331e-002  -1.036942e-001  -1.905900e-001  -2.567638e-001  -1.959484e-001  -5.387823e-001  -2.679423e-001  -3.071476e-001  -2.321211e-001  -4.444707e-001  -5.093832e-001  -5.711807e-001  -4.987206e-001  -6.475151e-001  -3.891268e-001  -7.222676e-001  -5.662045e-001  -2.798846e-001  -6.473566e-001  -9.429598e-001  -4.975489e-001  -7.805836e-001  -2.955236e-001  -5.482606e-001  -3.720202e-001  -8.934749e-001  -8.386183e-001  
-1.996093 
