2 
0
1
2
7 6 6 10 0 -1
7 11 6 5 0 2
haar_y2
-0.076640  329.324554  64
-1.283617e+000  -8.172653e-001  -8.700111e-001  -1.155274e+000  -1.282883e+000  -7.721465e-001  -6.825176e-001  -9.323145e-001  -7.910898e-001  -7.765549e-001  -8.333955e-001  -8.317783e-001  -8.823848e-001  -7.762989e-001  -6.650562e-001  -4.890917e-001  -3.930399e-001  -2.463747e-001  -3.983129e-001  -2.120405e-001  -2.391960e-001  -1.218915e-001  -7.562415e-002  -2.692989e-002  -5.339398e-002  6.128801e-003  1.202329e-003  1.136637e-002  1.020505e-001  -9.371835e-002  1.193763e-001  -6.610180e-002  -1.336837e-001  -1.093962e-001  -3.404673e-001  -3.637993e-001  -5.197169e-001  -7.466348e-001  -8.425099e-001  -1.218167e+000  -9.406722e-001  -1.076740e+000  -1.129793e+000  -1.394659e+000  -1.525879e+000  -1.856214e+000  -1.848073e+000  -1.972982e+000  -1.861642e+000  -1.688768e+000  -1.792269e+000  -1.536528e+000  -1.357061e+000  -1.589459e+000  -1.355154e+000  -1.686302e+000  -1.438463e+000  -1.284403e+000  -1.214149e+000  -1.018696e+000  -1.287516e+000  -1.131813e+000  -1.334621e+000  -1.772018e+000  
0
1
2
17 5 4 14 0 -1
17 5 2 14 0 2
tilted_haar_x2
-0.092681  305.378387  64
-2.313942e+000  -1.187193e+000  -1.633831e+000  -1.030525e+000  -1.191887e+000  -1.558228e+000  -1.219555e+000  -1.633813e+000  -1.295122e+000  -1.104636e+000  -1.211440e+000  -1.053185e+000  -1.003916e+000  -7.576678e-001  -6.333720e-001  -4.262403e-001  -3.198607e-001  -1.278301e-001  1.701016e-002  9.500750e-002  2.163673e-001  1.882811e-001  9.357951e-002  5.909630e-002  1.311569e-001  2.465629e-001  2.585292e-001  1.776860e-001  4.214605e-001  3.338223e-001  2.867240e-001  3.195464e-001  1.217615e-001  1.766413e-001  1.944439e-001  1.237514e-002  1.573340e-001  1.586920e-001  9.184777e-002  1.379772e-001  1.112746e-001  -3.853757e-002  -2.006114e-001  -1.641146e-002  3.764378e-002  -1.065000e-001  -2.608637e-001  -3.422436e-001  -4.720677e-001  -2.485274e-001  -5.833781e-001  -6.179160e-001  -1.019603e+000  -1.947546e-001  -6.813285e-001  -9.857836e-001  -7.057512e-001  -6.717965e-001  -5.889716e-001  -5.965627e-001  -8.070543e-001  -7.003050e-001  -1.028309e+000  -1.902061e+000  
-1.950717 
