5 
1
2
11 0 6 9 0 -1
11 0 3 9 0 2
tilted_haar_x2
-0.127345  255.881226  64
-1.487144e+000  -6.466101e-001  -1.029295e+000  -4.891197e-001  -3.769865e-001  -4.236239e-001  -5.150132e-001  -3.212349e-001  -4.586453e-001  -3.786837e-001  -4.048470e-001  -3.219758e-001  -3.885589e-001  -4.826553e-002  -6.358606e-001  -7.171499e-002  -1.492746e-001  -2.603218e-001  -1.482165e-002  -7.468532e-003  -1.433244e-001  -1.068977e-001  -8.060934e-002  -2.181045e-001  -1.389380e-001  -3.738190e-001  -1.507062e-001  -2.310351e-001  -1.152863e-001  -3.147296e-001  -3.014691e-001  -4.191868e-001  -4.819410e-001  -5.614277e-001  -6.269400e-001  -8.053169e-001  -9.049165e-001  -8.352436e-001  -8.457475e-001  -9.290464e-001  -9.860730e-001  -1.200764e+000  -1.049246e+000  -1.258718e+000  -9.853202e-001  -1.050009e+000  -1.389406e+000  -1.478045e+000  -1.216008e+000  -1.628536e+000  -1.713758e+000  -1.720489e+000  -1.759341e+000  -1.369375e+000  -1.473738e+000  -1.244770e+000  -1.308251e+000  -1.539453e+000  -1.279806e+000  -1.241863e+000  -9.616058e-001  -7.532015e-001  -1.145479e+000  -2.126863e+000  
1
3
16 0 8 10 0 -1
16 0 4 5 0 2
20 5 4 5 0 2
haar_x2_y2
-0.069857  335.625885  64
-1.485468e-001  -4.167205e-001  -7.292700e-001  -8.481534e-001  -9.328086e-001  -7.485989e-001  -3.963122e-001  -7.589086e-001  -8.393207e-001  -3.557715e-001  -7.901308e-001  -3.320770e-001  -3.725521e-001  -5.740875e-001  -5.965289e-001  -6.188140e-001  -6.255065e-001  -5.642149e-001  -4.665787e-001  -4.436279e-001  -2.704264e-001  -3.411849e-001  -3.551654e-001  -4.496488e-001  -2.001971e-001  -1.190319e-001  9.720111e-002  -2.125942e-002  7.769614e-002  3.212192e-001  2.871728e-001  3.044692e-001  2.343783e-001  4.068004e-001  4.098074e-001  4.532880e-001  4.759446e-001  4.790253e-001  4.880323e-001  3.890659e-001  5.025228e-001  6.845812e-001  4.815161e-001  5.502272e-001  5.361772e-001  7.460272e-001  7.011574e-001  4.671876e-001  3.145219e-001  7.251401e-001  6.138400e-001  4.284731e-001  4.872792e-001  7.942886e-001  5.640180e-001  9.758927e-001  6.879646e-001  8.195642e-001  8.107457e-001  3.533077e-001  7.580891e-001  3.122197e-001  2.315585e-001  2.933293e-001  
1
3
5 5 8 10 0 -1
5 5 4 5 0 2
9 10 4 5 0 2
haar_x2_y2
-0.087773  388.009796  64
3.602904e-001  5.985339e-001  6.979503e-001  5.427340e-001  5.496500e-001  6.172739e-001  6.090466e-001  6.438411e-001  3.405439e-001  8.431422e-001  6.021847e-001  4.005896e-001  6.618545e-001  8.185139e-001  7.821123e-001  4.948515e-001  5.991369e-001  8.070429e-001  4.153184e-001  4.822947e-001  3.155190e-001  4.035994e-001  3.298382e-001  2.841750e-001  2.600774e-001  1.560542e-002  -6.824485e-002  -1.417636e-001  -2.879804e-002  -1.993987e-001  -4.059608e-001  -3.485918e-001  -4.015802e-001  -7.107199e-001  -5.928026e-001  -5.976551e-001  -5.679043e-001  -5.839002e-001  -4.414100e-001  -4.090428e-001  -4.455136e-001  -1.883047e-001  -2.804573e-001  -6.922222e-002  -2.060196e-001  -4.596009e-001  -1.022213e-001  7.189909e-002  2.893745e-001  2.283520e-001  2.006817e-001  3.622655e-001  4.844795e-001  2.403919e-001  1.163495e-001  5.892163e-001  2.367602e-001  3.478176e-001  -7.291719e-002  5.332776e-001  3.657639e-003  1.188726e-001  1.373373e-001  -1.144249e-001  
1
2
4 7 6 6 0 -1
7 7 3 6 0 2
haar_x2
-0.046869  614.996826  64
-1.659162e+000  -7.959033e-001  -5.433478e-001  -7.469532e-001  -2.243379e-001  -2.947791e-001  -5.614728e-001  -3.038183e-001  -5.227834e-001  -2.798390e-001  -3.684847e-002  -1.967936e-001  -1.352972e-002  1.167789e-001  -8.936696e-002  1.003779e-001  3.363544e-001  1.909614e-001  2.171630e-001  3.063249e-001  4.687649e-001  5.479479e-001  4.338248e-001  3.903400e-001  3.214517e-001  2.805898e-001  2.738918e-001  1.885680e-001  1.232701e-001  8.304600e-002  -1.142727e-001  -2.449031e-001  -6.529631e-002  -2.516548e-001  -2.803113e-001  -4.709765e-001  -5.424023e-001  -3.481228e-001  -5.591776e-001  -6.005211e-001  -6.759132e-001  -7.126611e-001  -5.903323e-001  -6.492168e-001  -8.929690e-001  -8.453171e-001  -1.062107e+000  -7.690991e-001  -5.821115e-001  -8.846150e-001  -1.193680e+000  -5.298209e-001  -4.457485e-001  -6.883206e-001  -8.721132e-001  -9.691862e-001  -1.014349e+000  -9.299980e-001  -8.584966e-001  -9.034982e-001  -1.030195e+000  -4.661824e-001  -1.825566e-001  -1.176880e+000  
1
2
10 1 8 9 0 -1
12 1 4 9 0 2
haar_x4
-0.061807  421.787384  64
-3.509759e-001  3.209273e-001  4.259956e-001  6.637820e-001  5.434002e-001  3.417718e-001  6.211682e-001  7.227773e-001  7.849737e-001  4.244510e-001  3.452119e-001  4.138466e-002  4.831044e-001  7.506119e-001  2.562160e-001  1.866770e-001  3.512815e-001  1.344277e-001  1.021672e-001  -5.114093e-002  -2.143605e-002  -1.069054e-001  -1.792569e-001  -3.699210e-001  -3.881203e-001  -4.699620e-001  -4.163090e-001  -5.697048e-001  -5.410399e-001  -6.449339e-001  -5.355705e-001  -4.888181e-001  -3.189692e-001  -3.312798e-001  -1.905626e-004  -2.402528e-001  2.095981e-001  6.637848e-002  2.806184e-001  2.879664e-001  3.211669e-001  3.851868e-001  3.590463e-001  4.966571e-001  3.470486e-001  4.502434e-001  5.106453e-001  2.754955e-001  3.553924e-001  4.916158e-001  1.618591e-001  -1.600633e-001  -8.516679e-002  -9.472445e-002  5.411364e-001  -3.421469e-002  1.775668e-001  -7.016639e-002  -4.583200e-001  -8.281464e-002  -1.571639e+000  -5.886307e-001  -5.487368e-001  -7.231835e-001  
-2.351314 
