2 
0
1
2
0 0 22 24 0 -1
11 0 11 24 0 2
haar_x2
-0.770314  39.279785  64
5.747468e-001  4.576512e-001  -7.505369e-002  2.024791e-001  -3.191765e-001  2.072006e-001  -5.010639e-002  -3.845497e-001  -5.965405e-001  -5.116163e-001  -7.306764e-001  -1.713544e-001  -6.489944e-001  -1.140111e+000  -8.608999e-001  -8.400810e-001  -1.083836e+000  -9.321200e-001  -8.708533e-001  -1.251464e+000  -1.014204e+000  -1.096535e+000  -1.153295e+000  -9.611508e-001  -1.006034e+000  -1.024853e+000  -9.337237e-001  -9.266058e-001  -1.080889e+000  -8.788162e-001  -8.838393e-001  -8.927337e-001  -7.906443e-001  -6.729625e-001  -4.984928e-001  -4.277068e-001  -4.013291e-001  -3.186579e-001  -2.977518e-001  -4.763039e-002  -1.991909e-001  1.831651e-002  1.220614e-001  2.176142e-001  3.106593e-001  2.457609e-001  4.227862e-001  4.283019e-001  5.105330e-001  7.027408e-001  7.128893e-001  6.021501e-001  1.328104e+000  1.194452e+000  1.529904e+000  1.283951e+000  1.036538e+000  1.275974e+000  1.436262e+000  8.377776e-001  8.078041e-001  1.994645e-001  3.953394e-001  -4.689143e-001  
0
1
2
0 0 4 14 0 -1
2 0 2 14 0 2
haar_x2
-0.082490  249.427170  64
1.873198e-001  -1.641382e-001  -5.334373e-001  2.596937e-001  1.980474e-001  3.516560e-001  -4.080829e-002  2.021067e-002  -4.066554e-001  -3.295192e-001  -5.695517e-001  -5.653924e-001  -6.424941e-001  -4.706861e-001  -5.842453e-001  -5.191739e-001  -4.274232e-001  -4.130490e-001  -5.533074e-001  -6.616647e-001  -8.456445e-001  -5.146937e-001  -3.427909e-001  -1.239512e-001  3.760662e-002  2.254156e-001  4.400977e-001  3.251767e-001  5.255350e-001  7.735794e-001  6.757700e-001  7.624379e-001  9.663475e-001  1.012326e+000  1.153655e+000  1.203980e+000  1.163472e+000  1.223734e+000  1.705652e+000  1.267822e+000  1.256354e+000  9.614999e-001  9.518928e-001  1.758700e+000  1.008339e+000  1.069951e+000  1.183294e+000  1.441058e+000  1.124637e+000  1.009860e+000  8.480713e-001  1.058259e+000  5.240921e-001  8.993694e-001  6.122112e-001  9.216945e-001  7.089140e-001  6.901474e-001  5.188692e-001  6.083067e-001  2.620068e-001  2.228920e-001  1.947091e-001  8.260447e-001  
-2.108441 
