6 
0
1
2
7 0 4 17 0 -1
9 0 2 17 0 2
haar_x2
-0.045165  472.936096  64
-1.735505e+000  -7.856456e-001  -1.328721e+000  -8.131662e-001  -7.901021e-001  -5.547258e-001  -1.016597e+000  -5.527291e-001  -5.652467e-001  -6.979684e-001  -3.881328e-001  -6.838447e-001  -5.711023e-001  -3.973092e-001  -5.467235e-001  -3.010661e-001  -1.744963e-001  -3.130505e-001  -3.220017e-001  -2.096940e-001  -1.922458e-001  -3.254547e-001  -3.321472e-001  -2.370937e-001  -1.312821e-001  -1.838739e-001  -1.364968e-001  -2.313692e-001  -6.001439e-001  -3.153672e-001  -3.828276e-001  -3.981435e-001  -3.741561e-001  -6.726276e-001  -7.008644e-001  -9.559292e-001  -8.334588e-001  -7.933455e-001  -1.116524e+000  -8.950156e-001  -8.977302e-001  -9.591818e-001  -1.466670e+000  -1.120196e+000  -1.281409e+000  -1.395861e+000  -8.262550e-001  -1.028100e+000  -1.231360e+000  -1.143325e+000  -8.796048e-001  -1.365070e+000  -1.117913e+000  -1.084216e+000  -1.281484e+000  -5.002593e-001  -1.646132e+000  -9.595504e-001  -1.087221e+000  -1.406358e+000  -1.067815e+000  -8.627421e-001  -8.119607e-001  -1.849650e+000  
0
1
2
14 6 6 11 0 -1
17 6 3 11 0 2
haar_x2
-0.060313  370.868500  64
-7.069467e-001  -4.400313e-001  -1.203517e+000  -5.440820e-001  -9.279066e-001  -1.799166e-001  -6.079504e-001  -2.045306e-001  -5.267786e-001  -2.248597e-001  -3.445606e-001  -2.291232e-001  -3.943870e-001  -1.718820e-001  -4.065165e-002  -2.175568e-001  -1.188949e-001  -1.643080e-001  -6.165956e-002  -3.350452e-002  -6.008713e-002  5.418399e-003  4.483256e-002  1.426410e-001  2.098793e-001  2.018171e-001  2.825513e-001  2.474424e-001  2.463146e-001  2.627406e-001  1.158453e-001  1.942918e-001  8.274780e-002  1.747189e-001  9.482697e-002  -1.927168e-002  8.496250e-002  -3.215232e-002  -1.233883e-001  -3.051457e-001  -4.407009e-001  -4.196532e-001  -7.611583e-001  -5.647265e-001  -8.767297e-001  -9.747931e-001  -1.321213e+000  -8.217144e-001  -1.191803e+000  -1.168405e+000  -1.133657e+000  -8.748906e-001  -1.188231e+000  -1.062981e+000  -1.412695e+000  -3.189014e-001  -6.975055e-001  -8.959703e-001  -9.959442e-001  -1.012540e+000  -5.510677e-001  -6.219584e-001  -6.766970e-001  -1.888865e+000  
0
1
2
5 8 14 6 0 -1
5 10 14 2 0 3
haar_y3
-0.048142  370.601440  64
9.345409e-002  -6.377414e-001  -6.550510e-002  -5.196036e-001  -3.698287e-001  -2.079505e-001  -3.950614e-001  -7.176076e-001  -4.334619e-001  -8.061311e-001  -8.372603e-001  -5.020491e-001  -3.097127e-001  -8.868389e-001  -3.633818e-001  -3.144197e-001  -4.209345e-001  -3.507721e-001  -3.576836e-001  -1.563575e-001  -1.317252e-001  -5.010623e-002  1.657273e-001  3.574118e-001  2.919503e-001  2.751251e-001  4.045450e-001  3.186327e-001  3.500317e-001  2.443098e-001  -4.879002e-003  3.012280e-001  1.981831e-001  -3.698452e-002  -5.466769e-002  -3.148215e-002  1.115539e-001  -2.606277e-001  -2.553855e-001  -1.661209e-001  2.819678e-001  -2.239328e-002  -2.218525e-001  2.791256e-002  -4.350829e-001  -4.013523e-001  -2.944739e-001  -6.245980e-001  -6.644694e-001  -6.504682e-001  -7.201415e-001  -4.892409e-001  7.959748e-002  -5.977424e-001  -6.347911e-001  -1.761134e-001  -8.224229e-001  -3.184437e-001  -7.424593e-001  -5.043933e-001  -6.265277e-001  -5.776561e-001  -2.353880e-001  -1.760854e+000  
0
1
2
10 1 10 9 0 -1
7 4 10 3 0 3
tilted_haar_y3
-0.196836  156.426788  64
8.744628e-002  2.988492e-001  -2.337699e-002  1.885436e-001  3.608971e-001  6.715119e-001  7.897266e-001  6.232330e-001  8.314155e-001  7.344335e-001  9.706543e-001  3.926522e-001  4.469649e-001  2.908173e-001  4.915996e-001  5.417578e-001  5.293246e-001  3.069760e-001  2.878768e-001  3.650580e-001  2.564806e-001  -2.619237e-002  6.907851e-002  -1.410831e-001  4.366741e-002  1.560137e-002  -1.108415e-001  -1.409898e-001  -1.733439e-001  -3.818599e-001  -5.738782e-001  -2.560579e-001  -1.840627e-001  -4.511007e-001  -5.446782e-001  -4.371703e-001  -2.008052e-001  -1.581865e-001  -3.718084e-001  -3.711676e-001  -1.050450e-001  -1.309333e-001  2.627361e-002  -1.191205e-001  2.518236e-002  -6.257667e-003  1.480548e-001  1.676169e-001  -5.826752e-002  4.281390e-001  2.414514e-001  1.974997e-001  1.130987e-001  2.442406e-001  3.171737e-001  5.410296e-001  3.487479e-002  1.911082e-001  3.473768e-001  7.510593e-001  4.898897e-001  3.121844e-001  1.097330e+000  4.479956e-001  
0
1
2
4 18 14 6 0 -1
4 20 14 2 0 3
haar_y3
-0.092761  276.572784  64
-1.327585e-001  -1.987876e-002  -3.849346e-001  5.881126e-001  -5.151444e-002  -3.858069e-001  -5.589240e-002  -6.186067e-001  -5.693107e-001  2.136565e-002  -3.568126e-001  -3.114338e-001  -5.839530e-001  -4.992605e-001  -5.466772e-001  -6.337789e-001  -4.340712e-001  -4.945248e-001  -4.629494e-001  -2.801051e-001  -4.657796e-001  -2.061799e-001  -4.048304e-001  -2.912907e-001  -2.314741e-001  -2.457837e-001  -2.117190e-001  5.730187e-002  7.258668e-002  3.074131e-001  3.250605e-001  3.782473e-001  3.051012e-001  5.243396e-001  6.266693e-001  4.034863e-001  2.893986e-001  4.092763e-001  2.991250e-001  6.124815e-002  2.695334e-001  2.559040e-001  -1.947263e-001  1.367103e-001  1.014407e-001  -7.158460e-002  -3.040955e-001  -4.422398e-001  -3.099912e-001  8.740610e-002  7.146409e-002  -6.975291e-001  -3.041098e-001  -2.780055e-001  4.218142e-001  1.618549e-001  3.214947e-002  2.350588e-001  4.074711e-002  -1.294696e-001  -1.059276e-001  2.408057e-001  -8.031498e-002  2.512225e-001  
0
1
2
3 0 9 24 0 -1
3 6 9 12 0 2
haar_y4
-0.179194  126.957741  64
-2.208089e-001  -4.592121e-001  -4.532504e-001  -4.960986e-001  -6.982280e-001  -6.705719e-001  -1.451994e-001  -7.466056e-001  -7.531645e-001  -4.204444e-001  -2.566659e-001  -4.636005e-001  -2.710249e-001  -6.909940e-001  -4.000902e-001  -3.072668e-001  -4.513560e-001  -3.796358e-001  -1.669707e-001  -3.591998e-001  -1.153760e-001  -8.227861e-002  -1.273727e-001  2.580638e-002  1.434240e-002  9.110397e-002  3.748360e-001  2.542383e-001  2.362873e-001  8.098222e-002  3.277675e-001  1.169179e-001  2.761164e-001  2.165066e-001  4.918662e-001  2.537427e-001  4.825972e-001  4.942428e-002  6.330115e-002  3.170032e-001  6.688733e-002  3.452883e-001  1.040425e-001  6.931792e-002  -1.604148e-001  1.058652e-002  -7.603879e-002  -6.153901e-001  -1.111059e-002  -1.319681e-001  -4.098343e-001  -7.148327e-001  1.309225e-001  -2.247586e-001  -6.837198e-001  -9.756698e-001  -9.630675e-001  -5.257614e-001  -1.244388e+000  -7.475612e-001  -6.448265e-001  -8.609779e-002  -8.608528e-001  -9.547647e-001  
-2.160475 
