34 
0
1
2
17 4 4 14 0 -1
17 4 2 14 0 2
tilted_haar_x2
-0.052501  453.585846  64
-1.160881e+000  -4.948782e-001  -7.597080e-001  -8.232566e-001  -2.740065e-001  -4.837475e-001  -5.051058e-001  -5.102441e-001  -5.750330e-001  -7.008094e-001  -4.065668e-001  -7.980306e-001  -7.812000e-001  -3.845823e-001  -2.981970e-001  -5.149981e-001  -9.486990e-001  -3.310283e-001  -5.443366e-001  -8.924626e-001  -2.814862e-001  -3.543069e-001  -7.183924e-001  -4.931514e-001  -9.295899e-001  -4.678799e-001  -5.625448e-001  -7.175663e-001  -6.319067e-001  -4.530067e-001  -9.393677e-001  -5.085121e-001  -5.731599e-001  -5.006496e-001  -7.714467e-001  -5.388836e-001  -8.081485e-001  -6.423331e-001  -4.937982e-001  -6.914647e-001  -9.078491e-001  -1.159288e+000  -3.286565e-001  -1.544205e+000  -4.998907e-001  -1.235451e+000  -6.603370e-001  -4.938408e-001  -5.421225e-001  -8.125017e-001  -3.232443e-001  -4.540831e-001  -1.157664e+000  -1.093785e+000  -2.551007e-001  -1.404920e+000  -5.994250e-001  -4.592294e-001  -4.330199e-001  -4.433315e-001  -2.905929e+000  -8.427613e-001  -9.591726e-002  -1.068558e+000  
0
1
2
3 2 20 10 0 -1
3 7 20 5 0 2
haar_y2
-0.173382  131.519669  64
2.806273e-001  1.396532e-001  8.500992e-002  -3.038484e-001  -3.665062e-001  -8.811246e-002  -3.718715e-001  3.938035e-001  -1.527991e-001  2.269112e-001  5.329670e-002  7.906091e-002  -5.007637e-001  -1.002229e-001  -2.541190e-001  -8.228471e-001  -6.567869e-001  -1.286462e-001  -6.361266e-002  1.591134e-001  -3.160350e-001  1.136014e-001  1.991884e-001  -4.035743e-002  2.187047e-001  1.620015e-001  2.746353e-001  5.395309e-002  1.179821e-001  2.667909e-001  1.829653e-001  1.249480e-001  1.454959e-001  1.108765e-001  2.048960e-001  1.160671e-001  -3.194584e-001  -1.753555e-001  2.804446e-003  6.762724e-002  -2.421449e-002  -1.208686e-002  3.335698e-001  6.459904e-002  1.793897e-001  -4.130171e-001  -5.026797e-001  2.894146e-001  -7.274843e-003  3.156342e-001  1.547739e-001  -6.507130e-002  4.319091e-001  1.685198e-001  8.080214e-002  -6.148124e-002  6.156793e-002  -8.354457e-002  -4.738135e-001  1.011929e-001  1.739808e-001  2.062903e-001  1.003533e-001  -9.328984e-002  
0
1
2
0 7 12 12 0 -1
0 11 12 4 0 3
haar_y3
-0.086207  216.960999  64
-2.611277e-001  -2.236961e-001  2.830148e-001  -2.380125e-001  6.350178e-001  -4.656658e-001  -8.246003e-002  -7.925662e-002  -2.034515e-001  -1.400594e-001  2.840058e-002  9.878261e-002  2.629467e-001  1.696050e-001  3.630677e-001  4.380055e-002  2.115111e-001  -6.293012e-002  1.205171e-001  -4.913221e-003  -4.295735e-002  8.581474e-002  2.836122e-002  -8.058816e-002  -9.550913e-002  1.116136e-001  4.768008e-002  1.516569e-001  -2.529238e-001  -2.077000e-003  8.516281e-002  5.754885e-002  6.905940e-002  2.585990e-001  4.207753e-001  -1.392598e-001  -4.254390e-002  -2.690163e-001  1.601935e-001  -1.081623e-002  1.012874e-001  5.298366e-002  7.550061e-002  5.839655e-001  -3.106845e-001  2.122415e-001  4.512554e-001  2.138370e-001  2.101261e-001  -3.336316e-001  -5.573140e-001  3.946580e-001  1.751198e-002  -3.541753e-001  -8.028322e-001  3.630262e-001  -1.089738e+000  1.413604e-001  -1.937749e-001  2.911071e-001  -4.495132e-002  9.604383e-002  5.688851e-001  -5.093874e-001  
0
1
2
5 5 14 10 0 -1
12 5 7 10 0 2
haar_x2
-0.187944  161.758514  64
2.861533e-001  -8.570477e-001  1.589624e-001  3.297163e-001  -9.089409e-001  5.024031e-001  -9.988759e-002  1.167973e-001  2.922918e-001  6.999850e-002  4.606243e-003  2.595664e-001  -2.027059e-001  -4.275510e-001  2.044319e-002  -1.657258e-001  2.832349e-001  2.006278e-001  1.188071e-001  -2.430791e-002  -1.138282e-001  1.649054e-001  -2.573189e-001  6.013896e-002  1.049425e-002  -1.612484e-001  6.614137e-003  -1.113864e-001  -2.737790e-002  -1.851285e-002  -3.590991e-003  1.815582e-001  -2.857496e-002  3.424573e-001  1.470736e-001  1.323895e-001  1.159797e-002  1.264142e-001  1.416207e-002  1.666133e-001  -1.064750e-001  -1.590725e-001  -3.445548e-001  -5.918440e-002  -2.176915e-001  6.416608e-002  -2.231918e-001  2.236452e-001  2.573161e-001  4.954823e-001  7.409699e-002  -2.313571e-001  -1.538629e-001  5.450942e-001  -2.322574e-002  -5.383160e-003  9.330450e-002  -1.269225e-001  4.079292e-001  1.921623e-001  4.129996e-001  -4.144298e-001  -1.099210e+000  -1.621561e-001  
0
1
3
8 9 10 12 0 -1
8 9 5 6 0 2
13 15 5 6 0 2
haar_x2_y2
-0.062650  440.402039  64
8.228484e-002  2.057314e-001  -1.470968e-001  9.822727e-004  1.384225e-001  -3.200795e-001  1.453432e-001  3.627816e-003  -7.837865e-001  -1.570420e-001  -2.517468e-001  4.850861e-003  -2.277789e-001  -1.396865e-001  7.781143e-003  1.141164e-001  -1.970580e-001  -1.477876e-001  -1.173233e-001  -2.682652e-002  -1.334695e-001  -6.724552e-002  7.016092e-002  1.165015e-001  -6.694650e-003  6.766597e-002  1.749787e-001  1.984209e-001  2.063930e-001  -8.494512e-003  1.168981e-001  8.553196e-002  1.318016e-001  6.694004e-002  -9.081369e-002  7.992784e-002  4.051394e-002  -3.762092e-001  2.390274e-001  -2.138219e-001  -1.622573e-002  1.614019e-001  8.969318e-003  -2.252090e-001  -3.097830e-001  -5.281256e-001  1.532607e-001  -1.605232e-001  2.150030e-002  1.976236e-001  1.428652e-001  2.290287e-001  4.131599e-001  2.313205e-001  2.265131e-001  -5.980336e-002  -3.723286e-002  1.288609e-001  -1.207253e+000  3.045129e-001  3.336860e-001  -2.679266e-002  -1.686461e-001  7.602885e-001  
0
1
2
2 12 15 6 0 -1
2 14 15 2 0 3
haar_y3
-0.086868  321.618164  64
4.056614e-001  2.104876e-001  -5.987099e-001  -4.373654e-001  4.888291e-001  1.076924e-001  3.228413e-001  5.783098e-001  -1.509927e-002  3.807272e-001  -1.783260e-002  2.779975e-001  3.391537e-001  -2.053773e-001  2.071098e-001  2.282941e-001  1.622785e-001  2.478620e-001  1.197217e-001  1.387995e-001  -1.233915e-002  6.587858e-002  1.864456e-001  -1.244967e-001  -9.498508e-002  -1.160020e-001  1.817611e-004  -1.522011e-001  -1.800663e-001  2.867425e-002  -1.394581e-001  -2.335088e-002  -8.746495e-002  -7.629916e-003  -8.892117e-002  -6.667245e-002  2.390470e-002  -1.285477e-001  -2.176733e-001  2.457363e-001  2.668436e-002  4.282031e-001  8.936767e-003  2.806383e-001  3.007491e-001  4.111392e-001  -2.664672e-002  1.954908e-001  7.883544e-001  8.166469e-001  6.206810e-001  2.656528e-001  4.209313e-001  5.816259e-001  9.656402e-001  7.693604e-001  5.845976e-001  2.000380e-001  4.210464e-001  5.700858e-001  5.776489e-001  -3.581109e-001  2.264576e-001  4.118287e-001  
0
1
3
17 6 6 18 0 -1
17 6 3 9 0 2
20 15 3 9 0 2
haar_x2_y2
-0.131663  224.574997  64
1.794141e-001  6.683819e-001  -3.958031e-001  5.102943e-001  -9.974962e-002  3.171348e-002  -1.466575e-001  3.413498e-001  3.410471e-001  1.441612e-001  1.370977e-001  2.856548e-001  -4.806479e-002  3.636705e-001  2.516330e-001  2.684802e-001  5.878840e-002  -9.216337e-002  3.503305e-001  2.666480e-001  -3.776471e-003  2.104316e-001  2.707405e-002  1.428829e-001  -8.593556e-002  -5.310722e-002  -4.877931e-002  1.206408e-001  -1.332821e-001  -2.973361e-001  -5.475574e-002  -1.945139e-001  2.227882e-002  -1.226184e-001  -1.082717e-001  -2.524744e-001  6.605902e-003  1.105239e-002  -5.447384e-002  9.963782e-002  1.231782e-001  1.821340e-001  -7.392896e-002  1.378688e-001  -3.107475e-002  1.520596e-001  -1.954666e-001  4.409833e-002  3.362381e-001  1.162529e-001  2.972694e-001  -1.028576e-002  4.943717e-001  2.424945e-001  4.827861e-001  4.808315e-001  4.844242e-001  7.401455e-001  6.167564e-001  3.936887e-001  8.707439e-001  4.971963e-001  5.704428e-001  6.493168e-001  
0
1
2
8 1 15 6 0 -1
8 3 15 2 0 3
haar_y3
-0.111947  276.173798  64
-3.388737e-001  -1.664424e-001  4.726663e-001  -9.647192e-002  1.480672e-001  8.285267e-001  2.029627e-001  7.522196e-001  1.164706e-001  -2.351879e-001  -1.998609e-001  2.794318e-001  -3.093433e-001  2.869092e-001  1.198893e-001  3.516702e-001  -3.524786e-002  1.939089e-001  -5.695660e-002  -7.716873e-002  -1.111075e-001  -1.607125e-001  -5.789831e-002  -2.061523e-001  1.077651e-001  9.489821e-002  -4.529157e-002  1.795477e-002  -9.364517e-002  -1.031784e-001  4.824533e-003  1.736645e-001  -5.922023e-002  1.370340e-001  2.364153e-001  8.702771e-002  9.667397e-002  1.383465e-001  1.371682e-001  7.167660e-002  -5.953623e-002  1.685835e-001  -9.006865e-002  -5.263229e-002  -1.928649e-001  -5.149544e-002  -1.360478e-001  -4.486903e-001  3.518843e-001  3.074204e-001  -2.461462e-003  5.610817e-002  7.549815e-003  -2.993509e-001  -1.047661e+000  -6.066034e-001  -3.751929e-001  -4.021697e-001  -3.803226e-001  -2.552077e-001  -2.927083e-001  -3.208908e-001  -6.861263e-001  -1.904363e-001  
0
1
2
0 1 12 17 0 -1
4 1 4 17 0 3
haar_x3
-0.270578  103.590858  64
-2.623065e-002  6.875300e-002  5.866884e-002  -5.326016e-001  -3.981937e-001  -8.702570e-002  5.634259e-002  -1.390540e-001  -2.400974e-001  2.524707e-001  -5.812379e-002  -2.651548e-001  3.076422e-001  7.533258e-003  6.810590e-002  -2.569916e-001  -1.537887e-001  4.184629e-002  8.136941e-002  -8.766649e-002  3.462641e-002  6.231412e-002  2.193300e-001  -6.508144e-003  1.064436e-001  -1.206392e-001  -3.983355e-002  -8.374133e-002  -1.197662e-001  8.613108e-002  2.291199e-001  8.892241e-002  1.776634e-003  -1.066750e-001  -9.880278e-003  7.339114e-002  2.152717e-001  -2.167361e-002  3.541055e-002  5.814333e-002  -2.655368e-001  -2.057787e-003  -1.329894e-001  -9.658366e-002  -9.622013e-002  2.211002e-001  -1.815177e-001  -2.444621e-001  2.557565e-001  6.109019e-002  1.384903e-001  1.661824e-001  3.674652e-002  1.684088e-001  5.290977e-001  4.764761e-001  -8.861507e-002  3.512129e-001  1.206910e+000  3.809279e-001  1.617454e-001  1.069960e+000  4.329854e-001  1.055161e+000  
0
1
2
7 12 10 2 0 -1
7 12 10 1 0 2
tilted_haar_y2
-0.020934  1331.867554  64
-7.063532e-001  -5.742043e-001  1.794181e-001  -4.656218e-001  -1.608721e-001  -3.076766e-001  -3.999383e-001  -1.393428e-001  -8.449641e-002  -3.362580e-001  -6.816827e-002  -1.240067e-001  2.873070e-001  -3.089429e-001  2.099000e-002  3.281264e-002  -1.200617e-001  -1.725699e-001  1.147369e-001  2.713430e-002  -1.381112e-001  1.781959e-001  1.768270e-001  1.040358e-001  1.987910e-001  1.645970e-001  4.660061e-002  2.531977e-001  4.852555e-002  8.213055e-002  6.306786e-002  -8.321071e-002  -1.113656e-002  -4.589111e-002  2.739212e-002  -1.190761e-001  1.321075e-001  -1.112065e-002  1.786920e-002  1.828316e-001  -5.885940e-002  1.703236e-001  1.503421e-001  -3.324968e-002  6.132303e-002  2.115481e-002  -7.985147e-002  1.174846e-001  -1.472771e-001  -2.348281e-001  -3.205964e-001  -6.961363e-002  -3.482880e-001  -3.113905e-001  1.256176e-002  -1.051729e-001  -2.653370e-001  7.950114e-002  -4.147322e-002  -6.695835e-002  -1.452359e-001  -3.496755e-001  -2.202026e-001  -2.812501e-001  
0
1
2
4 4 20 9 0 -1
14 4 10 9 0 2
haar_x2
-0.259166  117.328224  64
-1.973156e-001  -2.560898e-002  2.841222e-001  9.907546e-002  4.949721e-001  5.116153e-001  2.903983e-001  5.877833e-002  3.144807e-001  3.222362e-001  -1.998927e-002  6.145817e-003  -1.216769e-002  1.920580e-001  -1.867658e-001  1.812478e-002  1.891479e-001  1.081070e-001  -7.607276e-002  5.832922e-002  2.392940e-001  -1.404539e-001  -1.738174e-001  -2.969946e-002  9.118702e-003  5.166586e-002  -7.284040e-002  -1.024477e-001  -1.840317e-001  7.646151e-003  7.066324e-002  3.432410e-002  -4.933447e-003  -1.246907e-001  -1.550818e-001  -1.802981e-001  1.250781e-001  -9.775276e-002  1.877885e-002  -1.408974e-002  -5.147922e-002  -2.102334e-001  -1.288351e-001  -5.336527e-002  -1.670279e-002  2.481354e-001  1.189334e-001  1.845787e-001  -5.660661e-002  3.119701e-001  -2.040436e-002  4.984974e-002  3.137391e-002  1.789842e-001  2.572668e-001  3.764842e-001  2.632835e-001  5.576418e-001  3.166171e-001  -2.894047e-002  -7.221001e-001  -8.093154e-001  -3.597299e-001  -4.464114e-001  
0
1
2
13 1 9 10 0 -1
16 4 3 10 0 3
tilted_haar_x3
-0.126290  250.815475  64
7.758589e-001  6.823627e-001  3.154116e-001  4.044973e-001  -2.373883e-001  4.153495e-001  5.073693e-001  4.516946e-001  9.520960e-002  1.930752e-002  1.757067e-001  -5.781744e-002  -1.159193e-001  -3.774741e-001  2.808649e-001  -1.482510e-001  -1.591748e-001  -1.135090e-001  -2.211625e-001  -2.080001e-001  4.027325e-002  5.369072e-002  -2.830275e-002  -1.380808e-001  -1.719564e-001  2.289856e-002  1.211984e-001  -1.203487e-001  -6.083814e-003  -1.770770e-001  -8.309031e-002  -1.297017e-001  2.070026e-002  1.609428e-002  -7.823095e-002  2.240873e-002  6.919410e-002  1.337052e-001  -1.346791e-002  3.504625e-002  -1.312249e-002  1.478650e-001  8.271279e-002  2.165010e-001  1.159591e-001  2.372680e-001  -1.921237e-002  1.104586e-002  1.212865e-001  1.064503e-001  2.392492e-001  2.956642e-001  3.778670e-001  2.397053e-001  -1.426958e-001  -3.496951e-001  4.993845e-001  -1.189122e-001  1.184631e-001  -1.837277e-001  -6.558559e-002  -4.285786e-001  6.044967e-001  -3.994521e-001  
0
1
2
17 2 4 12 0 -1
13 6 4 4 0 3
tilted_haar_y3
-0.060259  216.348785  64
-2.318335e-001  2.183958e-001  1.772920e-001  1.593996e-001  -5.909829e-002  2.881772e-001  1.445564e-001  -2.263163e-001  -2.259019e-001  1.644808e-002  -2.241005e-002  6.485140e-002  3.590003e-003  2.583001e-001  2.238444e-001  1.541297e-001  1.250861e-001  7.105990e-002  9.885222e-002  1.667190e-001  -8.833940e-002  3.401398e-002  -1.000165e-001  -1.959431e-001  -2.049426e-001  -6.660584e-002  -9.125074e-002  -1.213358e-001  1.175903e-002  -1.858331e-002  -1.730796e-002  -8.718678e-002  -5.287996e-002  -1.630579e-001  -1.816585e-001  -1.757663e-001  -1.967391e-003  2.424870e-002  -2.209630e-001  1.263905e-001  3.720310e-001  3.636823e-002  -2.913174e-001  1.284353e-001  1.834426e-002  1.499715e-001  4.974084e-001  -1.315563e-001  2.272329e-001  9.058081e-002  4.409264e-001  5.217452e-004  4.471436e-001  7.005681e-001  6.325594e-001  3.116637e-001  6.019635e-001  5.438702e-001  2.224993e-001  2.333799e-001  2.899965e-001  6.489470e-001  3.834412e-001  5.403908e-001  
0
1
2
14 2 6 15 0 -1
14 7 6 5 0 3
haar_y3
-0.149391  201.712265  64
2.943400e-001  8.168198e-001  1.936169e-001  1.599594e-001  -4.228892e-002  1.043139e-001  1.343024e-001  3.643672e-001  5.823860e-001  -2.178940e-001  3.208379e-001  1.949408e-001  4.297965e-001  -1.382957e-001  4.611319e-002  -9.592589e-002  5.630014e-002  2.132173e-001  -7.281556e-003  -1.031191e-001  1.502905e-001  1.176049e-002  7.574287e-002  8.572577e-003  -2.072015e-002  -2.478895e-001  -1.849880e-003  -4.553279e-002  -4.590826e-002  -2.886988e-001  -8.363546e-002  -1.778804e-001  -1.677049e-001  -2.137654e-001  5.689669e-003  4.974210e-002  -6.421321e-002  1.012912e-001  -2.902091e-002  8.267282e-003  -1.002431e-001  -8.121458e-002  9.558534e-002  1.408453e-001  2.025551e-001  -9.238893e-002  4.305322e-001  1.715567e-001  -1.208512e-002  1.627056e-001  8.170842e-002  4.050872e-002  4.111468e-002  3.129656e-001  7.414427e-002  7.222925e-002  1.131226e-001  -1.522409e-001  5.675837e-002  8.841210e-001  2.289303e-001  -4.704342e-001  -9.331293e-002  1.062876e-001  
0
1
2
9 3 6 10 0 -1
9 8 6 5 0 2
haar_y2
-0.060946  390.437561  64
-1.326759e-001  -8.095964e-001  -1.542654e-002  -5.697830e-002  1.426998e-001  -3.818189e-002  3.007283e-002  -9.366072e-003  8.152849e-002  8.620242e-002  4.185999e-002  -7.187083e-002  -8.268269e-002  -8.037472e-002  4.665437e-002  -1.111346e-002  1.334353e-001  9.977806e-002  2.680171e-002  -1.008261e-002  2.335318e-001  1.146266e-001  3.910820e-002  3.001019e-002  -7.298781e-002  1.517690e-002  6.614523e-002  7.511752e-002  -1.039745e-001  -2.383463e-002  -9.558539e-002  -8.743346e-002  -1.148346e-002  4.214337e-002  1.705147e-001  1.695634e-002  -2.141390e-002  1.284076e-001  3.375661e-001  1.150034e-001  2.441986e-001  1.528589e-002  2.956461e-001  3.804495e-001  -4.143485e-001  -1.942725e-001  -3.506896e-001  -3.266932e-001  -2.938400e-001  2.339901e-002  -3.750666e-001  2.206240e-001  2.550956e-002  -1.304190e-001  -3.446211e-001  2.805889e-001  2.578529e-001  3.847982e-002  -6.588401e-001  -2.936152e-002  -1.449101e-001  -5.971071e-001  -2.623267e-001  -6.285481e-001  
0
1
2
11 2 10 2 0 -1
11 2 10 1 0 2
tilted_haar_y2
-0.023861  1208.184570  64
-4.091071e-001  -4.666694e-002  -2.815940e-001  -1.842040e-001  4.048284e-001  1.295776e-001  -5.069016e-002  -3.568651e-001  4.875842e-001  -1.181548e-001  6.460506e-002  9.540211e-002  2.199529e-001  2.346395e-001  3.092145e-001  4.721629e-001  1.149324e-001  1.716758e-002  1.269457e-001  1.411677e-001  1.611791e-001  -6.995817e-002  8.339012e-002  -1.503413e-002  -5.231840e-002  -1.058014e-001  -4.310910e-002  -4.555410e-002  -2.808102e-002  -1.666377e-001  -1.095041e-001  5.056847e-002  1.502249e-002  3.197097e-002  -4.078919e-004  -4.982885e-002  -1.480887e-001  5.860804e-002  -1.363266e-001  1.344467e-001  7.560031e-003  1.718215e-002  1.403155e-001  -2.709502e-001  -2.404352e-001  -2.042883e-002  1.408637e-001  -1.377210e-001  3.892599e-001  3.721580e-001  2.292433e-001  -1.610611e-001  -6.863187e-002  -1.336270e-001  2.042878e-001  -9.783868e-003  -2.256189e-001  1.567817e-001  4.013260e-001  -1.293477e-001  6.040801e-001  2.296936e-001  3.451358e-001  1.907287e-001  
0
1
2
14 0 10 6 0 -1
14 0 10 3 0 2
tilted_haar_y2
-0.113598  330.321564  64
-4.798274e-002  -2.644897e-001  1.115475e-001  -3.072414e-003  9.308134e-002  2.773019e-001  1.051398e-002  1.425123e-002  -1.668209e-001  -2.509929e-001  1.685026e-002  -2.463101e-001  -1.787271e-001  -2.153981e-001  -1.024866e-001  4.982757e-002  -1.901854e-002  -7.179061e-002  4.484401e-002  -1.691255e-001  3.407283e-002  -2.087934e-001  6.745703e-003  -1.083911e-001  -1.314741e-001  -2.676175e-002  -9.069427e-002  1.207581e-001  1.371908e-001  -8.034815e-003  1.559371e-001  9.105628e-002  5.151705e-002  -4.936831e-002  2.969732e-001  2.154686e-001  2.171016e-001  -5.382327e-002  1.517070e-001  -6.173690e-002  2.054512e-001  6.401376e-002  -3.606168e-002  1.886068e-001  2.093908e-001  2.838025e-002  -5.266275e-002  -2.287059e-002  3.714770e-002  2.857017e-003  7.477920e-002  -3.038082e-001  1.854385e-001  1.028178e-001  -3.498682e-001  3.279327e-002  -2.184696e-001  4.621585e-002  -2.153024e-001  -6.485471e-001  -9.868823e-002  -3.442246e-001  -1.013739e+000  -2.460386e-001  
0
1
2
11 0 8 7 0 -1
15 0 4 7 0 2
haar_x2
-0.092742  423.628326  64
-3.283469e-001  -8.533145e-002  4.414833e-001  -1.210978e-001  3.640929e-001  3.039781e-001  -9.923358e-002  -1.708062e-001  6.003129e-002  -9.710811e-002  -1.204172e-001  3.665242e-001  8.070674e-002  3.726961e-001  -3.534975e-002  4.454621e-001  6.794811e-002  5.695117e-002  1.200792e-002  3.734660e-002  6.635703e-002  1.938008e-001  1.560605e-002  6.472756e-002  8.302096e-002  -5.943281e-002  1.170052e-001  -4.397782e-003  -4.191034e-002  1.940466e-002  1.625217e-002  9.062407e-002  -1.081994e-001  -4.686207e-002  -6.176007e-002  -9.535341e-002  -5.206090e-002  -2.831889e-001  -2.695213e-002  -2.380762e-001  -1.696781e-001  -1.117777e-001  3.048871e-002  -5.070570e-002  -7.463957e-002  1.439753e-001  -1.121013e-001  1.925747e-001  3.940869e-001  3.971635e-001  1.937382e-001  3.186724e-002  3.065194e-001  2.151606e-001  1.705945e-001  -1.757993e-001  1.806078e-001  7.920953e-002  8.765579e-001  2.718616e-001  2.349285e-002  4.578120e-002  5.535377e-001  -3.099256e-001  
0
1
2
15 2 9 9 0 -1
18 5 3 9 0 3
tilted_haar_x3
-0.132599  221.454041  64
1.226558e-002  -1.118498e-001  4.763917e-002  1.078125e-001  -2.269837e-001  -1.481599e-001  3.975593e-001  -3.191686e-001  -4.772468e-002  -2.565382e-001  -1.851885e-001  -1.944077e-002  4.394207e-002  3.529685e-001  2.436144e-001  1.124972e-001  8.766656e-002  1.111819e-001  -1.710706e-002  8.715837e-002  -4.969062e-002  2.308039e-001  7.980062e-002  1.389056e-001  1.102917e-001  6.245154e-002  5.658935e-002  3.960701e-002  2.424063e-002  1.651042e-002  3.720691e-002  -6.691480e-002  -8.660994e-002  -7.185350e-002  -1.611887e-001  -1.734472e-001  -2.222235e-001  -1.689917e-001  -2.164774e-001  -2.878977e-001  -9.608836e-002  -1.739971e-001  -9.261179e-002  -4.574012e-002  -1.374689e-001  -1.127834e-001  -9.416550e-002  1.034437e-001  -1.741429e-001  -2.756617e-001  -3.108723e-001  9.701969e-002  -1.896238e-001  7.381909e-001  -3.204453e-001  3.957912e-001  4.194373e-001  1.820909e-001  8.650057e-001  -1.837617e-001  5.910806e-001  5.094509e-001  4.623762e-001  4.098566e-001  
0
1
2
17 4 4 14 0 -1
17 4 2 14 0 2
tilted_haar_x2
-0.052501  453.585846  64
-8.229417e-002  -1.257145e-001  4.019729e-002  -4.750758e-002  5.819835e-002  -4.214345e-002  9.138030e-002  -4.462624e-002  -5.455224e-003  1.597199e-001  -9.910977e-002  2.296447e-001  1.135175e-001  4.189293e-002  1.161539e-002  -5.453254e-002  2.707208e-001  -6.636756e-002  -1.100812e-001  2.458273e-001  -1.247498e-001  -4.006168e-002  5.740656e-002  -7.163619e-002  1.968752e-001  -8.270168e-002  -3.944219e-002  -2.941702e-002  -7.718063e-002  -1.707015e-001  1.472786e-001  -5.782594e-002  -1.241595e-001  -1.398115e-001  -6.092618e-002  -1.353376e-001  8.367744e-002  -1.038487e-001  -1.861742e-001  1.049336e-001  1.172405e-001  3.596354e-001  -2.441885e-001  4.001803e-001  -8.421665e-002  1.537981e-001  -1.716274e-001  -2.656538e-001  -1.535311e-001  -2.366592e-001  8.879547e-002  -2.399722e-001  -2.184074e-002  2.600043e-001  -2.363824e-001  1.228692e-002  1.309655e-001  -3.908957e-001  -3.730693e-001  -1.326274e-001  8.539406e-001  -3.758864e-001  -5.133167e-001  -1.249909e-001  
0
1
2
11 9 7 8 0 -1
9 11 7 4 0 2
tilted_haar_y4
-0.107734  282.473724  64
4.087620e-001  3.032421e-001  2.847992e-001  3.109031e-001  1.832631e-001  5.877849e-001  4.135372e-001  3.393755e-001  1.267606e-001  2.316638e-002  1.249930e-001  2.456295e-002  1.667128e-001  2.831676e-001  2.070230e-001  2.782202e-001  8.568791e-002  1.295651e-001  1.431069e-001  1.734557e-002  1.099067e-001  7.101036e-002  -8.003501e-003  -6.885263e-002  -8.199025e-002  1.738261e-001  -9.221873e-002  -1.463265e-001  -3.934258e-002  -4.707362e-002  -1.654640e-001  -2.132504e-002  -1.249636e-001  -2.071592e-001  -1.365946e-003  -3.895821e-002  -2.304742e-001  8.014871e-002  -8.411268e-002  -5.032238e-002  1.233911e-001  -5.550988e-002  -1.708543e-001  -1.019391e-001  1.665780e-001  -5.686506e-002  5.789394e-002  4.037848e-001  1.097485e-002  6.257294e-002  -7.579843e-002  1.692783e-001  -4.237528e-001  2.629950e-001  1.906879e-002  4.997512e-001  6.844120e-001  1.463145e-002  4.290459e-001  4.519873e-001  4.001970e-001  3.469628e-001  -1.588755e-001  5.643114e-001  
0
1
2
0 11 9 9 0 -1
0 14 9 3 0 3
haar_y3
-0.075175  333.444702  64
-2.761733e-001  -2.566197e-001  -4.099592e-001  -5.405641e-001  -5.321445e-001  -3.240145e-001  -1.388939e-001  2.711726e-001  -2.626936e-001  -2.366534e-001  -2.071124e-001  -9.413309e-002  -4.070890e-002  -2.051104e-001  -7.068924e-002  -1.558811e-001  9.451471e-002  -1.495176e-001  -4.793928e-002  1.154753e-001  -4.755464e-002  6.746008e-002  2.454843e-001  6.325913e-002  8.240571e-002  7.340781e-002  2.765590e-002  2.282889e-001  6.172247e-002  3.367443e-003  -9.679667e-003  -8.317618e-002  -1.099695e-001  -4.710893e-003  1.657064e-001  -6.317113e-002  -1.823334e-001  -6.919015e-002  -1.438316e-001  -2.843212e-001  -7.658991e-002  8.326797e-002  4.249754e-001  8.339779e-002  -2.206659e-001  1.726259e-001  -5.271521e-002  -2.006800e-001  2.308408e-001  -1.346719e-001  7.998950e-002  6.845405e-001  1.369576e-001  6.761079e-001  5.761366e-002  9.990405e-002  3.688499e-001  -1.732372e-001  7.886515e-001  6.083124e-004  6.913524e-002  2.569855e-001  6.033531e-001  2.704099e-001  
0
1
2
7 0 10 10 0 -1
7 5 10 5 0 2
haar_y2
-0.155907  197.862473  64
-7.130756e-002  6.212033e-002  3.007722e-001  4.701698e-002  5.098019e-001  3.022887e-001  -2.492453e-001  -2.575044e-002  1.693208e-001  1.562003e-002  2.270147e-001  3.004048e-001  -1.080157e-001  1.376452e-001  -3.601508e-002  -8.647191e-003  1.120268e-001  -3.145939e-002  3.036599e-002  -1.927560e-001  -5.245296e-002  1.383167e-001  1.055360e-001  8.127553e-003  4.956053e-004  7.992616e-002  -6.192381e-002  8.883988e-002  -7.316938e-003  1.174486e-001  1.986927e-001  -2.152506e-002  -2.298720e-001  -2.957076e-002  -1.964965e-001  -1.293410e-001  -3.178452e-001  -8.801702e-002  -2.007834e-001  -3.219916e-001  -2.853852e-002  1.854121e-001  -8.475041e-002  4.354307e-002  -1.744289e-002  1.794892e-001  -4.580060e-002  4.974961e-002  1.823338e-001  6.151879e-001  4.443513e-001  2.853147e-001  1.404590e-001  -2.587786e-001  2.875885e-001  1.993476e-001  7.971007e-002  1.219456e-001  -8.513700e-003  -1.676371e-001  6.212980e-001  -2.720162e-001  2.623413e-001  -9.005990e-002  
0
1
3
12 10 8 14 0 -1
12 10 4 7 0 2
16 17 4 7 0 2
haar_x2_y2
-0.100564  311.713287  64
-4.802087e-003  5.424618e-001  -3.583441e-002  5.646701e-001  -2.205423e-002  2.225865e-001  3.115477e-001  2.092166e-001  3.328930e-001  1.024459e-001  3.710242e-001  -2.182558e-002  4.690319e-002  3.586434e-001  5.557388e-002  1.585208e-001  1.563349e-001  1.521857e-001  2.465050e-002  1.082518e-001  9.465303e-002  2.322068e-001  -5.546759e-002  7.031278e-002  -6.372219e-004  5.106163e-002  -4.721909e-002  -2.045863e-001  1.452238e-002  -2.533342e-002  -1.604035e-001  -9.486707e-002  -2.618031e-001  -1.257683e-001  -5.593872e-002  -1.422657e-001  -4.180808e-002  2.522821e-002  -1.003927e-001  7.029673e-002  7.170289e-002  -1.204708e-001  2.089629e-001  -2.288707e-001  -1.413102e-001  -1.005479e-002  -4.238561e-002  -1.643898e-001  1.626259e-001  2.570072e-001  2.321654e-001  3.760916e-001  -1.684399e-001  1.266596e-001  4.091535e-001  5.577599e-001  9.148003e-001  -1.040586e-001  2.015530e-001  1.728137e-002  -3.626308e-001  -2.702700e-001  2.794130e-001  4.702802e-001  
0
1
2
5 0 15 8 0 -1
5 2 15 4 0 2
haar_y4
-0.145442  190.699783  64
2.237280e-001  4.287268e-001  1.147138e+000  -5.029559e-001  2.988451e-001  8.752403e-001  2.955943e-001  1.355241e-001  6.877711e-002  -5.601235e-002  1.313889e-001  1.549835e-001  1.026408e-001  3.460959e-001  2.972928e-002  2.977378e-001  -1.166505e-001  -1.079128e-001  -3.398481e-002  -5.534742e-003  5.700462e-002  5.278734e-002  -7.471476e-002  -1.438721e-001  3.398313e-002  -3.366997e-002  -3.001472e-003  -1.181872e-001  -1.710412e-001  -1.134123e-002  -8.015711e-002  -1.121058e-002  -6.225732e-002  1.688606e-003  -5.846907e-003  7.830088e-004  1.956448e-001  2.687503e-001  1.253064e-001  -1.978101e-001  2.130633e-001  -3.504956e-002  -1.227214e-001  2.728177e-001  -1.491602e-001  -4.200298e-002  2.339326e-001  1.600098e-001  3.427578e-001  -6.153008e-002  3.697919e-001  4.341961e-001  2.657838e-001  3.322307e-001  3.067619e-001  1.508583e-001  1.759505e-001  6.302406e-001  8.981070e-001  -6.118907e-002  -3.013410e-001  2.976092e-001  4.252077e-002  1.662747e-001  
0
1
2
0 5 15 4 0 -1
0 7 15 2 0 2
haar_y2
-0.065708  430.900330  64
-3.027888e-001  -5.831568e-001  -2.151271e-001  1.514312e-001  -1.189056e-001  -1.217988e-001  -1.988496e-002  -7.164482e-002  2.480066e-002  -2.734571e-001  -3.477718e-001  -3.390851e-001  -3.891182e-002  1.799353e-002  -6.509143e-002  8.146474e-002  -7.964407e-003  -1.977209e-001  2.519256e-002  8.700297e-002  -1.059591e-002  -1.162604e-001  2.339395e-002  7.848800e-002  1.809081e-001  -1.230709e-001  9.459467e-002  -9.725387e-002  -8.034354e-002  4.685261e-002  -1.548516e-002  -9.694998e-002  -1.210066e-003  7.845198e-002  3.248801e-002  8.032148e-002  2.258984e-001  3.034501e-001  2.061636e-001  6.466068e-002  1.430985e-001  7.150476e-003  7.115906e-002  -1.507950e-001  3.112217e-001  -1.129381e-001  8.405671e-002  -1.759852e-002  1.713809e-002  -1.658333e-001  -1.547823e-001  -1.901307e-001  -3.339586e-001  -1.326258e-001  -6.280657e-002  -4.888503e-001  -1.104390e-001  -5.976319e-002  6.638955e-001  -2.499731e-001  6.155518e-002  3.784484e-001  -3.738909e-001  -5.675075e-001  
0
1
2
18 6 5 6 0 -1
18 6 5 3 0 2
tilted_haar_y2
-0.075294  441.532471  64
2.613662e-002  3.734489e-002  -4.658652e-002  7.719996e-001  -2.908475e-001  -3.071320e-001  4.948583e-002  2.956563e-001  -2.940934e-002  9.537290e-002  1.739433e-001  1.482572e-001  4.523555e-003  -4.966748e-002  -7.042670e-002  -1.554198e-001  1.560074e-001  1.067726e-002  2.963355e-001  5.006522e-002  -8.205858e-002  2.375784e-001  1.531090e-001  1.216710e-001  1.409754e-001  1.350419e-002  -1.198544e-001  -6.847481e-002  -8.735016e-002  -1.689393e-001  -1.094269e-001  -1.929435e-001  -2.764666e-001  1.681101e-002  2.999677e-002  5.191709e-002  -1.204821e-002  -2.994510e-002  1.351453e-001  5.797499e-002  6.291541e-002  -3.241143e-003  1.195359e-001  7.376172e-002  -2.337845e-001  1.004548e-001  1.127632e-001  2.818664e-001  1.426627e-003  6.413893e-002  1.499822e-001  -1.190458e-001  2.765729e-001  -8.827482e-002  3.789142e-001  2.360186e-002  1.608023e-001  -4.576755e-002  -1.371940e-001  -5.860443e-002  -2.695109e-001  -3.421199e-001  -2.664857e-001  -7.552784e-001  
0
1
2
5 0 6 16 0 -1
7 0 2 16 0 3
haar_x3
-0.065710  496.747772  64
-5.369467e-001  -1.242945e-001  -4.689870e-001  -5.580111e-001  2.025479e-001  -4.339632e-001  -1.856017e-001  2.033590e-001  -1.769179e-001  1.219332e-001  9.419560e-003  -1.306232e-002  -5.777662e-002  -4.621917e-002  1.916454e-002  1.094315e-001  5.431173e-002  -7.085074e-002  -2.021505e-001  4.496131e-002  -7.298815e-002  -9.849131e-002  1.764089e-001  1.458184e-002  9.710462e-002  3.684343e-002  9.420028e-003  6.446666e-002  -2.274694e-002  1.056661e-001  1.522184e-001  1.025602e-001  2.053846e-001  -1.233399e-003  -4.622126e-002  -2.299339e-002  1.828042e-002  1.895131e-001  1.253654e-001  -8.215436e-002  -3.306952e-002  -1.547443e-002  -2.397294e-001  1.013205e-001  -1.197316e-001  1.577872e-001  -2.110242e-001  1.055791e-001  2.250703e-002  1.660006e-001  -4.104335e-001  -2.149938e-001  -2.266932e-001  -3.024710e-001  -7.789242e-002  -3.791044e-001  5.349549e-002  -6.042796e-002  -3.516234e-001  -1.942750e-001  5.182829e-001  -3.544509e-001  -5.729822e-001  -1.540901e-001  
0
1
3
2 15 20 6 0 -1
2 15 10 3 0 2
12 18 10 3 0 2
haar_x2_y2
-0.061329  471.272552  64
-8.056089e-002  -2.386150e-001  -3.664795e-001  7.379351e-002  2.678222e-002  -4.762737e-001  -1.854938e-001  1.848430e-001  -2.920645e-001  -2.819801e-001  1.418515e-001  -2.087604e-001  2.036422e-001  -1.383690e-001  -9.982494e-002  2.261016e-001  2.403802e-001  -1.029154e-001  -7.834356e-002  -7.754745e-002  1.099387e-001  -1.083925e-001  5.881326e-002  -6.044851e-002  8.132099e-002  1.696789e-001  3.604230e-002  5.758917e-002  1.649969e-001  7.327615e-002  2.168286e-002  7.875840e-002  8.578426e-002  1.035551e-001  5.038774e-003  9.259903e-002  2.281515e-001  7.021531e-002  -1.486516e-001  1.904659e-001  -2.443100e-001  -1.845798e-001  9.961365e-002  -1.600513e-001  -2.156562e-001  -5.745103e-002  -1.115832e-001  -2.681326e-001  -1.236421e-001  -3.283538e-001  -5.946158e-002  8.107514e-002  -7.477210e-002  -1.401831e-001  -3.139891e-001  -2.291089e-001  -1.052280e-001  -5.479679e-001  1.994680e-001  1.822258e-001  -7.200601e-001  -3.617767e-001  -5.913069e-001  -2.628190e-001  
0
1
2
1 8 19 12 0 -1
1 11 19 6 0 2
haar_y4
-0.133557  186.223953  64
5.136491e-002  2.411307e-001  3.925235e-001  9.264259e-001  -3.390332e-002  4.538139e-001  1.460581e-001  -2.154545e-003  3.709298e-001  -1.472011e-002  1.302262e-001  4.826151e-002  2.155990e-001  5.012793e-002  7.176697e-002  1.179012e-002  1.364761e-001  -4.784348e-002  1.247971e-001  -8.769596e-002  1.369556e-001  -2.273242e-004  1.066470e-001  -7.867945e-002  -2.573646e-001  -5.064109e-002  -2.354994e-001  -1.646390e-001  -1.612145e-001  -1.512019e-001  -1.091034e-001  9.651158e-002  -4.963098e-002  9.470230e-002  -8.714556e-002  -1.867059e-001  1.209634e-001  3.670980e-002  1.498799e-001  -6.310713e-002  1.640381e-001  -5.702496e-003  3.154924e-001  -2.386824e-002  1.011032e-001  2.692864e-002  -6.378178e-002  -1.184757e-001  3.096862e-001  8.893274e-002  2.602267e-001  2.758308e-001  -8.818178e-003  1.861276e-001  2.723526e-001  -2.833826e-001  -5.880750e-002  2.207930e-001  1.518582e-001  3.734170e-001  1.162501e-001  -3.056518e-001  -4.937831e-001  3.383537e-001  
0
1
2
13 2 8 8 0 -1
13 2 8 4 0 2
tilted_haar_y2
-0.090887  279.565582  64
-2.112389e-001  -2.036517e-001  -2.144869e-001  4.609178e-002  -2.188303e-001  -4.316988e-001  -1.844350e-001  -3.512290e-002  -1.268168e-001  1.081936e-001  1.269150e-001  -4.718228e-002  2.364410e-002  -7.239857e-002  -2.531964e-001  -1.852779e-001  -2.876482e-001  3.792182e-002  -2.900623e-003  1.203002e-001  -4.278463e-002  -2.717656e-002  5.868061e-002  -7.447871e-003  9.513377e-002  7.171394e-003  7.887351e-002  9.447158e-002  2.107653e-001  1.768482e-001  1.662194e-001  1.801110e-001  1.880077e-001  -5.954392e-002  -7.980742e-002  -9.384573e-002  5.362053e-002  -1.694796e-001  5.567665e-002  4.846274e-002  -9.242969e-002  2.947593e-001  7.263508e-002  -1.216866e-001  -3.647946e-001  -2.138912e-001  -2.262461e-001  -1.682684e-001  4.209006e-002  -4.625784e-002  9.891615e-002  -4.243161e-002  -1.276460e-002  -2.120786e-002  -2.493955e-001  8.173835e-001  4.416906e-001  2.503379e-001  2.412765e-001  5.674090e-001  5.412053e-001  -2.934559e-001  1.615178e-001  -8.288755e-002  
0
1
3
5 10 14 10 0 -1
5 10 7 5 0 2
12 15 7 5 0 2
haar_x2_y2
-0.075428  457.565155  64
3.502102e-002  4.431631e-002  -2.526908e-001  -3.691707e-001  -4.053965e-001  -4.659303e-001  -9.832527e-002  -3.569713e-001  8.778834e-002  2.935006e-001  -2.689335e-001  -3.977516e-001  -2.064515e-001  1.931757e-001  7.561392e-002  3.898463e-001  3.742783e-001  -2.079498e-001  -7.611769e-002  -1.222399e-001  -6.963922e-002  3.505537e-002  -8.855569e-002  1.482625e-001  -6.408697e-002  7.632349e-002  -4.723112e-002  1.130476e-001  1.529800e-001  -4.379983e-003  2.074286e-002  6.814875e-002  1.277710e-001  8.132859e-002  6.329017e-002  -2.149404e-002  4.813290e-002  2.171956e-002  1.921777e-002  5.405212e-002  4.925617e-002  1.776946e-001  -4.474848e-002  3.197477e-002  -2.218506e-001  1.303693e-001  8.081309e-002  -2.982353e-001  -1.963555e-001  -2.102543e-001  -1.884967e-002  -1.348731e-001  -1.269878e-002  -3.543170e-001  -1.985823e-001  -3.935654e-001  7.766904e-002  1.675119e-001  -5.221524e-001  3.780630e-001  -2.672172e-001  -1.141638e-001  1.373310e-001  -5.538156e-001  
0
1
2
16 3 5 4 0 -1
16 3 5 2 0 2
tilted_haar_y2
-0.065456  540.414490  64
9.851530e-002  1.417743e-001  -1.922488e-001  1.762371e-001  -3.309492e-001  -3.101651e-001  1.373200e-001  1.722361e-001  -1.887553e-001  2.243580e-001  3.574256e-002  7.670575e-002  7.117336e-003  1.979207e-001  2.140452e-001  -1.628933e-003  -1.988270e-001  8.565537e-002  2.030343e-001  4.351133e-002  -3.747446e-002  -2.678436e-002  1.177749e-001  1.274492e-001  3.743515e-002  -1.021467e-002  -1.106474e-001  -3.784991e-002  8.174304e-002  -1.713951e-002  -8.109315e-002  4.237047e-002  1.738069e-001  6.242729e-002  -8.478978e-002  -7.394413e-002  -1.211432e-001  -3.658788e-002  -1.279933e-001  3.527004e-002  -2.625542e-001  -5.350624e-002  -2.400964e-001  4.303046e-002  -1.508809e-001  -4.022701e-001  -1.006701e-001  -5.602698e-003  -2.859222e-002  1.068898e-001  -3.146766e-001  2.229353e-002  5.607269e-001  3.619207e-001  -1.740728e-001  1.821155e-001  1.020060e+000  7.419884e-001  1.575422e-001  6.321512e-001  -2.435285e-001  2.680290e-001  7.200948e-001  6.837227e-001  
0
1
2
8 4 12 5 0 -1
8 4 6 5 0 2
tilted_haar_x2
-0.145663  189.549652  64
2.954255e-002  1.794996e-001  -2.609758e-001  -2.425493e-001  -2.477727e-001  7.791922e-002  -1.727182e-001  -2.029570e-001  3.089814e-002  -2.273446e-002  6.068801e-003  1.768735e-001  -1.717235e-001  -5.741968e-002  -1.292988e-002  -6.844087e-002  -1.942490e-001  -1.105899e-001  2.012719e-001  -1.832798e-002  1.526809e-001  -3.482422e-004  9.917387e-002  1.249592e-001  1.436745e-001  1.459841e-001  2.017227e-001  1.081510e-001  -8.971057e-002  6.794234e-002  3.395417e-002  -3.062114e-002  -1.179274e-001  -2.786597e-001  -2.108124e-001  1.562540e-002  -1.238354e-001  1.043085e-001  -2.562028e-001  -1.370057e-001  -1.375763e-001  -4.676055e-002  4.905515e-002  2.097269e-001  2.524059e-001  1.666039e-001  -8.691186e-002  -1.595688e-001  -2.270238e-001  -1.321288e-002  2.842626e-002  5.580497e-001  1.512352e-001  -1.379415e-001  -1.480564e-003  3.165541e-001  6.400366e-001  -4.351989e-001  2.016905e-001  -1.467806e-001  -1.759416e-001  -4.780874e-003  6.575865e-002  2.234300e-001  
-1.942773 
