16 
0
1
2
18 0 6 24 0 -1
20 0 2 24 0 3
haar_x3
-0.192880  146.299454  64
-7.039462e-001  -5.326919e-001  -1.288260e-001  1.781669e-002  -2.698164e-001  -3.242167e-001  2.587427e-001  -2.159060e-001  -2.058696e-001  -2.095096e-001  1.538831e-001  -3.331385e-001  -3.554381e-002  -1.344986e-001  -1.162002e-001  -4.727904e-002  -6.602255e-002  -8.648273e-002  -1.232147e-001  -1.775587e-001  -2.879069e-001  -2.613936e-001  -3.142980e-001  -7.321424e-001  -4.060970e-001  -4.009344e-001  -4.389580e-001  -6.633957e-001  -5.938473e-001  -5.254697e-001  -4.237306e-001  -3.779198e-001  -4.113792e-001  -3.441170e-001  -3.868343e-001  -2.039553e-001  -4.195264e-001  -2.321351e-001  -2.458016e-001  -3.907461e-001  -1.407054e-001  -4.443649e-001  -3.304663e-001  -3.864737e-001  -2.736619e-001  -3.339497e-001  -3.771724e-001  -4.956535e-001  -6.319653e-001  -5.912890e-001  -4.634696e-001  -9.481592e-001  -2.720224e-001  -2.014363e+000  -9.319852e-002  -1.089775e-001  -1.664670e+000  -7.702249e-001  -3.039506e-001  -7.341726e-001  -1.143417e+000  -7.357377e-001  -3.193227e-001  -7.707108e-001  
0
1
2
10 6 14 6 0 -1
10 8 14 2 0 3
haar_y3
-0.099818  326.243164  64
-6.282648e-001  -7.198306e-002  1.270333e-001  4.886253e-002  -8.404276e-001  -3.353296e-001  -2.312403e-001  -4.931602e-001  -2.151522e-003  -1.869135e-001  -1.480028e-001  1.282412e-002  -1.885252e-001  -3.391958e-001  -1.981606e-002  7.592207e-002  -2.775349e-001  1.050224e-001  1.742403e-001  -4.536757e-001  3.284507e-002  2.570358e-001  -1.979516e-002  1.258126e-001  1.146667e-001  -9.305631e-002  -8.484872e-002  1.103939e-002  1.578650e-002  -1.453072e-001  -1.630981e-002  -5.794111e-002  -6.781625e-002  5.927411e-002  5.796655e-002  -5.075408e-003  1.237979e-001  2.000731e-001  8.742496e-002  2.358322e-001  1.187064e-001  2.198438e-001  8.753895e-002  1.145258e-001  1.496973e-001  1.908474e-001  4.286997e-002  3.359555e-002  -2.590227e-002  -1.419376e-001  -3.096757e-001  3.173465e-001  -4.659962e-003  2.314901e-001  -6.984469e-002  -3.437878e-001  1.554371e-002  -4.406832e-001  -3.806975e-001  -1.134022e+000  -2.051103e-001  -5.297494e-002  -4.505786e-001  -5.745789e-001  
0
1
2
7 10 6 14 0 -1
9 10 2 14 0 3
haar_x3
-0.068586  471.551331  64
-8.656591e-001  -1.799496e-001  -2.391738e-001  -5.450255e-001  -2.482559e-001  -3.269686e-001  -1.369839e-001  -2.985578e-002  -9.554401e-002  -8.257669e-002  3.308779e-001  1.033504e-001  4.276525e-002  -1.732033e-001  2.322509e-001  -8.007577e-002  -4.472589e-002  6.811234e-002  1.048869e-001  7.491047e-002  7.687833e-002  7.460348e-002  4.613232e-002  1.206087e-001  1.962711e-001  1.708847e-001  1.331332e-001  3.230315e-002  2.035818e-001  2.039603e-001  7.595392e-002  1.638515e-002  -3.229085e-002  -5.655891e-002  7.943612e-002  -6.019095e-002  -4.249711e-002  -1.092254e-001  -1.314097e-001  4.169074e-002  1.310544e-001  -6.670967e-002  5.804707e-002  1.599620e-001  -7.405965e-002  -4.631548e-002  -2.388253e-001  -4.710519e-002  -4.773678e-002  2.979060e-002  -3.649088e-001  -5.499322e-001  -1.907540e-001  -3.549592e-001  -4.194422e-001  -6.995420e-002  -1.161373e-001  -3.062792e-002  -1.305146e-001  -6.658085e-001  -6.479113e-001  -1.449705e-001  -3.468775e-001  -4.472002e-001  
0
1
2
19 15 3 6 0 -1
19 15 3 3 0 2
tilted_haar_y2
-0.041301  581.029175  64
-4.758890e-001  -3.840155e-002  -1.326045e-001  -5.282633e-001  -3.369364e-001  -3.871413e-001  -3.301023e-001  -4.205313e-001  -2.288246e-001  -2.178896e-001  -1.095988e-001  2.486725e-002  -3.320136e-002  -2.254011e-001  -1.247799e-001  -7.060704e-002  1.502017e-001  8.900912e-002  9.430991e-002  3.617532e-002  1.291326e-001  1.183110e-001  2.422463e-001  2.279810e-001  2.137872e-001  1.262811e-001  1.379592e-001  4.355127e-002  1.038886e-001  1.046613e-001  2.042502e-001  -1.525020e-001  -2.474198e-002  6.930013e-002  -1.625465e-001  -1.043272e-002  2.376495e-002  -1.324753e-001  -7.783590e-002  2.553822e-002  1.519243e-001  -6.279761e-002  -3.695349e-002  -4.110481e-002  -1.721037e-001  -2.805251e-001  -1.290306e-001  -2.506592e-001  -3.631697e-001  -1.280850e-001  -2.131968e-001  -2.226781e-001  -3.266746e-001  -6.529062e-001  -6.054447e-002  -1.224258e-001  -7.151703e-002  3.324834e-002  -4.209838e-001  -1.633630e-001  -1.548703e-001  -3.923939e-002  -2.600738e-001  -2.637385e-001  
0
1
2
4 9 18 12 0 -1
4 13 18 4 0 3
haar_y3
-0.205034  155.747971  64
2.006680e-001  1.731597e-001  2.570253e-001  -2.903916e-001  -1.811984e-001  -1.448012e-002  -3.516420e-001  6.498870e-002  4.438814e-002  -1.487767e-001  -2.937140e-001  -4.431315e-001  -2.487903e-002  1.190746e-001  -1.163957e-001  -1.267943e-001  -1.334171e-001  -1.045126e-003  -2.782888e-001  4.941667e-002  -1.295014e-001  -2.149587e-002  -1.185329e-001  -1.841266e-002  -1.098799e-002  1.196388e-001  -9.039873e-002  1.406714e-001  -1.694878e-001  -7.524139e-002  -1.651517e-001  -1.069117e-002  -6.391463e-002  -2.286566e-002  -3.760736e-002  4.071738e-002  8.109947e-002  -7.104928e-003  1.818747e-001  1.541163e-001  1.315575e-001  2.103650e-001  1.394045e-001  1.823897e-001  2.803840e-001  1.039528e-001  1.365199e-001  8.244316e-002  4.318400e-002  -4.905107e-002  5.582785e-002  6.500535e-002  -2.832416e-001  -5.334839e-002  -5.019176e-001  -1.936040e-001  -2.466972e-001  -5.172673e-001  -4.694723e-001  -7.249380e-001  -7.081100e-001  -7.176828e-001  -3.074178e-001  -9.114745e-001  
0
1
2
6 14 14 6 0 -1
6 16 14 2 0 3
haar_y3
-0.113615  290.675812  64
1.145532e-001  1.716084e-002  5.661106e-001  5.033655e-001  1.728767e-001  -2.521806e-002  8.995807e-002  -2.354927e-002  -1.529336e-001  5.547248e-001  5.261805e-002  3.932233e-001  1.692207e-001  1.774564e-001  1.943135e-001  4.549259e-001  8.516312e-002  2.924199e-001  1.743695e-001  1.975774e-001  2.402837e-001  2.182161e-001  4.853891e-002  1.229041e-001  1.630588e-002  8.550975e-002  1.231419e-002  -5.764815e-002  -2.928877e-002  7.573641e-002  -2.397319e-002  -2.284094e-001  -2.862335e-001  -2.002078e-001  -2.194539e-001  -8.358755e-002  -1.181973e-001  2.623521e-002  1.000768e-001  5.199789e-002  1.816530e-001  1.238080e-001  2.909834e-001  2.396567e-001  2.454585e-001  1.769836e-001  2.025374e-001  2.534333e-001  4.543329e-001  9.945422e-002  3.458914e-001  4.647443e-001  1.678033e-001  -2.180490e-001  3.708151e-001  -5.003979e-001  3.804833e-001  2.326710e-001  5.544006e-001  -5.076230e-001  1.688082e-001  1.505641e-001  -2.387187e-001  2.341642e-001  
0
1
2
1 12 9 9 0 -1
1 15 9 3 0 3
haar_y3
-0.080076  349.029755  64
-6.668178e-001  -1.430851e-001  -3.854308e-001  -1.140026e-001  -1.404032e-001  -2.406274e-001  -3.193047e-001  -7.692543e-002  -1.737372e-001  -1.740253e-001  6.868239e-003  1.270122e-001  -8.973996e-002  3.032791e-002  -1.184107e-001  1.498313e-001  7.186073e-002  9.591981e-002  7.232773e-002  1.565336e-001  2.082907e-001  1.928671e-001  2.414857e-001  6.633729e-002  1.644043e-001  5.113649e-002  1.069739e-001  2.683329e-002  1.016431e-001  7.315017e-002  1.658308e-002  1.288760e-001  -1.056808e-001  -3.126142e-002  -1.851196e-002  -4.944190e-002  -1.610566e-001  -1.227625e-002  -1.870293e-002  -1.234319e-001  -1.069063e-001  -2.638137e-001  -2.130648e-001  -1.532462e-001  -5.484200e-002  -5.917113e-001  -1.152899e-001  -3.216685e-001  -1.919860e-001  6.111515e-002  -3.275583e-001  -3.645977e-001  -2.233971e-001  -3.136342e-001  -6.875082e-001  -3.494228e-001  -1.793623e-001  -4.608964e-001  -3.133949e-001  -4.756721e-001  -2.844548e-001  4.034396e-001  2.131623e-001  -2.976979e-001  
0
1
2
0 0 18 15 0 -1
6 5 6 5 0 9
haar_point
-0.555970  60.014385  64
-2.235783e-001  3.165921e-001  -2.880607e-001  -1.396645e-001  -1.774122e-001  -9.169136e-002  -6.989319e-002  4.111825e-002  2.743366e-001  1.221829e-001  -3.878918e-001  -1.582083e-001  -6.202451e-002  -1.501372e-001  -1.310857e-002  -2.592769e-002  -2.201496e-002  7.465883e-002  -4.250983e-002  3.342555e-002  1.583834e-001  -9.590105e-002  6.816285e-002  3.338077e-003  -8.480465e-002  5.566289e-002  1.251822e-002  4.721497e-002  4.995283e-002  3.110811e-002  1.279691e-001  -5.334829e-002  2.503714e-001  1.797932e-001  1.071012e-001  6.545191e-002  1.186113e-001  2.594889e-002  -7.855853e-002  7.840577e-002  4.334144e-002  1.389534e-001  1.158647e-001  1.656603e-001  1.515483e-001  9.247618e-002  1.330061e-001  6.421363e-002  6.426406e-002  7.301143e-002  -9.820180e-002  -1.173918e-001  4.140803e-002  -3.394965e-001  -3.594230e-001  -1.594265e-001  -2.862519e-001  -3.721102e-001  -5.712031e-001  -2.426007e-001  -5.277002e-001  -4.953996e-001  -8.456086e-001  -9.308928e-001  
0
1
2
17 0 6 10 0 -1
20 0 3 10 0 2
haar_x2
-0.124509  255.879791  64
-4.465640e-001  -1.090542e-001  1.020148e-001  7.816469e-003  2.379910e-001  2.618459e-002  1.099331e-001  1.445506e-001  1.490697e-001  3.422543e-001  8.618581e-002  1.897317e-001  -7.428338e-002  1.579800e-001  2.507629e-001  1.858502e-001  2.075337e-001  3.415954e-001  1.703506e-001  3.035818e-001  1.887106e-001  3.353430e-002  1.702839e-001  -5.250351e-002  -4.515387e-002  4.140096e-002  2.077580e-002  5.637651e-002  1.233590e-001  -8.201311e-002  -2.337377e-001  -1.575162e-001  -2.406812e-001  -7.567723e-002  -1.846495e-001  -3.805556e-002  -9.399543e-002  -2.132623e-001  -8.555604e-002  -1.079612e-001  -1.251736e-001  -1.378559e-002  -1.823927e-001  -1.937273e-002  -1.558081e-001  7.140131e-002  3.228304e-001  3.640188e-002  2.978555e-001  1.551674e-001  1.881696e-001  2.985330e-001  2.396879e-001  2.162695e-001  3.657737e-001  3.528253e-002  -2.967292e-001  2.488046e-001  3.388023e-001  -3.105581e-001  -1.100872e-001  4.759111e-001  1.700411e-001  2.462507e-001  
0
1
2
6 5 18 6 0 -1
12 5 6 6 0 3
haar_x3
-0.117656  224.279953  64
-1.662902e-001  -1.878146e-001  3.750610e-002  1.891913e-002  -3.237586e-001  -2.305911e-001  1.061078e-001  -2.837288e-001  -2.784408e-002  -6.499341e-004  2.672230e-001  6.704847e-002  -8.771710e-002  -4.259102e-002  -1.792715e-001  9.737755e-002  -1.261552e-002  -7.691318e-003  8.477232e-002  2.255738e-001  7.070852e-003  -2.155931e-002  1.011345e-001  2.311135e-001  4.229462e-002  8.897569e-002  1.196597e-001  5.642353e-002  1.272831e-001  1.074767e-001  1.792479e-001  6.579822e-002  1.613594e-001  2.295108e-001  7.858300e-002  3.083263e-002  1.504391e-001  7.699117e-002  -8.127572e-002  1.219328e-002  -5.073664e-002  -1.329471e-001  7.757713e-002  -1.511830e-001  -5.083581e-004  -1.922631e-001  5.738467e-002  -2.776432e-001  -2.251972e-001  -4.616896e-002  -1.073443e-001  -2.252922e-001  -3.267976e-001  -3.710580e-001  -3.560343e-001  -6.239158e-002  -7.665540e-002  -3.981453e-001  -2.071837e-001  -5.466152e-001  -2.783505e-001  -5.114523e-001  -6.755618e-001  -7.168536e-001  
0
1
2
8 1 12 7 0 -1
12 1 4 7 0 3
haar_x3
-0.092408  275.685425  64
5.082311e-001  3.955439e-001  2.861558e-001  4.393889e-001  2.860923e-001  1.788399e-001  4.274265e-001  -1.693570e-001  -7.010446e-002  1.193630e-001  1.602134e-001  -1.474054e-001  1.154672e-001  -4.012749e-002  -2.906033e-001  -7.496450e-002  -1.101303e-002  -2.247311e-001  -3.974151e-001  -9.545155e-002  -2.219925e-001  -2.997261e-001  -2.576052e-001  -1.998532e-001  -8.695406e-002  -2.880414e-001  -2.063066e-001  -1.546324e-001  1.007389e-002  -5.702213e-002  2.080004e-002  3.796618e-002  -2.864470e-002  3.909663e-002  1.826479e-002  1.884584e-002  6.844039e-002  6.787381e-002  1.911047e-001  2.487479e-001  7.329051e-002  4.398885e-002  1.140237e-001  3.455755e-002  2.191795e-001  2.455446e-001  1.272878e-001  5.719906e-002  1.966753e-001  6.840037e-002  2.010454e-001  2.899136e-002  1.492569e-001  1.397292e-001  1.504195e-001  -2.809219e-001  7.816880e-003  5.224799e-002  2.691988e-002  1.081000e-001  -1.280016e-002  -5.300804e-002  5.880351e-002  -5.415310e-001  
0
1
2
10 0 4 14 0 -1
12 0 2 14 0 2
haar_x2
-0.051082  520.629272  64
4.537081e-001  6.329676e-001  5.369462e-001  4.277894e-001  1.882697e-001  3.567916e-001  2.453973e-001  2.667553e-001  4.503667e-001  2.960731e-001  1.220976e-001  9.256218e-002  2.577764e-001  1.643565e-001  2.320753e-001  2.104069e-002  5.071541e-002  -2.055815e-002  4.965241e-002  -1.054104e-001  -1.624750e-001  -7.069965e-002  -1.131974e-001  -1.157984e-002  -6.748590e-002  -2.687101e-001  -2.823309e-001  -1.435255e-001  -1.337967e-001  -8.101124e-002  -4.132012e-002  -2.396271e-002  3.124626e-002  -3.736860e-002  5.575513e-002  -3.074633e-003  -4.228090e-003  -3.916000e-002  5.768106e-002  1.318941e-002  6.696251e-002  7.009897e-002  1.855052e-001  3.043233e-001  1.360040e-001  2.994901e-001  9.504205e-002  2.941792e-002  2.685889e-001  2.626442e-001  8.355496e-002  -4.853252e-002  5.065745e-001  1.620321e-001  4.384398e-001  1.276667e-001  2.560600e-001  -6.030240e-003  -4.534206e-001  -1.708734e-001  -4.047101e-002  -2.166711e-001  -5.417210e-001  -4.519358e-001  
0
1
2
6 11 6 10 0 -1
6 16 6 5 0 2
haar_y2
-0.081196  475.381042  64
-2.480555e-001  -4.619737e-001  5.985883e-003  -2.960326e-001  -1.106897e-001  1.367313e-001  1.584668e-002  -3.686953e-001  1.235289e-001  -3.649635e-001  -3.058170e-001  -9.269651e-002  -1.122811e-003  -2.767733e-001  -3.082073e-002  -1.076358e-002  -1.040907e-001  -4.175079e-002  1.069126e-002  -1.013711e-001  1.306666e-001  9.110501e-002  -2.443282e-002  5.968086e-002  2.205816e-001  5.763113e-002  1.234224e-001  1.173377e-001  1.732637e-001  8.972864e-002  1.557149e-001  1.061977e-001  5.273038e-002  2.376275e-001  1.428276e-001  1.106855e-001  3.434475e-002  8.175965e-002  -2.575119e-002  -7.356389e-002  -1.651759e-001  -4.035762e-002  -6.169745e-002  -1.812799e-001  -1.991397e-001  -8.229691e-002  -1.046001e-001  -1.663560e-001  -2.038133e-001  -2.728372e-001  -1.101028e-001  -4.130346e-001  -1.529719e-001  -2.635778e-001  -4.589880e-001  -4.478737e-001  -9.523946e-001  -8.879101e-002  -4.142391e-001  -2.314369e-001  -1.959663e-001  -1.393092e-001  -7.007365e-001  -6.659751e-001  
0
1
3
2 2 20 8 0 -1
2 2 10 4 0 2
12 6 10 4 0 2
haar_x2_y2
-0.113858  230.361481  64
3.379164e-002  4.376172e-002  2.026067e-001  -2.166986e-001  2.051764e-001  -2.004578e-002  -3.606762e-001  -1.113047e-001  -1.826156e-001  2.322794e-002  -1.643979e-001  3.154619e-002  7.038807e-002  -2.061050e-001  2.938111e-002  -2.833282e-001  -6.608170e-002  -1.383741e-001  1.265161e-002  8.662824e-002  5.957356e-002  1.041786e-001  5.411883e-002  1.754842e-001  2.616687e-001  1.154452e-001  1.473409e-001  9.562172e-002  9.094325e-002  -7.201755e-002  -4.656398e-002  5.221030e-002  -1.135833e-002  -2.276444e-001  -2.466780e-001  -2.935249e-001  -3.924481e-001  -2.593433e-001  -8.593978e-002  -1.368087e-001  -1.760512e-001  -2.432770e-001  -7.537543e-002  -1.101153e-001  -3.497716e-002  -8.383105e-002  -1.386019e-001  -2.313272e-001  1.158200e-001  3.080438e-001  -1.083741e-001  9.112245e-002  -1.145284e-001  4.251693e-001  2.784856e-001  5.225707e-001  9.268936e-002  3.985416e-001  4.856242e-001  3.267149e-001  -5.821351e-002  5.619841e-001  6.625870e-001  8.400602e-001  
0
1
2
5 0 14 8 0 -1
5 2 14 4 0 2
haar_y4
-0.136567  200.060608  64
7.941303e-002  6.398500e-001  5.091403e-001  4.752597e-001  5.477567e-001  3.829732e-001  2.652254e-001  1.305215e-001  4.411075e-001  2.418942e-001  1.750249e-001  9.872685e-002  1.493794e-001  -1.438874e-001  1.369295e-001  1.832850e-001  4.201971e-002  8.672933e-002  1.823166e-001  1.204388e-002  -3.725335e-002  4.232572e-002  -7.624649e-002  -1.602212e-001  -1.957230e-001  -1.066977e-001  -1.474117e-001  -1.804579e-001  -2.639336e-001  -9.926291e-002  -2.408344e-002  3.587458e-003  -7.685860e-002  9.037215e-002  2.109478e-001  1.559223e-001  -3.832899e-002  2.130556e-002  2.923659e-001  1.113223e-001  2.121340e-001  1.727342e-001  2.346407e-001  3.027623e-001  3.496664e-001  2.001305e-001  3.445841e-001  3.716918e-002  3.877942e-001  4.333466e-001  1.391858e-001  -6.706188e-003  2.039612e-001  -3.770707e-001  7.081410e-001  -7.929336e-002  -5.478137e-002  5.714394e-001  4.404618e-001  2.286895e-001  2.110908e-001  5.839812e-001  1.820848e-001  4.518362e-001  
0
1
3
3 0 18 6 0 -1
3 0 9 3 0 2
12 3 9 3 0 2
haar_x2_y2
-0.081552  357.835541  64
-3.010448e-001  1.312602e-001  1.643111e-001  -1.782119e-001  -2.437045e-002  -1.000946e-001  1.408294e-001  -7.208918e-002  1.212420e-001  -1.466518e-001  -3.315639e-001  2.945414e-001  2.365433e-002  -8.194537e-002  4.440958e-002  4.925271e-002  1.219667e-001  3.328035e-002  -1.019091e-001  -9.927942e-003  -1.212784e-001  -1.478343e-002  1.975272e-001  1.431638e-001  8.619309e-002  1.212942e-001  1.628470e-001  4.852333e-002  9.136336e-002  1.445999e-001  7.251326e-002  1.026082e-001  1.441859e-001  5.121397e-002  6.625889e-002  -1.030801e-001  -9.295124e-002  -1.024032e-001  -1.660140e-001  -1.602841e-001  -1.480445e-001  -2.694584e-001  -2.479917e-001  -9.223501e-002  -2.731014e-001  -2.256000e-001  -2.626227e-001  -2.279355e-001  -1.553117e-001  -3.005807e-001  -2.736583e-001  -2.398172e-001  -6.587579e-001  -6.413270e-001  -1.777952e-001  -3.963071e-001  -1.889901e-001  -7.563450e-001  -3.264783e-001  -3.417425e-001  -3.726134e-001  -5.580990e-001  -3.913650e-001  -8.917148e-001  
-1.936620 
