16 
0
1
2
5 20 19 4 0 -1
5 22 19 2 0 2
haar_y2
-0.190507  235.497604  64
3.483167e-001  9.698047e-002  -7.442509e-002  2.857944e-001  2.692450e-001  -2.856291e-003  3.206574e-001  6.828973e-002  1.165729e-001  -3.609032e-002  1.645748e-002  -1.401567e-001  -3.667538e-001  -2.711504e-001  -5.359643e-001  -1.068386e-001  -3.614838e-001  -1.788806e-001  -4.631734e-002  -2.936440e-001  -5.872843e-001  -4.253219e-001  -5.343832e-001  -1.088188e+000  -1.010565e-001  -7.398098e-001  -1.252919e+000  -8.769377e-001  -5.311526e-001  -4.803782e-001  -3.789357e-001  -7.086220e-001  -5.983785e-001  -5.479921e-001  -4.433056e-001  -4.086511e-001  -3.963740e-001  -3.268369e-001  -2.301125e-001  -3.136887e-001  -2.547648e-001  -3.545289e-001  -3.889108e-001  -5.759770e-001  -3.326212e-001  -4.737980e-001  -4.767067e-001  -2.487689e-001  -4.281758e-001  -2.766673e-001  -4.128023e-001  -3.808468e-001  -3.502304e-001  -5.153788e-001  -4.018525e-001  -7.596156e-001  -4.526019e-001  -4.870618e-001  -8.206778e-001  -4.886546e-001  -8.222790e-001  -1.530689e+000  -7.867653e-001  -1.235772e+000  
0
1
2
0 5 4 17 0 -1
2 5 2 17 0 2
haar_x2
-0.141980  185.398972  64
-6.389598e-001  -3.820819e-001  -1.787890e-001  -1.008526e-001  -3.570715e-001  2.644537e-001  5.753488e-002  -1.486767e-001  1.055950e-001  -4.034479e-001  1.808351e-001  1.861088e-001  9.081448e-002  2.149590e-001  2.705684e-001  2.951257e-001  4.885114e-001  2.564519e-001  2.363402e-001  3.402755e-001  2.873153e-001  -7.144789e-002  9.627151e-002  5.145462e-002  -1.286898e-001  -1.386139e-001  -7.318935e-002  -2.194476e-001  -9.556898e-002  -2.301680e-002  -1.173121e-001  1.887328e-002  9.075398e-002  5.492208e-002  -3.435720e-002  1.619355e-002  1.593820e-001  -3.694515e-002  -4.547801e-003  2.080561e-001  3.536984e-002  -1.133674e-001  2.910439e-001  -4.256026e-001  6.186527e-002  1.463431e-001  -2.259603e-001  3.053131e-001  -1.776001e-003  -5.056758e-002  -4.120896e-001  2.193812e-001  -6.353645e-002  3.409004e-001  1.837626e-002  -3.152972e-001  -1.683716e-001  -2.142648e-001  1.527560e-002  -3.724547e-001  -5.228004e-001  -6.571561e-001  -1.504754e-001  -4.100608e-001  
0
1
2
14 1 4 15 0 -1
16 1 2 15 0 2
haar_x2
-0.045346  710.107971  64
-5.339189e-001  -4.398753e-001  -6.648228e-003  -4.044312e-002  -1.828281e-001  -8.789564e-002  -4.342319e-001  -2.941222e-001  -1.948954e-001  -4.021527e-002  -3.631262e-001  -3.677783e-001  -1.560616e-001  8.905910e-003  4.906498e-002  -1.014291e-001  1.812800e-002  6.621529e-002  7.784001e-002  -3.477779e-003  4.758362e-002  1.173842e-001  -1.042068e-001  -8.082274e-003  9.055082e-002  1.244429e-001  -6.871814e-002  1.799381e-001  8.804581e-002  -2.508634e-002  8.921445e-002  5.633838e-002  2.087875e-001  2.191467e-001  4.512178e-002  1.258803e-001  -1.814710e-002  1.257076e-002  1.208544e-001  2.845982e-002  9.063123e-002  2.994653e-002  9.499148e-002  -1.886198e-002  -4.851685e-001  3.205830e-002  1.147889e-001  -7.338259e-002  1.471908e-001  -1.122736e-001  -1.069751e-001  -1.675605e-001  9.561054e-002  -1.016520e-001  -3.108127e-001  -2.166351e-001  -5.261818e-001  -3.703913e-001  -1.615791e-001  -4.212949e-001  -2.122972e-001  5.515401e-002  -4.269598e-001  -8.648310e-001  
0
1
2
5 1 12 7 0 -1
9 1 4 7 0 3
haar_x3
-0.060531  315.074554  64
6.752486e-001  5.016668e-001  2.000401e-001  3.694932e-001  3.375334e-001  6.017829e-001  -3.070330e-002  8.204371e-002  4.228542e-003  -2.462503e-001  -3.484904e-001  -1.611915e-001  -2.296766e-001  -2.186533e-001  -2.972106e-001  -9.337483e-002  -1.185277e-002  -2.706072e-001  -1.283213e-001  -1.590954e-001  -1.983309e-001  -1.823564e-001  -1.937741e-002  1.767759e-002  2.985344e-002  3.725306e-002  -1.167623e-002  1.457840e-001  -2.035845e-002  -2.126707e-002  -1.235407e-001  5.741655e-002  1.095360e-001  9.639397e-002  2.951058e-002  1.205269e-001  3.528748e-002  6.293329e-002  2.186774e-001  2.185764e-001  2.316366e-001  5.234736e-002  -3.172580e-002  2.690751e-002  1.490524e-001  -1.355867e-001  -1.031829e-001  -1.132521e-001  -1.974764e-001  2.442390e-001  -4.928190e-002  -2.679710e-001  5.049698e-002  -2.340309e-001  -2.647102e-001  -3.587447e-001  -3.424326e-001  -3.164615e-001  -1.900580e-001  -3.012712e-001  -2.239092e-001  2.655028e-001  1.346533e-001  -2.950337e-001  
0
1
2
11 7 5 12 0 -1
11 13 5 6 0 2
haar_y2
-0.108143  392.971344  64
5.424116e-001  4.098246e-001  6.271144e-001  3.096299e-001  4.577700e-001  4.309716e-001  2.857726e-001  2.835349e-001  2.018595e-001  4.502587e-001  2.385508e-001  2.037940e-001  5.057732e-001  2.287284e-001  5.055696e-001  2.182745e-001  3.021256e-001  4.714257e-002  -1.672252e-002  8.772673e-002  -5.380618e-002  2.228928e-001  1.171684e-001  -2.232004e-002  -2.022406e-001  -3.549678e-002  5.443175e-002  -1.483626e-001  -6.981277e-003  -2.229556e-001  -8.058336e-002  -1.618091e-001  -8.358037e-002  -1.756846e-001  -8.683825e-002  -2.837195e-002  1.182255e-001  1.527282e-002  1.001097e-001  1.523168e-001  1.414458e-001  1.561851e-001  1.443175e-001  -1.364721e-001  7.670934e-002  5.918315e-002  3.029739e-002  -4.457281e-002  -1.109495e-001  -1.193658e-001  -2.072860e-001  -3.428722e-001  -1.906400e-001  1.276957e-002  -3.638642e-001  -3.783896e-001  -3.091673e-001  -1.820631e-001  -1.783094e-001  -6.129714e-001  -3.956021e-001  -3.159364e-001  -5.450128e-001  5.556057e-003  
0
1
2
8 15 16 7 0 -1
12 15 8 7 0 2
haar_x4
-0.158320  180.235962  64
7.170878e-002  1.627972e-001  4.290254e-001  2.278022e-001  1.135728e-002  3.781964e-001  1.543760e-001  -3.643495e-002  3.037321e-001  1.645218e-001  4.126597e-001  -5.516752e-002  2.649451e-001  2.346307e-001  2.005510e-001  2.207762e-001  1.540307e-001  3.230585e-001  2.864850e-001  2.180655e-001  4.231713e-002  -1.315238e-001  9.486354e-003  -2.380078e-001  -1.734056e-001  -7.322247e-002  -1.055239e-001  -2.128462e-001  -2.411692e-001  -1.732984e-001  -2.599299e-001  -1.264603e-001  -4.746409e-002  -2.299071e-002  -6.571674e-003  1.231294e-001  -3.405432e-002  1.476152e-001  6.953146e-002  1.637719e-001  1.434988e-002  -8.606106e-003  -8.593009e-003  1.867078e-001  -4.339710e-002  1.062239e-001  1.439588e-001  4.088899e-002  4.305337e-001  2.885328e-001  -2.798611e-002  -9.257054e-002  5.869232e-002  1.431519e-001  2.682009e-001  -4.733699e-002  1.605628e-001  2.477671e-001  -2.786017e-001  -8.676057e-002  -3.003661e-001  2.397877e-001  -1.674661e-001  -3.239756e-001  
0
1
2
15 11 9 9 0 -1
15 14 9 3 0 3
haar_y3
-0.074006  376.709564  64
-5.679371e-001  -6.667678e-001  -9.737983e-002  -9.240961e-001  -1.526910e-001  -4.035141e-001  -3.132823e-001  -2.589552e-001  -1.897685e-001  -1.844953e-001  -4.324062e-001  -3.538718e-002  -1.340050e-002  6.958010e-002  -5.370238e-002  1.071086e-002  1.661208e-001  4.865692e-002  1.684972e-001  1.307215e-001  1.684743e-001  9.411031e-002  5.357662e-002  1.317259e-001  2.587163e-001  1.009242e-001  3.767142e-002  4.215395e-002  9.329240e-003  5.915281e-002  8.372846e-002  -1.428198e-003  5.545696e-002  -6.732203e-002  8.816580e-002  -7.673372e-003  -7.300910e-003  -1.060532e-001  -8.185504e-002  -2.280764e-002  1.072328e-001  -1.109700e-002  9.823228e-003  -1.568743e-001  -9.098315e-002  -3.328405e-001  6.366496e-003  -5.196325e-001  -2.683578e-001  -1.358181e-001  -3.617904e-001  -2.450525e-001  -2.084155e-001  -2.471589e-001  -1.845610e-001  1.048740e-001  -1.800838e-001  -2.722272e-001  -2.568537e-002  4.603904e-001  -3.868608e-002  -5.613891e-002  -3.080269e-001  -2.807015e-001  
0
1
2
6 0 6 17 0 -1
8 0 2 17 0 3
haar_x3
-0.072454  482.505035  64
-6.767914e-001  -5.488244e-001  -1.975421e-001  -7.627243e-002  -1.992183e-001  -3.764444e-001  -3.408447e-002  -3.444844e-001  -5.407287e-001  -4.534946e-002  -1.011255e-001  1.269912e-001  -5.857823e-002  2.119200e-002  -1.232144e-003  1.406147e-001  -4.652663e-002  -1.198064e-001  -4.548823e-002  3.458432e-003  1.059382e-002  6.753987e-002  6.339120e-002  -2.211967e-002  1.205809e-001  1.693422e-001  5.887594e-002  1.020022e-001  9.094007e-002  6.722728e-002  1.426633e-001  1.068044e-001  1.664395e-001  1.428329e-001  -2.094845e-002  1.290919e-001  -1.491902e-001  1.498803e-001  -2.464583e-002  -2.480424e-002  3.441720e-002  5.872850e-003  -9.886023e-003  -6.082042e-002  -4.453974e-002  -1.020445e-001  -2.531127e-001  -6.151518e-002  -1.291336e-002  8.415821e-003  1.025545e-001  -2.262548e-001  -3.702235e-001  -2.732369e-001  -2.612903e-001  -8.672056e-003  -1.282298e-001  -7.614084e-002  -7.563975e-002  -3.701184e-001  -4.165589e-001  -3.737819e-001  -2.851475e-001  -3.037891e-001  
0
1
2
6 8 12 7 0 -1
10 8 4 7 0 3
haar_x3
-0.086415  273.674194  64
-5.826876e-002  -4.421510e-002  7.614094e-002  3.001670e-002  8.503259e-003  -1.066377e-001  -7.696082e-002  1.919425e-001  -9.055051e-002  1.008161e-001  1.684143e-001  -7.918988e-003  1.311212e-001  2.759379e-001  1.573645e-001  2.000776e-001  9.288996e-002  1.900714e-001  1.460568e-001  1.876074e-001  4.396003e-002  1.082618e-003  -1.438018e-001  -1.685617e-001  -1.772526e-001  -1.545143e-001  -1.913733e-001  -5.794777e-002  -1.707015e-001  -1.884312e-001  -9.604672e-002  -1.758181e-001  -9.519678e-002  -5.196500e-002  5.463621e-003  -3.915521e-003  -1.013026e-002  -5.476791e-002  5.739610e-002  -2.797918e-002  2.075538e-002  -3.707586e-002  2.503434e-001  4.634211e-001  2.214697e-001  1.653958e-001  -1.885022e-002  3.515964e-001  4.281349e-001  1.910155e-001  5.171087e-001  2.746622e-001  2.312544e-001  4.157351e-001  7.325253e-001  6.632538e-001  3.464853e-001  2.322345e-001  1.980789e-001  3.077907e-001  1.207425e-001  4.930925e-001  2.587524e-001  5.764196e-001  
0
1
3
1 6 12 10 0 -1
1 6 6 5 0 2
7 11 6 5 0 2
haar_x2_y2
-0.089813  362.178833  64
-6.919138e-001  -3.195357e-001  -3.742844e-001  -5.888047e-001  -2.494500e-001  -8.034822e-002  -2.044707e-001  2.029678e-001  1.546339e-002  -1.175346e-001  -2.677860e-001  -8.175652e-002  1.445940e-001  -3.217994e-002  1.424209e-001  -1.974602e-002  1.952648e-002  1.719280e-001  4.218835e-002  1.485417e-001  7.138721e-002  4.850591e-002  5.674076e-002  1.158915e-001  -2.230636e-002  2.740510e-002  7.354680e-002  1.927291e-001  1.641623e-001  2.674616e-001  -1.461806e-002  1.207460e-001  -9.465130e-002  2.701979e-002  4.237386e-002  4.730857e-002  -1.375762e-002  8.649931e-002  9.402774e-002  -1.026331e-001  1.026668e-001  -2.872446e-002  -1.771523e-001  4.200409e-003  6.252587e-002  -2.023919e-001  -1.763475e-001  -5.646250e-003  1.248749e-001  -1.316936e-001  -3.317114e-001  -3.463832e-002  -2.225064e-001  -4.398360e-001  -3.944331e-001  -1.049074e-001  -2.583228e-001  -2.809758e-001  -2.041782e-001  -5.227175e-001  -2.538826e-001  -1.762586e-001  -5.806786e-001  -3.000914e-001  
0
1
3
10 0 14 8 0 -1
10 0 7 4 0 2
17 4 7 4 0 2
haar_x2_y2
-0.076182  291.353271  64
2.066728e-001  3.440863e-002  3.546877e-001  9.893508e-002  -3.200815e-001  -1.864627e-001  -5.264673e-002  -8.623698e-002  7.316664e-002  1.797582e-002  -9.347096e-002  5.961907e-002  -2.589943e-001  -1.091065e-001  -2.733651e-001  -3.004759e-001  -2.168080e-001  -2.858835e-001  -1.187362e-001  -1.670708e-001  -1.092031e-001  -2.103630e-001  -1.816869e-001  -1.349795e-001  -5.718572e-002  -8.578964e-002  3.267788e-002  1.118908e-001  6.873851e-002  1.247954e-001  7.090847e-002  2.756876e-002  1.394835e-001  7.404856e-002  1.067344e-001  6.635050e-002  1.399500e-001  8.680339e-002  2.317891e-001  1.957709e-001  3.995194e-001  1.802237e-001  3.091904e-001  1.614555e-001  5.626494e-002  4.536372e-001  1.658427e-001  4.032542e-001  -5.483062e-002  -1.225596e-001  1.309508e-001  3.360098e-001  1.438629e-001  1.780407e-001  2.220043e-001  2.016600e-001  1.208612e-001  -3.556001e-001  3.877860e-001  -2.694952e-002  -2.008777e-001  1.381676e-001  9.414739e-002  -2.363098e-001  
0
1
2
21 12 3 9 0 -1
18 15 3 3 0 3
tilted_haar_y3
-0.070961  419.220947  64
-4.321694e-001  -1.922981e-002  -7.442531e-001  1.389557e-001  -1.776300e-001  -2.432819e-001  -1.328189e-001  8.521002e-002  -1.705031e-001  -2.384886e-001  4.285351e-002  -5.315052e-003  -1.856982e-001  -1.480404e-001  -3.820975e-002  -4.800558e-002  -3.946231e-002  -1.927212e-002  -2.123121e-002  -5.848740e-002  -3.841346e-002  8.200075e-002  7.961837e-002  9.032733e-002  -4.115225e-002  5.913872e-002  -2.699777e-002  -4.507967e-002  1.695866e-001  2.146558e-002  9.427965e-002  1.970438e-001  5.411059e-002  1.846222e-001  1.190534e-001  1.767736e-001  1.520760e-001  4.541350e-002  1.475448e-001  1.583957e-001  1.512047e-001  -1.033058e-001  -6.122580e-003  -1.260971e-001  -3.408023e-002  -2.550641e-001  3.471489e-002  -1.019730e-001  -9.017108e-003  -3.500152e-002  -8.376113e-002  -2.264440e-001  -5.208726e-002  -3.200824e-001  -4.248646e-001  -2.809848e-001  3.035623e-002  -4.086147e-001  -3.983666e-001  -3.715052e-001  -9.399212e-002  -2.578429e-001  -7.210601e-001  -6.463581e-001  
0
1
2
4 10 14 6 0 -1
4 12 14 2 0 3
haar_y3
-0.083283  325.382385  64
1.282877e-001  1.088863e-001  5.712491e-001  2.868417e-001  3.824105e-001  -1.734644e-001  2.253802e-002  -5.134825e-001  1.217743e-001  3.870766e-001  7.389054e-002  -6.008985e-002  1.159076e-001  1.657563e-001  1.414696e-001  -7.867464e-002  -1.191576e-001  -5.997634e-002  5.947737e-002  -1.514947e-002  -2.972919e-002  -3.734955e-002  -9.014288e-002  -5.876691e-002  -1.337564e-001  -1.478732e-001  -1.872155e-001  -2.162376e-001  -6.820209e-002  -1.725073e-002  -1.408836e-002  6.088549e-002  -8.578535e-002  2.325856e-002  1.365116e-001  5.045894e-002  6.759954e-002  2.864942e-001  -6.737830e-002  2.023257e-001  3.285207e-001  1.538850e-001  1.563246e-001  2.116613e-001  3.323848e-001  3.318584e-001  3.087988e-001  3.376908e-001  4.544312e-001  1.690070e-001  3.756039e-001  3.098201e-002  5.808457e-001  3.364102e-001  1.197401e-001  5.621129e-003  2.369564e-001  3.103339e-001  2.690345e-001  3.379648e-001  -1.935127e-001  4.100545e-001  9.498764e-002  -6.068463e-001  
0
1
2
3 3 20 6 0 -1
8 3 10 6 0 2
haar_x4
-0.104493  211.135681  64
-3.513214e-002  3.543699e-001  9.556599e-002  1.222471e-001  2.914950e-001  4.051811e-001  -9.072124e-002  4.555538e-002  1.351634e-001  8.792400e-002  2.453677e-001  2.244618e-001  5.188894e-002  -1.608762e-002  1.433249e-001  2.419473e-001  1.545977e-001  1.349609e-001  2.907268e-002  -3.657608e-002  -5.513771e-002  -1.055327e-001  -2.212708e-001  -2.776719e-001  -9.441839e-002  -1.292633e-001  -1.323557e-001  -2.213726e-001  -9.977315e-002  -1.817497e-001  -9.664827e-002  -6.323380e-002  -1.522626e-001  -2.698277e-002  -2.059796e-002  -4.709150e-002  7.801521e-002  5.750709e-002  -2.020864e-002  -9.402942e-002  2.514982e-002  3.904464e-002  1.819197e-002  1.698452e-002  -1.341137e-001  -4.001103e-003  9.391399e-002  9.575201e-002  2.802083e-001  -4.645402e-002  4.321223e-001  1.655215e-001  4.777173e-001  2.717234e-001  1.562170e-001  1.798328e-001  4.585257e-001  1.450498e-001  4.052128e-001  4.595933e-001  1.184456e-001  6.213515e-001  4.084905e-001  7.575448e-001  
0
1
2
11 4 7 6 0 -1
9 6 7 2 0 3
tilted_haar_y3
-0.069701  430.260498  64
-1.267131e-001  -3.542953e-001  -2.331991e-001  -2.988926e-001  4.942185e-001  4.095858e-002  5.381196e-002  -2.517563e-001  -4.011819e-002  -1.965719e-001  -6.963935e-002  8.538988e-002  -1.002753e-001  9.247499e-002  -1.523501e-001  1.813229e-001  1.215023e-002  1.031036e-001  -6.121346e-002  -2.653024e-002  9.078719e-002  1.209553e-001  1.506103e-001  1.739257e-001  3.827497e-002  1.812142e-001  7.620011e-002  2.042174e-001  2.253496e-001  8.859745e-002  8.415620e-002  -3.287171e-002  -4.723481e-002  -5.088348e-002  -1.775737e-001  -3.237832e-001  -1.949208e-001  -2.301061e-001  -5.440884e-002  -4.184803e-002  -1.279437e-001  -5.397633e-002  -3.055488e-001  1.214714e-001  -1.129361e-002  -3.590379e-002  -1.259923e-001  -3.195786e-002  6.679811e-002  -2.210563e-001  -1.121794e-001  -1.113040e-001  -1.463121e-001  2.131303e-001  2.532258e-003  -3.456041e-001  -3.752840e-001  1.851410e-001  3.835403e-001  -5.891010e-001  -2.516315e-001  -5.617401e-001  -2.938150e-002  -3.462944e-001  
0
1
2
5 4 16 6 0 -1
5 6 16 2 0 3
haar_y3
-0.157606  245.971924  64
3.362409e-002  6.841277e-001  5.561793e-001  1.500182e-001  4.797415e-001  4.957629e-001  1.006859e-001  2.085406e-001  2.263398e-001  1.650392e-001  -1.199100e-001  -1.126946e-001  3.458271e-001  2.837435e-001  2.629312e-001  3.439782e-001  9.551005e-002  2.048136e-001  1.247730e-001  1.083781e-001  1.716550e-001  1.519194e-001  9.242520e-002  2.172038e-001  1.659154e-001  2.601293e-001  1.893247e-001  7.514091e-002  4.140708e-003  1.467688e-001  -9.387834e-002  -2.294072e-002  -8.283336e-003  -1.074825e-001  1.693358e-003  -1.637776e-001  -1.728260e-001  -2.253382e-001  -1.907353e-001  -1.564956e-001  -1.459733e-001  -4.599608e-002  3.205841e-002  -1.305504e-002  4.584162e-002  7.645957e-002  2.741461e-001  2.424932e-001  5.057138e-001  9.879074e-002  1.267809e-001  -1.270828e-001  7.588705e-002  1.150222e-001  -1.888550e-001  1.559658e-001  4.769677e-002  3.024467e-001  -2.479796e-001  -4.053383e-002  -1.947725e-001  1.183949e-002  -1.867474e-001  -1.961502e-001  
-1.930204 
