23 
1
2
2 4 20 6 0 -1
2 7 20 3 0 2
haar_y2
-0.036185  258.700623  64
-1.138630e+000  -6.302024e-001  -1.515579e+000  -4.383178e-001  -1.039698e+000  -1.090326e+000  -7.046127e-001  -7.923658e-001  -3.293834e-001  -3.819067e-001  -4.025118e-001  -2.243035e-001  -7.813786e-001  -5.592297e-001  -5.709628e-001  -5.090488e-001  -3.690975e-001  -7.197663e-001  -3.389533e-001  -6.541606e-001  -4.547190e-001  -6.831101e-001  -7.383939e-001  -7.223665e-001  -6.572984e-001  -7.763504e-001  -3.798661e-001  -7.022486e-001  -4.428271e-001  -4.788571e-001  -3.404068e-001  -4.427449e-001  -7.998673e-001  -1.075360e+000  -6.755273e-001  -1.464714e+000  -9.589170e-001  -4.088267e-001  -3.966683e-001  -5.143314e-001  -1.407687e-001  -5.413880e-001  -6.122883e-001  -1.152857e+000  -3.346764e-001  -2.375184e-001  2.738329e-001  -3.146133e-001  -3.407141e-001  1.042800e-001  -1.372116e-001  4.763416e-001  -3.873715e-001  3.427891e-001  -3.148781e+000  -1.662276e+000  3.205830e-002  -5.860381e-001  -2.208780e+000  -1.462026e-001  2.880162e-001  3.199349e-001  2.859892e-001  -6.531860e-001  
1
2
11 3 12 12 0 -1
11 7 12 4 0 3
haar_y3
-0.138104  161.887222  64
-1.572333e-001  9.248628e-002  -3.755168e-001  -2.201893e-001  2.570857e-001  2.180735e-001  -1.002865e+000  3.298574e-001  4.009300e-001  1.977537e-002  2.121016e-001  -4.955886e-001  1.753035e-001  1.039671e-002  6.907269e-002  -3.188250e-001  1.346415e-001  -2.501372e-001  -3.562662e-001  1.587941e-001  -1.294309e-002  1.486587e-001  2.924878e-001  1.763217e-001  2.003360e-001  -1.626996e-001  3.123982e-002  -2.859664e-002  2.294585e-001  1.136593e-001  -2.834918e-001  1.005132e-001  1.016125e-001  3.250070e-001  1.217176e-001  2.390780e-001  -2.089150e-003  2.628873e-001  1.686968e-002  -2.663538e-001  -1.502710e-001  -1.816558e-001  -4.906730e-001  -2.142003e-001  -1.676384e-001  -7.429374e-001  6.228891e-002  5.045845e-001  6.404624e-001  4.205487e-001  6.485432e-002  -2.568967e-001  6.595298e-001  7.840632e-001  4.029482e-001  -2.277216e-001  5.881993e-002  2.080055e-001  -1.196068e+000  2.958140e-001  2.667194e-001  4.399983e-001  9.653065e-002  9.484679e-002  
1
2
6 3 18 3 0 -1
12 3 6 3 0 3
haar_x3
-0.132623  265.237610  64
2.638227e-001  -4.216376e-001  7.522147e-001  1.771994e-001  6.482346e-001  6.102276e-001  1.304739e-001  5.691419e-001  9.301885e-001  2.879276e-002  2.107849e-001  -2.456225e-001  -3.681378e-001  -2.853598e-001  2.141759e-001  -8.503433e-002  4.279595e-002  -8.456156e-002  -2.852078e-002  2.994650e-001  -1.626835e-001  -4.656540e-001  2.394212e-001  -1.012183e-001  -1.531267e-001  2.148611e-001  -8.969260e-002  3.944537e-001  3.444092e-001  8.277892e-002  2.772803e-001  -7.841872e-002  1.892130e-001  3.619055e-001  -3.848108e-002  1.170419e-002  2.654739e-001  -1.642135e-002  1.101250e-001  4.942526e-002  -6.721341e-002  -2.068294e-001  -4.489083e-001  -1.459060e-002  -1.095818e-001  -2.060905e-001  1.164654e-001  -1.457300e-001  9.220393e-002  2.895269e-001  1.109512e-001  -3.100143e-001  -1.908396e-002  -7.170637e-001  2.300184e-001  7.517275e-002  4.874003e-002  -2.835984e-001  4.104616e-001  6.593149e-001  -1.027386e+000  2.639833e-001  -2.142019e-001  -9.444168e-001  
1
2
17 2 6 10 0 -1
17 7 6 5 0 2
haar_y2
-0.070435  308.513519  64
-2.112556e-001  2.803195e-001  3.334987e-001  7.306939e-001  -1.060917e-001  3.101141e-001  1.285196e-001  4.952356e-001  7.558551e-001  5.338995e-001  1.584795e-001  4.005927e-001  1.053709e-001  -5.606589e-002  1.854466e-001  1.597302e-001  3.639611e-001  2.025114e-001  -2.908558e-001  -3.871845e-001  -1.309928e-001  -3.904728e-001  6.449930e-002  -3.379556e-002  -1.715977e-001  -4.231457e-001  1.566509e-002  -2.264105e-001  6.949618e-002  -1.639585e-001  1.321942e-001  1.441912e-001  4.363485e-002  -1.497378e-001  1.981387e-001  -1.357462e-002  -1.373633e-001  4.882500e-003  1.025976e-001  2.798857e-001  9.068169e-002  1.652448e-001  1.553244e-001  1.971845e-001  3.308295e-001  1.049990e-001  5.455134e-001  -2.597234e-001  -1.336161e-001  3.855876e-001  -4.645973e-001  4.242207e-001  -2.725388e-002  3.676530e-001  -1.467253e-001  4.566856e-001  -1.890404e-001  -1.182039e-001  -1.831124e-001  9.484038e-002  6.533822e-001  -3.582202e-001  5.332931e-001  -5.652366e-001  
1
3
5 7 10 12 0 -1
5 7 5 6 0 2
10 13 5 6 0 2
haar_x2_y2
-0.164345  280.413452  64
5.910371e-001  9.296575e-001  -3.337885e-001  -1.797615e-001  2.352232e-001  7.181419e-001  4.714665e-001  7.715772e-002  3.031218e-001  4.238052e-001  5.172890e-001  -5.100369e-001  -1.871975e-001  -2.675689e-001  -2.861581e-001  -9.803027e-002  4.165170e-002  -5.881106e-001  3.546533e-001  -5.371247e-001  -8.631127e-002  -1.179090e-001  -1.053220e-003  4.933046e-001  -2.729554e-001  4.065138e-001  2.221097e-001  1.232279e-001  -4.369867e-002  2.109538e-002  -2.520860e-001  -4.277658e-002  1.148081e-001  1.168847e-002  -1.079465e-001  -2.175890e-001  -2.361716e-001  -9.296524e-002  1.747547e-001  8.381033e-002  -1.826999e-002  -9.735183e-003  6.371444e-002  -1.371381e-001  -1.512644e-001  -1.348081e-001  -4.675087e-002  -8.612848e-002  3.764952e-002  3.833975e-001  3.204193e-001  2.217592e-001  4.496289e-001  3.330946e-001  4.900600e-001  3.659362e-001  4.788056e-001  6.136589e-002  2.399885e-001  -5.501695e-001  1.102908e-001  2.636285e-001  -2.286156e-001  -8.680584e-001  
1
3
9 12 6 12 0 -1
9 12 3 6 0 2
12 18 3 6 0 2
haar_x2_y2
-0.055305  570.236633  64
-7.332513e-001  -4.644602e-001  -7.706779e-001  5.189383e-002  -1.102924e-001  -2.430054e-001  -3.978859e-002  -3.545337e-001  -4.404013e-001  3.394032e-001  -2.718032e-001  -2.191858e-001  -2.005138e-001  -2.941735e-001  5.324146e-002  6.289965e-002  -1.651588e-001  1.252742e-001  4.491894e-003  1.170554e-001  1.095509e-001  2.160930e-001  1.642698e-001  6.088527e-003  7.658707e-002  9.986321e-003  1.629969e-001  3.136639e-001  1.219589e-001  3.080821e-001  1.743497e-001  3.903797e-002  2.519587e-001  1.149629e-001  1.601041e-002  2.796053e-002  4.789623e-002  3.766473e-002  -1.254103e-001  1.106136e-001  2.299369e-002  -1.777253e-002  -3.899347e-001  -3.073525e-002  -4.076203e-001  -2.644214e-001  -4.993818e-002  -4.820573e-002  -4.017031e-001  -1.530453e-001  -2.962446e-001  1.283783e-001  -3.622248e-001  -5.468698e-001  -1.774877e-001  -4.003711e-001  -8.338683e-001  -4.479253e-001  -1.072258e-001  -5.859947e-001  -3.154542e-001  -7.599739e-001  5.339180e-002  -8.370997e-001  
1
2
7 0 6 6 0 -1
10 0 3 6 0 2
haar_x2
-0.020412  740.731201  64
-6.428686e-001  -1.038877e+000  -1.048719e-001  1.389182e-002  -3.625400e-001  -5.791857e-001  -1.106458e-001  4.829078e-003  -8.892451e-002  -2.834035e-001  2.342637e-002  -4.822270e-002  2.166599e-001  1.930922e-001  9.736616e-002  2.652125e-001  2.883275e-001  2.550367e-001  -2.151917e-002  -4.262231e-002  5.355177e-002  -5.948074e-002  -8.378059e-002  -7.513813e-002  3.996310e-002  -1.234104e-002  1.239462e-001  2.827370e-001  2.005468e-001  1.408419e-002  1.811579e-001  7.779206e-002  1.644094e-001  7.887544e-002  6.785867e-002  -2.277922e-002  1.040823e-001  -1.453411e-001  1.627218e-001  -2.544815e-002  -2.540126e-001  -1.016197e-001  2.977413e-001  -1.340763e-001  -1.748688e-001  -5.301387e-001  -8.325380e-002  -3.105676e-001  1.917871e-002  -9.641850e-002  -8.896297e-001  -6.051400e-002  2.453486e-002  -4.353331e-001  -1.714272e-001  -4.187436e-001  -4.371523e-001  8.739604e-001  8.778294e-002  -4.535551e-001  1.286419e-001  -4.826519e-001  -9.229948e-001  -2.144402e-001  
1
2
2 7 6 9 0 -1
4 7 2 9 0 3
haar_x3
-0.042381  517.294739  64
-9.671216e-002  -7.629576e-002  -6.076195e-001  -6.451021e-001  -5.175207e-001  -7.106816e-001  -1.542916e-001  -4.246477e-001  -2.717347e-001  -4.815402e-001  -3.653551e-001  -2.015051e-001  -1.478477e-001  -3.210075e-001  8.491246e-002  -2.493729e-001  1.731986e-001  -2.353615e-002  6.051885e-002  7.542096e-002  -1.049564e-001  3.954881e-002  7.514147e-002  2.302240e-001  1.578311e-001  1.508873e-001  8.706297e-002  1.884855e-001  2.907932e-001  2.616595e-001  7.099784e-002  3.219407e-002  -2.532364e-001  1.351381e-001  -2.593814e-002  3.875658e-002  9.384230e-003  -3.689395e-001  -1.796180e-002  1.883461e-001  -3.498173e-001  -3.552892e-001  1.268540e-001  -3.228119e-001  -2.387774e-001  5.681236e-001  -6.332851e-001  -5.571623e-002  -6.164281e-001  -6.442285e-001  -6.449775e-001  -6.891201e-001  -7.173570e-001  -2.037165e-002  -9.007136e-001  -3.346764e-001  -5.579853e-001  -5.427240e-001  1.430303e-001  -2.530467e-002  -2.852960e-001  -5.366378e-001  -1.480575e-001  -4.484275e-001  
1
2
11 2 8 18 0 -1
13 2 4 18 0 2
haar_x4
-0.101228  304.582886  64
-2.459438e-001  -2.598265e-002  -2.029899e-001  3.468454e-001  -4.721892e-001  1.473397e-001  2.770441e-001  -1.574657e-002  -3.199232e-001  1.641448e-001  1.691986e-001  -9.433744e-002  2.182594e-001  2.179597e-001  1.962770e-001  2.706949e-001  2.738486e-001  3.329573e-001  2.223970e-001  1.058978e-001  1.346583e-001  3.337496e-001  1.751075e-001  4.347412e-002  -4.887170e-002  -1.376684e-002  -1.457189e-001  5.054719e-002  5.088574e-003  -3.151498e-001  -1.887419e-001  -2.219788e-001  -2.877517e-001  -6.237564e-002  -1.476561e-001  -2.813523e-001  -3.866546e-001  -3.208148e-002  -3.481565e-001  5.896049e-002  -9.875896e-002  1.922769e-002  -1.879943e-001  7.941150e-002  -2.221942e-001  2.837744e-002  -1.308142e-001  3.002236e-001  3.754046e-001  -1.832212e-001  3.401699e-002  5.943593e-001  -3.578037e-002  1.567861e-001  7.434261e-001  -8.340931e-002  5.756212e-001  4.369909e-001  -5.004250e-001  7.262755e-002  4.677188e-001  -8.232737e-002  5.254276e-001  1.659192e-001  
1
2
10 1 4 10 0 -1
12 1 2 10 0 2
haar_x2
-0.040461  625.304260  64
4.450311e-001  -1.076001e-002  1.969262e-001  3.253440e-001  3.512948e-001  4.551692e-001  4.702393e-001  4.468468e-001  -4.633516e-002  2.465424e-001  2.776807e-001  -2.330590e-001  -5.844328e-002  4.149382e-001  1.808465e-001  1.571092e-003  -6.857625e-002  2.612880e-001  -4.897976e-001  -2.447930e-002  1.484233e-001  -1.312441e-001  -2.846675e-001  -3.335535e-001  -2.335732e-001  -3.463832e-001  -1.647931e-001  -1.678740e-001  -1.300890e-001  1.645489e-001  -1.087711e-001  -2.297915e-001  4.967244e-002  -1.259073e-001  -3.054603e-001  2.427481e-002  3.857180e-003  3.996866e-002  7.424673e-002  1.549269e-002  1.611703e-001  4.656027e-002  1.833903e-001  1.926278e-001  2.305835e-001  2.267882e-001  2.522515e-001  1.385231e-001  1.498779e-001  2.994666e-001  1.627830e-001  1.344576e-001  5.199224e-001  -2.156650e-001  -1.183536e-001  -9.704217e-002  -5.429887e-002  -1.982877e-001  4.929300e-002  -1.083737e-001  -2.317329e-001  -7.245848e-001  5.148669e-001  -3.310145e-001  
1
2
10 13 8 5 0 -1
14 13 4 5 0 2
haar_x2
-0.045885  542.300781  64
-1.735578e-001  -6.444230e-003  8.870632e-002  -4.436146e-003  -1.568885e-001  -5.660507e-001  -1.643372e-001  -8.172205e-001  -4.871978e-001  -2.387787e-001  -5.414001e-001  -1.227081e-001  4.943206e-002  -5.141824e-001  -4.674796e-001  -6.216991e-002  -4.100611e-003  -3.320202e-001  -5.316174e-002  1.076815e-001  -1.358056e-001  8.910499e-002  -6.254945e-002  3.002959e-001  -8.131636e-002  -1.186874e-001  -9.910628e-002  1.595817e-002  1.052092e-001  6.342129e-002  1.496430e-001  3.165889e-001  4.547745e-002  1.103070e-001  7.825365e-002  1.794289e-001  1.568696e-001  9.411253e-002  3.402467e-002  8.054360e-002  1.474652e-001  -1.413061e-001  -1.490960e-001  4.535085e-002  1.337902e-001  -9.757732e-003  -1.112217e-001  -1.418141e-001  -1.686794e-001  3.775273e-001  5.308556e-002  1.024163e-001  -9.535450e-003  2.627352e-001  3.540175e-001  5.948490e-001  5.556743e-002  -3.072572e-001  -4.510511e-001  -3.263865e-001  -8.169728e-002  -8.901078e-001  8.633835e-002  -1.185356e+000  
1
2
5 2 15 5 0 -1
10 2 5 5 0 3
haar_x3
-0.080049  229.981262  64
-2.979828e-001  2.901148e-001  8.438946e-002  2.555400e-001  7.454197e-001  4.359879e-001  6.691599e-003  1.886576e-001  8.433286e-003  1.206626e-001  1.000828e-001  5.261950e-002  2.594327e-001  3.699761e-002  1.162586e-001  1.453580e-001  -2.453219e-002  9.038917e-002  -3.776892e-001  -1.055526e-001  -1.941784e-001  -1.391420e-001  -1.989702e-001  -1.367542e-001  -1.833587e-001  -5.579952e-002  -5.650266e-002  -1.560510e-001  2.894967e-002  -2.138749e-002  -2.858547e-001  -9.306826e-002  -6.920869e-003  1.216744e-001  -2.214053e-001  1.599973e-002  1.109991e-001  1.580019e-002  2.978482e-001  -4.890237e-002  -2.551438e-003  2.394396e-001  1.914253e-001  -2.072465e-001  2.816163e-001  -1.445518e-001  5.546981e-002  4.345175e-001  5.264145e-001  4.561119e-001  7.685397e-001  -4.898250e-002  4.227170e-001  9.197473e-001  1.214980e-001  6.554619e-001  -3.206165e-001  7.925314e-001  3.671999e-001  2.999233e-002  -5.824766e-001  7.758173e-001  -5.255226e-001  4.973055e-001  
1
2
0 20 24 2 0 -1
12 20 12 2 0 2
haar_x2
-0.091790  308.394135  64
1.954054e-001  5.066410e-001  2.152020e-001  3.548190e-002  3.078093e-001  -1.952294e-001  -5.230522e-001  4.569632e-001  3.301137e-001  -4.795914e-001  -9.094522e-002  -1.552953e-001  1.327762e-001  3.106698e-001  2.053022e-001  -5.067410e-002  1.950878e-001  -1.454711e-001  1.062165e-001  -2.734456e-001  -9.860884e-003  2.971731e-002  1.391595e-001  -1.664180e-001  -3.394829e-001  -2.075130e-001  -5.416710e-002  -7.944494e-002  1.284312e-001  -9.559585e-002  -4.056999e-002  1.201391e-002  -7.857297e-002  -6.540094e-002  2.883491e-002  5.366625e-002  -3.217927e-003  -1.763370e-001  -4.760174e-002  2.082388e-001  7.495603e-002  -1.837168e-001  8.417403e-003  4.495636e-002  -5.196364e-002  6.096622e-002  2.332512e-001  5.078579e-002  1.743523e-001  -6.511696e-002  4.283839e-001  -2.660567e-002  2.016455e-001  3.790683e-001  4.620028e-001  3.082473e-001  1.165199e-001  3.406942e-001  1.028517e-001  4.385318e-001  1.567473e-001  -4.571262e-001  -8.696314e-002  -1.255677e+000  
1
2
6 9 9 6 0 -1
4 11 9 2 0 3
tilted_haar_y3
-0.104472  201.885956  64
2.207461e-001  2.243411e-001  8.805846e-002  -1.791741e-001  -2.790102e-002  5.807686e-001  3.279569e-001  4.062501e-001  4.314187e-001  2.161203e-001  3.097952e-001  1.075850e-001  4.578909e-002  8.466519e-002  1.920939e-002  -1.602400e-001  1.278315e-001  -3.831662e-004  4.816609e-002  1.873774e-002  -1.800186e-001  -2.376013e-001  -1.533152e-001  7.907277e-002  -1.407636e-003  -3.170750e-001  -9.438502e-002  -1.551539e-001  2.614680e-002  -9.508888e-002  -1.855427e-001  -5.788362e-002  -1.694687e-001  2.145436e-001  5.255603e-002  -2.305163e-002  -6.514660e-002  7.863231e-002  9.482653e-002  1.873544e-001  2.828073e-002  1.202230e-001  6.307433e-001  -4.196497e-001  -1.751237e-001  7.711183e-001  4.216672e-001  5.074339e-001  2.797810e-001  9.602993e-001  4.605850e-001  4.509690e-001  2.821270e-001  3.628092e-001  1.980276e-001  1.516436e-001  2.319330e-001  1.302297e-001  2.029316e-001  4.872534e-001  6.225494e-001  1.610184e-001  -8.927429e-001  1.304986e+000  
1
3
7 0 10 8 0 -1
7 0 5 4 0 2
12 4 5 4 0 2
haar_x2_y2
-0.061407  462.246521  64
6.138419e-002  -2.585268e-002  6.914271e-003  -4.695409e-001  7.844596e-002  1.742636e-001  -2.988207e-001  -1.905162e-001  -7.832832e-001  -4.220937e-001  -2.293959e-001  -2.526497e-001  -1.246507e-001  -1.841993e-002  -3.087299e-001  1.949369e-002  -3.065476e-002  -2.082528e-001  -2.830392e-001  5.023495e-002  3.376920e-001  1.780393e-001  -1.199242e-001  -6.731392e-002  7.221568e-002  -6.682527e-002  1.855676e-001  2.032877e-001  6.031280e-002  1.300701e-001  3.194003e-001  1.212632e-001  2.042207e-001  2.065197e-001  5.188427e-002  -5.947715e-002  2.183340e-002  1.948603e-001  -9.121548e-002  2.979503e-003  9.716955e-002  4.727853e-002  -1.118514e-001  7.021645e-002  -1.628701e-001  -3.099486e-001  -4.519496e-001  -3.650634e-001  8.867557e-002  3.154619e-002  -2.754712e-001  -5.160214e-001  -2.381533e-001  -9.020810e-001  -1.943466e-001  -7.074298e-001  -3.472543e-001  -3.853601e-001  3.077838e-001  3.385475e-002  -1.053486e-001  5.105255e-001  -1.222211e-001  -3.213187e-001  
1
2
6 2 5 8 0 -1
6 6 5 4 0 2
haar_y2
-0.069286  431.194427  64
4.323088e-001  6.183289e-001  2.045138e-001  -3.014141e-002  1.261494e-001  1.946620e-001  2.542688e-001  8.287745e-002  1.036727e-001  -1.765700e-001  3.042836e-001  -3.527993e-002  1.825574e-001  1.398487e-001  -2.974824e-001  1.311783e-001  1.960709e-001  2.186147e-002  5.367619e-001  5.765041e-002  -1.169896e-002  2.378036e-002  -1.214286e-002  -2.616962e-001  7.266198e-002  -1.787418e-001  -2.654535e-001  -5.521621e-001  -2.046012e-001  -2.088086e-001  -1.651063e-001  -2.563476e-001  -4.923704e-002  1.237477e-001  -1.647220e-002  1.531432e-001  -1.215967e-001  -4.476986e-002  1.033764e-001  2.085418e-001  2.129968e-001  1.625095e-001  1.101478e-001  -1.053598e-001  2.744636e-001  4.024360e-003  1.945901e-002  -1.009006e-001  -2.112864e-001  1.042637e-001  1.242791e-001  4.318325e-001  -2.174489e-002  -4.234545e-002  3.197055e-001  8.108907e-001  -1.303719e-001  1.086100e+000  -2.608477e-001  -1.760063e-001  6.091092e-001  7.179754e-001  -3.044630e-001  -1.424518e-001  
1
2
5 0 15 12 0 -1
10 4 5 4 0 9
haar_point
-0.326389  103.356102  64
2.525490e-002  2.146416e-001  9.029792e-003  -1.004048e-001  -4.362114e-001  8.579140e-003  -7.235149e-002  -2.481507e-001  -1.225635e-001  5.070001e-002  -6.360112e-001  -5.262084e-002  6.320167e-002  -1.822218e-001  -2.434156e-001  -2.584914e-001  -1.954685e-001  -2.413252e-001  6.081520e-003  -1.773944e-001  -8.278580e-002  -3.502747e-002  -9.105587e-002  -9.850010e-002  6.005470e-002  3.413969e-001  -6.807625e-003  8.534315e-002  1.720886e-001  1.304422e-001  1.887105e-001  4.459285e-003  1.235353e-001  1.251461e-001  -3.726447e-003  9.362933e-002  8.649736e-002  1.158322e-001  -3.081515e-002  1.339797e-001  2.944189e-001  4.583654e-001  2.567022e-002  1.373957e-002  1.614830e-002  -1.378607e-001  -1.478342e-001  3.377737e-001  -1.669732e-001  -2.267031e-001  2.194247e-001  -2.904110e-001  -1.916148e-001  2.005781e-001  -2.728335e-001  1.048816e-001  -2.936679e-001  -1.659481e-001  -3.337327e-001  -1.082081e+000  -8.450292e-001  -8.944559e-003  -1.106523e+000  -7.518259e-001  
1
2
6 10 10 3 0 -1
5 11 10 1 0 3
tilted_haar_y3
-0.031697  843.358948  64
-3.842799e-001  5.041897e-001  -9.767706e-001  -8.538353e-001  -1.329650e-001  -1.607929e-001  -2.911423e-001  1.354284e-001  2.073508e-001  6.572843e-003  -2.030817e-001  1.534134e-001  3.430314e-001  6.193174e-002  6.102964e-002  -4.384007e-002  1.431073e-001  -2.402552e-001  -6.653179e-002  7.508946e-002  -1.075889e-002  9.980169e-002  1.368059e-001  9.872523e-002  -2.932608e-003  -6.375656e-002  -1.121265e-002  1.602203e-001  -2.604783e-002  5.076770e-002  -6.158189e-002  1.264257e-001  -3.659410e-002  1.122521e-001  2.566051e-001  2.601640e-002  3.610915e-001  5.584587e-002  5.197028e-002  7.114262e-002  1.788376e-002  2.013830e-001  -2.816749e-001  -4.481690e-001  -3.114042e-001  -3.953836e-001  -6.577703e-002  2.973972e-002  -3.019446e-001  -3.762195e-001  -1.017873e-001  -4.478605e-001  4.891648e-003  -5.884035e-001  -6.890979e-002  -8.809385e-001  -8.800527e-001  -1.489337e+000  -6.818500e-001  -4.573092e-001  -4.750624e-001  -2.643304e-001  1.607929e-001  -1.949654e-001  
1
2
6 3 18 4 0 -1
6 4 18 2 0 2
haar_y4
-0.058339  466.195892  64
-4.326548e-001  1.350135e-001  1.671683e-002  3.626952e-002  -7.006325e-002  1.452508e-001  1.890658e-001  -3.058404e-001  1.560222e-001  5.322137e-002  3.083458e-001  -2.682265e-001  -3.177179e-002  -7.031137e-004  9.285259e-002  -2.220659e-001  1.392094e-001  2.837378e-001  1.014116e-001  1.625784e-001  -6.694393e-002  7.542552e-002  -6.230479e-004  4.550815e-002  8.451240e-002  -9.564298e-002  -6.011650e-002  -2.201415e-001  -3.598847e-001  -9.268198e-002  -9.636696e-002  7.270388e-003  -1.499653e-001  -9.237010e-002  3.707786e-001  -2.492159e-001  1.503470e-001  4.839330e-001  1.841951e-001  1.452833e-001  1.287198e-001  2.639366e-001  4.310879e-001  4.386853e-001  -1.841888e-001  6.635743e-001  1.568524e-001  2.393973e-001  3.275994e-001  4.497280e-001  2.963543e-001  8.595980e-001  5.442917e-001  9.710295e-002  8.296016e-001  1.802458e-001  1.164606e-001  1.128538e+000  5.212403e-001  3.121380e-001  -5.800273e-001  -1.639572e-001  3.044806e-001  7.451598e-001  
1
2
14 2 5 16 0 -1
14 6 5 8 0 2
haar_y4
-0.081367  310.461243  64
7.452603e-001  5.684941e-001  2.333588e-001  4.549439e-001  4.894128e-001  -7.193364e-002  2.841048e-001  -6.517814e-002  2.531100e-001  3.351145e-001  -2.125152e-001  1.554493e-001  1.751171e-001  3.958312e-001  -2.840586e-001  -9.618820e-002  1.445599e-001  -9.448405e-002  -1.133418e-001  -1.757090e-001  -5.671689e-002  4.082039e-002  -1.230519e-001  8.400175e-004  -1.731978e-001  5.565985e-002  -2.528322e-001  -2.338393e-001  -1.108017e-001  -1.303401e-001  -1.191381e-001  -1.767565e-001  -3.000631e-001  -5.590316e-002  -2.124303e-002  -5.051249e-002  1.225774e-001  1.116914e-001  -5.707451e-002  6.260834e-002  3.338867e-001  5.517953e-002  -1.161233e-001  5.992048e-002  1.454256e-001  3.857786e-001  2.120878e-001  9.503924e-002  1.706933e-001  -1.219678e-001  4.148082e-001  7.426959e-002  -1.153619e-001  1.629166e-001  -2.660225e-001  -4.830689e-002  9.800646e-001  4.362519e-001  3.095797e-001  -3.371010e-001  1.474643e-001  1.739384e-001  7.946680e-001  9.751812e-002  
1
3
3 3 6 12 0 -1
3 3 3 6 0 2
6 9 3 6 0 2
haar_x2_y2
-0.036969  646.701111  64
-2.401800e-001  1.817847e-001  -3.340401e-001  -2.163161e-001  3.237348e-001  -2.433354e-001  -3.150971e-001  -2.218553e-001  -1.965271e-001  -9.600016e-002  -4.970795e-001  -4.744047e-001  7.196475e-002  -2.145138e-001  -2.343228e-001  -3.066236e-002  -8.456622e-003  1.170368e-001  -1.516937e-001  -1.821201e-001  2.232329e-002  2.312591e-001  9.861318e-002  1.892637e-001  -5.904627e-002  2.365372e-001  6.262548e-002  2.092856e-001  1.300927e-001  7.371451e-002  1.691933e-001  3.219150e-002  -4.892179e-002  -2.613791e-002  9.686322e-002  1.029900e-001  9.283526e-002  2.430100e-001  2.106283e-001  1.292220e-001  1.645991e-001  1.673152e-001  -4.149470e-001  6.990423e-002  7.839649e-002  -1.545667e-001  -2.165037e-001  -1.215594e-001  -2.145693e-001  -1.972138e-001  -1.805301e-001  -3.574081e-001  -2.943072e-001  3.228963e-002  -4.373296e-001  -3.259106e-001  -2.738061e-001  -6.437112e-001  7.461031e-002  -5.920883e-001  -3.805546e-001  -1.125699e+000  -8.201607e-001  -6.511407e-001  
1
3
15 0 8 10 0 -1
15 0 4 5 0 2
19 5 4 5 0 2
haar_x2_y2
-0.045194  419.282349  64
-6.719685e-001  3.767484e-002  -4.768840e-001  -1.398084e-001  -1.298368e-001  -5.606187e-001  -2.501293e-001  -2.347048e-001  -2.758280e-001  -4.577704e-001  -3.782759e-001  6.937609e-003  1.704069e-001  -2.816050e-001  -1.550895e-002  9.023368e-002  1.587484e-001  -4.665372e-002  3.372366e-001  -4.084066e-002  8.881263e-002  1.276329e-001  1.817402e-001  -1.971282e-002  2.456281e-001  1.575179e-002  1.717981e-001  6.284820e-002  5.115166e-002  1.191547e-001  1.464484e-001  -5.589633e-002  1.117038e-001  8.063461e-002  1.337399e-001  -4.068856e-002  -1.352331e-001  -4.451162e-002  -1.905348e-001  -2.159543e-001  6.250746e-002  9.318885e-002  4.704373e-002  5.432247e-002  -1.773208e-001  -2.448009e-001  -3.001302e-001  -3.373550e-001  3.113720e-001  -4.031959e-001  -2.603636e-001  2.584549e-001  -3.025638e-001  -4.573313e-002  -2.962862e-001  -3.073215e-001  1.742853e-001  -2.972106e-001  -7.388839e-001  -2.358183e-001  5.482294e-001  8.556041e-001  -4.291148e-001  -8.720541e-002  
1
3
14 16 10 8 0 -1
14 16 5 4 0 2
19 20 5 4 0 2
haar_x2_y2
-0.099432  302.908051  64
2.123154e-001  -3.398502e-001  -9.935575e-002  3.846931e-001  3.266486e-001  9.702863e-002  -1.551342e-001  2.012919e-001  1.521290e-001  3.948913e-001  -4.484940e-002  3.564223e-001  1.042774e-001  8.622314e-002  -1.263533e-002  1.824364e-002  6.360743e-002  9.388988e-002  3.345745e-001  5.963716e-002  4.458636e-001  -1.597705e-001  2.093755e-001  6.271560e-002  -2.592003e-002  3.408029e-002  -2.611586e-001  -5.056788e-002  -2.625640e-001  -1.764052e-001  -1.613988e-001  -7.206119e-002  -2.558079e-001  -1.475587e-001  -1.177138e-001  -1.002021e-001  -4.288395e-002  4.234363e-002  -1.014704e-001  -7.524045e-002  1.048375e-001  3.125371e-002  6.563372e-003  2.319102e-001  1.314603e-001  2.780827e-002  5.694827e-001  2.602616e-001  4.457636e-001  7.362480e-002  -8.900202e-002  7.786983e-001  6.447030e-001  5.514692e-001  3.184724e-001  5.664414e-001  -1.009796e-001  2.208942e-001  3.635021e-001  -3.543569e-001  -3.400066e-002  4.534873e-001  -6.353931e-001  3.921547e-001  
-2.044666 
