12 
1
2
16 10 4 9 0 -1
18 10 2 9 0 2
haar_x2
-0.030428  809.826111  64
-3.649718e-001  -4.702930e-001  5.815272e-002  -3.550185e-001  -7.077003e-002  -8.310026e-001  -3.092053e-001  -8.962014e-001  -6.047674e-001  -3.442197e-001  -6.075481e-001  -6.474569e-001  -5.961425e-001  -5.943848e-001  -4.760340e-001  -6.876698e-001  -4.301678e-001  -5.591697e-001  -4.532023e-001  -5.819818e-001  -5.702879e-001  -8.333449e-001  -6.356878e-001  -5.075762e-001  -5.950550e-001  -7.526755e-001  -4.393972e-001  -2.185318e-001  -3.243347e-001  -2.767195e-001  -2.744570e-001  -3.581985e-001  -3.514648e-001  -4.345307e-002  -1.719587e-001  -3.379638e-001  -2.003263e-001  -4.655946e-001  -3.521199e-001  -4.097563e-001  -5.083501e-001  -3.899840e-001  -1.522929e-001  -4.084608e-001  -4.661359e-001  -4.390672e-001  -5.509149e-001  -7.720540e-001  -3.053033e-001  -6.079004e-001  -4.326920e-001  -3.168039e-001  -6.628218e-001  -5.494974e-001  -1.594373e+000  -5.179702e-001  -7.035725e-001  -1.053376e+000  -5.489135e-001  -7.756913e-001  -9.427391e-001  -7.194446e-001  -7.978076e-001  -2.678080e+000  
1
2
0 1 24 16 0 -1
6 1 12 16 0 2
haar_x4
-0.375758  72.509109  64
3.075029e-001  6.370904e-002  1.659019e-001  3.256831e-001  5.236464e-001  4.978023e-001  3.924210e-001  6.537036e-001  1.574700e-002  2.135648e-001  3.494836e-001  2.849895e-001  6.500440e-002  1.909620e-001  1.200136e-001  6.827939e-002  -6.060691e-002  -6.549929e-002  3.264298e-002  -8.580135e-002  2.891626e-002  -1.634440e-001  -1.525610e-001  -3.368343e-001  -3.485244e-001  -6.066488e-002  -3.556025e-001  -2.912568e-001  -1.185045e-002  -7.273136e-002  -1.252459e-001  -1.598078e-001  -2.222558e-001  -2.351089e-001  -1.616992e-001  -6.278957e-002  -2.860547e-001  -2.065170e-001  -1.261347e-001  -1.408659e-001  -3.174427e-001  1.080705e-001  3.621059e-002  2.326275e-001  1.188830e-001  6.350681e-002  2.451952e-001  2.384543e-001  2.455890e-001  5.909426e-001  2.875220e-001  9.628008e-001  5.500136e-001  6.637922e-001  7.565827e-001  1.764336e-001  2.433823e-001  3.372434e-001  -2.374468e-002  9.030736e-001  4.393019e-001  3.379008e-001  5.343539e-001  8.563729e-001  
1
3
6 5 18 6 0 -1
6 5 9 3 0 2
15 8 9 3 0 2
haar_x2_y2
-0.082324  374.715637  64
-5.679678e-001  -7.282210e-001  -7.108076e-001  1.035350e-001  -1.564527e-002  -2.017376e-001  -1.184655e-001  -2.794214e-001  -2.569286e-001  -1.987449e-001  -8.967773e-002  -3.566730e-001  -5.540605e-001  -1.735097e-001  -2.745247e-001  -5.194493e-002  5.253816e-002  -1.097305e-001  -1.110159e-001  -1.793780e-002  -4.023368e-002  -7.813951e-002  -6.354897e-002  6.119495e-002  7.564604e-002  2.352506e-001  -1.365629e-001  1.922298e-001  1.885377e-001  2.562005e-002  1.830924e-001  2.724835e-001  9.632564e-002  1.619385e-001  2.353502e-001  2.733652e-001  1.115112e-001  1.767900e-001  -1.274085e-001  3.375102e-002  4.982169e-002  2.528380e-001  -6.784922e-002  3.739428e-002  2.967597e-002  -1.925181e-001  8.685269e-002  -7.314436e-002  -3.051675e-001  -1.688523e-001  -6.539720e-001  1.609371e-001  -7.841358e-001  1.016665e-002  -8.717851e-001  -1.095448e+000  -6.847523e-001  -7.988842e-001  -6.667519e-001  -9.153942e-001  -6.835888e-001  -1.432925e+000  -8.367528e-001  -7.770354e-001  
1
2
10 10 4 9 0 -1
10 10 2 9 0 2
tilted_haar_x2
-0.054651  413.371552  64
-9.080541e-001  -5.318250e-001  -8.893142e-001  -4.908111e-001  -3.311428e-001  -4.737214e-001  -6.329224e-001  -3.019526e-002  -8.503041e-002  -3.742095e-001  -1.838565e-001  -1.706621e-001  -7.740770e-002  -1.589999e-001  1.627938e-001  2.131527e-001  -1.412514e-001  -1.815314e-001  -1.087020e-001  6.219113e-002  1.671751e-001  2.403323e-001  1.337951e-001  2.226851e-001  -3.336920e-002  1.193446e-001  3.396263e-002  2.489474e-001  1.839778e-001  1.772788e-001  1.967130e-001  2.641830e-001  1.253578e-001  -1.606361e-001  1.100378e-001  1.429237e-001  -5.900103e-002  -1.028978e-001  1.800237e-001  -1.933022e-001  -1.420938e-001  -1.468125e-001  -1.387832e-001  -3.591567e-002  -1.720092e-001  8.168964e-002  -6.268666e-001  -2.797186e-001  1.312445e-002  -2.812185e-002  -3.333603e-002  -1.746282e-001  -6.855066e-001  -3.077446e-001  -1.388614e-001  -3.756797e-001  6.499834e-003  -4.880297e-001  -7.704674e-001  -5.544884e-001  -8.860229e-001  -1.333430e+000  -3.389670e-001  -6.053979e-001  
1
2
16 3 6 14 0 -1
18 3 2 14 0 3
haar_x3
-0.064547  339.958252  64
-8.893964e-001  -4.086148e-001  -3.909939e-001  -2.662449e-001  -6.952781e-001  -1.198536e+000  -5.029135e-001  -7.141442e-001  -6.627566e-001  -4.959063e-001  -5.841472e-001  -2.208133e-001  -1.799913e-001  -4.077365e-001  -6.571881e-002  -1.492470e-001  -2.181360e-001  -1.165434e-001  -4.219850e-002  1.536822e-001  7.646438e-002  1.474816e-001  1.589553e-001  1.170706e-001  5.486098e-002  1.540064e-001  2.435052e-001  1.196270e-001  4.711224e-002  1.271859e-001  -3.579675e-003  2.010684e-001  6.928715e-002  2.946142e-002  4.509615e-003  2.790579e-002  9.778186e-002  -6.484763e-002  -1.410451e-001  -1.870923e-001  -1.011182e-001  8.952052e-002  -2.897111e-001  -6.370964e-002  9.216725e-002  -4.759676e-001  2.327114e-001  -3.315395e-001  -8.064947e-002  3.003295e-001  5.549530e-001  1.786005e-001  1.435753e-001  1.028887e-001  8.009664e-001  2.041647e-001  2.810709e-001  -7.757661e-002  -1.952095e-001  -5.575494e-002  -1.960378e-001  4.181666e-001  -5.803263e-001  1.852636e-001  
1
2
6 2 4 15 0 -1
6 7 4 5 0 3
haar_y3
-0.098716  279.836853  64
4.240964e-001  2.787576e-001  7.097224e-001  2.640334e-001  2.003694e-001  -9.081580e-002  1.313189e-001  2.713576e-001  2.344804e-001  1.996398e-001  -1.462656e-001  -2.733876e-001  1.674594e-001  -7.275081e-002  -4.153416e-001  -5.004713e-002  -3.170818e-002  1.129223e-001  -1.230503e-001  -3.410160e-002  -4.106532e-001  -1.669431e-001  -2.491114e-001  -4.370041e-001  -3.286234e-001  -4.412321e-001  -3.298607e-001  -3.354299e-001  -2.457889e-001  -1.568715e-001  -1.076655e-001  -5.349547e-002  2.977039e-002  7.752270e-003  2.645643e-001  1.677273e-001  1.390704e-001  1.200002e-001  3.269911e-001  7.329299e-002  1.175448e-001  3.644829e-001  1.670446e-001  2.836715e-001  2.888313e-001  1.739604e-001  1.528886e-001  7.570060e-002  7.337939e-003  -1.406533e-001  -2.466859e-002  2.655744e-001  1.407286e-001  4.497471e-002  2.625408e-001  2.269073e-001  1.072239e-001  1.312656e-001  2.261480e-001  4.191231e-001  5.549403e-002  2.300690e-002  -1.008493e-001  1.425639e-001  
1
2
4 19 20 4 0 -1
9 19 10 4 0 2
haar_x4
-0.142723  214.504150  64
4.993408e-001  2.622721e-001  1.410066e-001  3.190586e-001  5.137500e-001  7.589208e-003  1.927898e-001  1.387332e-001  5.832889e-001  1.256175e-001  8.939278e-002  8.636884e-002  1.438480e-002  -3.651660e-002  1.395517e-001  2.848887e-002  -1.869440e-001  7.349674e-002  1.192526e-001  -1.236769e-001  -3.415181e-003  9.827561e-002  -1.242779e-001  -1.619393e-002  -2.437696e-001  -6.969547e-002  -2.460241e-001  -2.005434e-001  -2.050697e-001  -3.955697e-001  -3.177575e-001  -2.015158e-001  -2.985592e-001  -7.407116e-002  -1.132102e-001  -1.097681e-002  -2.160495e-001  1.019375e-001  7.120094e-002  6.531687e-002  2.515967e-001  1.050276e-001  1.413204e-001  2.575984e-002  2.576811e-002  1.412970e-001  6.992672e-002  2.918010e-001  3.238966e-001  3.562946e-001  2.977811e-001  2.176221e-001  6.493302e-001  6.747956e-001  2.945533e-001  3.266616e-001  6.052327e-001  4.761707e-001  4.427173e-001  1.811238e-001  3.684442e-003  6.987144e-001  4.528486e-001  2.292863e-001  
1
2
8 17 9 6 0 -1
8 19 9 2 0 3
haar_y3
-0.117151  306.794983  64
9.020997e-001  4.899824e-001  5.167897e-001  4.437072e-001  1.098659e+000  7.342705e-001  8.230272e-001  9.137260e-001  4.928487e-001  7.525352e-001  5.407407e-001  6.781569e-001  5.241622e-001  6.575494e-001  4.402475e-001  2.422823e-001  2.487644e-001  5.675926e-001  -8.201314e-002  1.865970e-001  4.661264e-001  1.415243e-001  2.037289e-001  1.271548e-001  2.970376e-001  -1.570933e-002  1.059613e-001  1.139297e-001  1.054089e-001  -7.459123e-002  -2.983874e-001  3.987126e-002  -1.747960e-001  -3.167854e-001  -2.061629e-001  -1.999142e-001  -2.982955e-001  -5.541558e-002  -1.054975e-001  8.684503e-002  1.284481e-001  2.760289e-002  1.998605e-002  9.422249e-002  3.116964e-001  4.118291e-001  1.447312e-001  1.572177e-001  1.457777e-001  6.300891e-002  7.775430e-002  -1.261210e-001  1.605576e-001  2.254295e-001  -3.952394e-002  -5.802126e-002  -5.295125e-001  -8.554262e-003  -2.713956e-001  -4.216494e-001  -1.778983e-001  -1.490451e-001  -4.433461e-001  -1.641462e-003  
1
2
15 18 9 6 0 -1
15 20 9 2 0 3
haar_y3
-0.054302  444.339935  64
-5.772533e-001  1.362891e-001  -1.658196e-001  -4.162177e-001  -8.539380e-001  -5.516515e-001  -3.997479e-001  -1.854885e-001  -6.196887e-001  -1.825182e-001  -1.068430e-001  -3.547025e-001  -1.932413e-002  -9.932718e-002  -4.701452e-002  7.730931e-002  -1.624864e-001  1.447863e-001  6.694974e-002  4.723536e-002  1.262192e-001  2.037504e-001  1.679240e-001  1.420743e-001  1.468959e-001  7.301693e-002  1.282134e-001  7.892507e-002  2.099559e-001  -1.578200e-002  8.622841e-002  4.331061e-002  1.970268e-001  2.750124e-002  -2.753116e-001  -4.824043e-001  -2.006339e-001  -3.178487e-001  -9.482528e-002  -1.925239e-001  -6.799961e-001  -6.483527e-001  -4.046226e-001  -4.386195e-001  -4.788833e-001  -7.294252e-001  -5.722931e-001  -3.830777e-001  -6.483037e-001  -1.098748e+000  -9.132184e-001  -3.607286e-001  -6.817678e-001  -2.204165e-001  -5.800236e-001  -7.766088e-001  -4.153768e-001  -2.206890e-001  -1.014994e-001  -2.677946e-001  -1.292665e-001  -6.158388e-001  -3.596845e-002  7.580315e-002  
1
2
5 0 6 9 0 -1
7 0 2 9 0 3
haar_x3
-0.055429  639.883545  64
-9.470217e-001  -1.187685e+000  -5.587775e-001  -3.277963e-001  -5.497401e-001  -7.356045e-001  -3.716133e-001  -4.856470e-001  3.902976e-002  -2.840987e-001  1.571577e-001  -7.587220e-003  2.309281e-001  1.530543e-002  2.098456e-001  -1.063806e-001  -2.376862e-003  5.672762e-002  1.598463e-001  7.522942e-002  1.626210e-001  3.405312e-002  1.436818e-002  1.886597e-001  1.422563e-001  8.013343e-002  2.869215e-001  1.413220e-001  2.229142e-001  2.330199e-001  8.665546e-002  1.022853e-001  3.801723e-002  2.614273e-002  -4.089936e-002  -1.257172e-001  -3.249787e-001  -7.103752e-002  -8.464687e-002  -9.497067e-002  -2.186015e-001  -1.335059e-001  -7.429966e-002  -3.642649e-002  -1.933631e-001  -2.523671e-001  -1.289714e-001  -1.506465e-001  -2.277327e-001  1.666280e-001  -3.235912e-001  -4.974052e-001  -3.546981e-001  -4.406372e-001  -9.290885e-002  -3.456497e-001  -4.658601e-001  -4.799760e-001  -6.002100e-001  -8.935371e-001  -3.209393e-001  -4.245487e-001  -1.921660e-001  -1.187373e+000  
1
2
6 3 12 5 0 -1
10 3 4 5 0 3
haar_x3
-0.042083  316.648804  64
2.493632e-001  9.938137e-002  3.352839e-001  8.753865e-002  3.141384e-001  1.510029e-001  -8.518810e-002  2.250340e-001  2.398060e-001  2.360094e-001  1.868880e-001  1.355570e-001  5.070835e-002  2.766950e-001  2.253138e-001  1.003191e-001  3.774664e-003  1.010006e-002  -1.684387e-001  -1.462018e-001  -1.735956e-001  -2.138345e-001  -1.780773e-001  -2.272864e-001  -2.034182e-001  -2.060715e-001  -2.108503e-001  -1.797252e-001  -2.047749e-001  1.118210e-002  -1.001373e-001  -1.074454e-001  -9.831309e-002  -1.721488e-001  -1.159441e-001  -2.013302e-001  -9.495024e-002  -1.273965e-001  -4.791950e-002  9.564544e-004  8.405882e-002  6.335602e-002  7.228208e-003  3.677537e-002  -4.547596e-002  3.666311e-002  2.983821e-001  6.083282e-001  7.002892e-001  6.101928e-001  4.015983e-001  6.745059e-001  3.001924e-001  2.806792e-001  9.715446e-001  -6.409315e-001  2.726819e-001  1.444522e+000  3.483382e-001  2.931618e-001  5.512584e-001  1.119401e+000  8.639086e-002  1.030894e+000  
1
2
13 3 6 8 0 -1
13 7 6 4 0 2
haar_y2
-0.048171  409.098938  64
2.588360e-001  3.329552e-001  3.793263e-001  5.082707e-001  1.728173e-001  -2.534813e-001  -3.146411e-001  2.069319e-001  -1.392867e-001  6.345861e-002  -2.056216e-001  5.592918e-002  3.220027e-002  -2.335252e-001  -2.625342e-003  -4.763393e-001  -3.114369e-001  -2.660310e-001  -3.424794e-001  -4.248937e-001  -2.882803e-001  -2.666276e-001  -2.382215e-001  -1.933551e-001  -2.012698e-001  -1.778518e-001  -3.652170e-002  1.338750e-001  1.709045e-001  1.599542e-001  3.212940e-001  2.784127e-001  1.469410e-001  9.021522e-002  4.189834e-001  1.818683e-001  1.538897e-001  1.015546e-001  -1.303280e-002  1.682749e-001  5.630782e-002  1.170573e-001  3.972385e-003  -4.219224e-002  9.137553e-002  -6.073602e-002  3.060220e-002  -3.210090e-001  -2.292082e-001  -4.976650e-002  -1.691215e-001  -7.967095e-002  -1.859778e-001  -2.920802e-001  -4.992955e-002  -2.881761e-001  -2.320766e-001  -1.896006e-001  -5.596668e-001  -6.759732e-001  -7.074735e-001  -4.419985e-001  -7.125534e-001  -8.658146e-001  
-2.138918 
