4 
0
1
2
6 1 12 8 0 -1
10 1 4 8 0 3
haar_x3
-0.065213  261.965302  64
-2.043823e+000  -1.386765e+000  -1.371125e+000  -1.468447e+000  -1.505874e+000  -1.329186e+000  -1.250912e+000  -1.327533e+000  -1.266809e+000  -1.221786e+000  -1.134138e+000  -1.035024e+000  -1.118603e+000  -1.115077e+000  -1.162822e+000  -1.060626e+000  -1.237032e+000  -1.444245e+000  -9.180219e-001  -6.776193e-001  -5.782709e-001  -3.016919e-001  -1.436226e-001  -6.242220e-002  1.256732e-001  2.720074e-001  2.912462e-001  4.672433e-001  4.719847e-001  5.938638e-001  6.628179e-001  7.401085e-001  8.073050e-001  9.353652e-001  8.535791e-001  9.372343e-001  9.543813e-001  1.018463e+000  9.672390e-001  1.017889e+000  1.002010e+000  1.137315e+000  9.141776e-001  1.047764e+000  9.377851e-001  8.552279e-001  1.018675e+000  7.597528e-001  6.684512e-001  8.453391e-001  6.201881e-001  6.619476e-001  5.115609e-001  6.652139e-001  4.307603e-001  6.416518e-001  6.275664e-001  4.503565e-001  4.230391e-001  3.941425e-001  3.920991e-001  4.338472e-002  -1.245851e-002  -4.841933e-002  
0
1
2
0 0 6 16 0 -1
3 0 3 16 0 2
haar_x2
-0.213948  132.212311  64
7.377955e-001  8.806367e-001  1.124973e+000  1.240788e+000  8.816140e-001  1.260040e+000  8.205913e-001  9.491319e-001  1.014988e+000  8.933156e-001  8.226184e-001  8.648264e-001  5.728921e-001  5.927691e-001  5.300007e-001  1.928736e-001  1.696857e-001  1.702720e-001  1.849555e-001  9.746300e-002  -2.196398e-001  -2.965304e-001  -4.135345e-001  -4.330284e-001  -6.548544e-001  -6.763810e-001  -7.748339e-001  -8.437064e-001  -1.025907e+000  -7.138374e-001  -5.634338e-001  -3.954409e-001  -2.172017e-001  2.800950e-002  2.602273e-001  3.792776e-001  5.220643e-001  6.433530e-001  8.149309e-001  7.251254e-001  8.424888e-001  1.013949e+000  1.292255e+000  1.249206e+000  1.417095e+000  1.915615e+000  1.391984e+000  1.992841e+000  1.531121e+000  1.721653e+000  1.561587e+000  1.837921e+000  1.904021e+000  1.161477e+000  1.408658e+000  1.135707e+000  1.335801e+000  9.043618e-001  9.719989e-001  9.225031e-001  7.936388e-001  2.999438e-001  6.417365e-001  6.752631e-001  
0
1
2
1 4 23 10 0 -1
1 9 23 5 0 2
haar_y2
-0.211590  118.798683  64
-2.696001e+000  -1.631606e+000  -1.792367e+000  -1.538006e+000  -1.762010e+000  -1.705660e+000  -1.628148e+000  -1.437064e+000  -1.550807e+000  -1.512945e+000  -1.518576e+000  -1.471539e+000  -1.185793e+000  -1.008250e+000  -9.942311e-001  -1.045273e+000  -9.477615e-001  -8.153871e-001  -6.090716e-001  -6.658973e-001  -5.858538e-001  -5.207746e-001  -5.863435e-001  -3.246118e-001  -2.474582e-001  -1.874865e-001  -1.274062e-001  -6.746557e-002  1.688881e-001  1.969562e-001  3.209589e-001  2.874539e-001  4.494196e-001  5.534274e-001  6.985025e-001  7.027723e-001  7.868977e-001  6.925195e-001  5.280290e-001  6.592352e-001  8.387718e-001  7.516102e-001  6.598150e-001  6.573591e-001  7.310591e-001  4.515095e-001  7.986221e-001  6.155429e-001  5.729542e-001  4.305181e-001  3.851492e-001  5.135024e-001  6.975173e-001  5.821084e-001  5.123484e-001  2.214058e-001  3.685953e-001  4.587219e-001  5.746735e-001  -3.602368e-001  2.953429e-001  1.672599e-001  -2.150880e-001  -4.227275e-001  
0
1
2
0 14 24 9 0 -1
6 14 12 9 0 2
haar_x4
-0.421733  75.981232  64
1.716258e+000  1.374784e+000  1.586237e+000  1.444049e+000  1.650693e+000  1.675243e+000  1.212387e+000  1.271520e+000  1.010059e+000  1.435964e+000  1.680916e+000  1.154661e+000  8.142720e-001  9.621061e-001  8.784646e-001  7.143373e-001  8.716277e-001  7.343619e-001  6.632925e-001  5.326593e-001  2.685683e-001  3.455278e-001  3.300045e-001  1.622520e-001  -5.378749e-002  -2.088315e-001  -2.300594e-002  -3.567179e-001  -3.498280e-001  -4.421939e-001  -6.095008e-001  -6.499920e-001  -6.640827e-001  -6.057116e-001  -6.594089e-001  -4.849916e-001  -4.533688e-001  -2.985519e-001  -3.330944e-001  -7.256211e-002  3.104576e-002  5.000984e-002  4.387912e-002  3.888933e-001  -4.110222e-002  2.111802e-001  4.537513e-002  4.938850e-001  9.881034e-001  9.703295e-001  5.031999e-001  8.058274e-001  4.140880e-001  9.516611e-001  8.773164e-001  1.260444e+000  1.660848e+000  8.162416e-001  6.870924e-001  1.270570e+000  1.125004e+000  4.352511e-001  1.030074e+000  1.113167e+000  
-1.814183 
