3 
1
2
0 0 4 15 0 -1
2 0 2 15 0 2
haar_x2
-0.098121  230.632095  64
-3.671530e-001  1.479514e-001  -1.279581e-001  9.227421e-002  -4.292228e-001  -4.551897e-001  -6.415598e-001  -1.502062e-001  -1.543576e-001  -2.628548e-001  -3.613254e-001  -5.970398e-001  -7.917135e-001  -6.970739e-001  -7.607495e-001  -6.348928e-001  -8.566693e-001  -8.517943e-001  -8.314031e-001  -8.851622e-001  -9.735602e-001  -1.023011e+000  -1.247312e+000  -9.749086e-001  -8.278452e-001  -5.873849e-001  -4.231355e-001  -3.213535e-001  -5.469622e-002  -3.097508e-002  1.160021e-001  2.996465e-001  2.081624e-001  3.261878e-001  5.174593e-001  2.624008e-001  5.721326e-001  4.765787e-001  4.811661e-001  6.332102e-001  9.036701e-001  5.673362e-001  6.578386e-001  6.883180e-001  8.531140e-001  8.070316e-001  7.425022e-001  4.241047e-001  2.901107e-001  7.745266e-001  3.480712e-001  5.619053e-001  5.368949e-002  4.953098e-001  3.054350e-001  3.892781e-001  4.383761e-001  2.972936e-001  2.927074e-001  2.469196e-001  -3.269011e-003  3.136405e-001  7.761515e-002  3.717941e-002  
1
2
8 0 8 6 0 -1
8 3 8 3 0 2
haar_y2
-0.100415  309.968475  64
-2.779458e-002  1.356081e-001  6.175715e-001  5.595662e-002  6.925323e-003  4.668385e-001  3.842395e-001  6.989173e-001  2.853284e-001  6.502444e-001  8.186476e-001  4.939573e-001  8.025600e-001  9.580864e-001  7.063203e-001  8.027658e-001  7.010919e-001  6.070790e-001  7.260461e-001  5.766716e-001  7.763179e-001  6.827893e-001  8.250709e-001  2.878863e-001  4.246580e-001  2.429496e-001  1.152008e-001  -9.258747e-002  -1.548880e-001  -3.010625e-001  -6.441960e-001  -7.752203e-001  -6.294439e-001  -5.586246e-001  -8.158548e-001  -7.895719e-001  -8.250496e-001  -7.792000e-001  -8.194536e-001  -6.431050e-001  -7.509160e-001  -6.980228e-001  -5.431127e-001  -5.319363e-001  -5.114768e-001  -4.589823e-001  -4.007884e-001  -1.570856e-001  -3.829813e-001  -1.624951e-001  2.911259e-001  -2.689599e-002  2.423188e-001  -6.877110e-002  -1.313922e-001  4.709062e-001  -3.783550e-001  5.364280e-001  -2.236179e-001  1.807782e-001  -2.134872e-001  3.670753e-002  -5.627767e-002  -9.763470e-001  
1
2
3 7 18 12 0 -1
3 10 18 6 0 2
haar_y4
-0.129431  180.374039  64
-1.657169e+000  -5.922525e-001  -7.177145e-001  -8.847412e-001  -1.333810e+000  -1.359478e+000  -1.310333e+000  -1.202289e+000  -1.017470e+000  -1.398253e+000  -1.022499e+000  -1.214214e+000  -6.082921e-001  -1.151751e+000  -7.282419e-001  -1.060861e+000  -1.292059e+000  -1.007628e+000  -9.285038e-001  -6.758764e-001  -7.684158e-001  -6.811662e-001  -6.641272e-001  -5.465786e-001  -5.410129e-001  -2.994072e-001  -2.355766e-001  9.421143e-002  2.282581e-001  -1.510953e-002  2.955619e-001  4.226793e-001  2.819925e-001  5.482251e-001  4.713946e-001  5.013295e-001  5.183385e-001  5.790275e-001  4.393390e-001  3.806161e-001  5.199829e-001  1.249086e-001  3.636416e-001  7.119653e-001  4.112040e-001  4.626586e-001  1.600876e-001  -3.270677e-002  1.174679e-001  -7.211111e-002  1.503435e-002  1.051688e-001  3.335998e-002  -2.598228e-001  -5.403122e-001  -7.273474e-001  8.468390e-003  -1.027708e+000  -8.753096e-001  -6.403287e-001  -7.038112e-001  -7.294059e-001  -9.144315e-001  -1.487346e+000  
-2.160344 
