34 
0
1
2
2 4 6 20 0 -1
4 4 2 20 0 3
haar_x3
-0.112462  246.943420  64
-1.361242e+000  -1.235257e-001  -9.858146e-001  -8.968664e-001  -3.403219e-001  -8.536004e-001  -3.762831e-001  -3.010347e-001  -2.224103e+000  -6.514361e-001  -6.472358e-001  -7.475937e-001  -6.497903e-001  -1.105726e+000  -3.721109e-001  -6.566513e-001  -6.192386e-001  -7.474328e-001  -9.138773e-001  -5.905883e-001  -1.293443e+000  -5.836280e-001  -1.024502e+000  -6.176773e-001  -7.768950e-001  -5.379926e-001  -4.098064e-001  -7.232988e-001  -5.843619e-001  -8.011197e-001  -7.512513e-001  -4.960792e-001  -7.504662e-001  -6.288741e-001  -4.410782e-001  -7.612848e-001  -4.627306e-001  -4.930644e-001  -9.843925e-001  -5.530609e-001  -9.852635e-001  -8.491867e-001  -8.596822e-001  -1.481838e+000  -2.462990e-001  -1.249985e+000  -6.548626e-001  -5.370902e-001  -6.285242e-001  -2.793701e+000  -5.473971e-001  -1.542622e+000  -1.013121e+000  -8.483574e-001  -5.221593e-001  -5.331623e-002  -2.318508e+000  -5.152618e-001  -3.794907e-001  -5.558742e-001  7.046495e-002  -3.049677e-001  -3.641097e-001  -1.330546e+000  
0
1
2
4 0 6 17 0 -1
7 0 3 17 0 2
haar_x2
-0.085538  293.764069  64
2.966222e-001  -1.233520e+000  -8.957204e-001  -9.973685e-002  1.381944e-001  3.901184e-002  -1.164504e+000  -2.299954e-001  -1.093241e+000  3.079169e-001  3.870330e-001  1.805888e-001  8.532325e-002  1.660080e-001  3.620498e-001  -2.191008e-001  1.977203e-001  8.409625e-002  1.874748e-001  6.542173e-002  -1.308961e-002  1.169304e-001  1.732530e-002  -4.096609e-002  2.728247e-002  -2.277398e-001  2.083163e-001  -2.991790e-001  6.138345e-002  1.128617e-001  2.801164e-001  2.914034e-001  4.977017e-001  3.270087e-001  -2.055781e-002  8.505890e-002  1.690288e-001  -2.628499e-002  3.590040e-001  -1.829402e-001  1.694323e-001  -2.820212e-002  -5.430060e-002  -7.284325e-001  4.586925e-002  1.897472e-001  -7.793061e-001  -1.024594e-001  2.146973e-001  1.888183e-002  2.868304e-001  -8.183240e-001  9.197836e-002  -4.269418e-001  1.167546e-001  4.507903e-001  7.463083e-001  2.793452e-001  1.050472e+000  9.264854e-001  3.977053e-001  5.484096e-001  9.844917e-002  6.251811e-001  
0
1
2
0 10 24 6 0 -1
0 12 24 2 0 3
haar_y3
-0.095137  284.565643  64
3.721624e-001  1.988449e-001  -1.376455e+000  1.591838e-001  4.080228e-001  -7.199862e-002  -6.810543e-001  1.841321e-001  2.294370e-001  2.276837e-001  5.615665e-001  -2.414082e-001  -5.273978e-001  2.721710e-001  -6.504402e-001  4.962489e-001  1.459341e-001  -5.251870e-001  8.089257e-003  3.273593e-001  1.102869e-001  -2.054182e-002  2.247261e-001  -4.386054e-002  1.669096e-001  -1.196446e-001  6.161999e-002  1.196303e-001  -9.620362e-002  2.352950e-001  3.150426e-001  3.297801e-002  -1.248220e-001  1.027678e-001  5.036070e-002  2.217662e-001  -2.947721e-002  -3.135398e-001  1.273907e-001  4.170819e-001  -7.917861e-002  2.644184e-001  4.511833e-001  -3.516611e-001  3.782125e-001  -1.690125e-001  1.861855e-001  -1.681670e-001  2.362411e-001  6.662544e-003  5.068048e-001  2.829921e-001  2.554473e-001  2.955358e-001  -9.919428e-001  -4.500892e-001  4.764883e-001  -1.933107e-001  -5.722999e-001  6.559751e-002  2.832068e-001  -2.538505e-001  -5.268717e-001  -7.625914e-001  
0
1
2
1 10 6 9 0 -1
4 10 3 9 0 2
haar_x2
-0.115816  251.776474  64
5.562780e-002  -2.203355e-001  6.132934e-001  -6.252356e-001  -1.318197e-001  -1.403611e-001  -2.262227e-001  -8.154419e-001  -5.080910e-001  4.432318e-001  3.499276e-001  1.984985e-002  8.014911e-001  7.648351e-002  1.900917e-001  3.012977e-001  5.443377e-001  -3.775539e-001  1.950328e-001  3.372244e-001  -4.824018e-001  1.349954e-001  2.724302e-001  2.130612e-003  4.622482e-002  -1.812185e-001  6.524756e-002  -6.257042e-002  -1.715494e-001  -1.710487e-001  -3.303959e-003  -1.798188e-001  1.295325e-001  -9.623627e-002  1.540868e-001  1.868082e-001  5.405661e-002  -2.786099e-001  3.128971e-001  -2.758424e-001  2.936829e-002  2.569430e-001  -1.552567e-002  1.698153e-001  8.792499e-002  4.326912e-002  1.185468e-001  2.005724e-001  -5.239974e-002  1.750393e-002  1.869857e-001  4.848497e-002  2.024954e-001  1.443708e-001  1.027377e-001  5.885024e-001  1.990667e-001  6.814876e-001  -2.759671e-001  -3.938212e-001  1.087638e-001  1.126212e+000  3.217933e-001  4.654771e-001  
0
1
2
11 6 6 14 0 -1
13 6 2 14 0 3
haar_x3
-0.075215  333.282257  64
4.611993e-002  3.396873e-001  7.364286e-001  -8.514026e-002  1.250601e-001  9.085512e-001  4.151953e-001  4.950613e-001  3.409732e-001  1.623229e-001  3.646507e-001  -1.488500e-001  2.395487e-001  4.153366e-002  3.043793e-001  4.196621e-002  6.348949e-002  1.575942e-001  -1.770339e-002  1.171175e-001  2.394493e-001  1.654263e-001  -5.396355e-003  1.474762e-002  -1.979465e-001  -1.568927e-001  -5.373931e-002  -2.187696e-001  -1.879959e-001  2.232625e-002  1.326472e-001  1.089223e-001  2.643163e-001  -1.691051e-001  -2.793633e-001  1.340142e-001  -1.217132e-001  -2.599782e-001  -3.565035e-001  5.274685e-002  -7.013378e-002  3.741658e-001  -1.296982e-001  3.006343e-001  -7.501145e-002  2.964423e-001  8.367114e-003  -5.840932e-001  6.682269e-001  8.243060e-001  2.834754e-001  -8.195169e-001  -3.804033e-001  3.711519e-001  2.115008e-001  7.427669e-001  7.161705e-001  9.830138e-001  5.950687e-001  -9.827768e-001  -2.209947e-001  2.263755e-001  6.185795e-001  9.436850e-001  
0
1
2
9 13 9 2 0 -1
9 13 9 1 0 2
tilted_haar_y2
-0.017829  1531.286377  64
-6.410851e-001  -1.415088e-001  2.099179e-001  7.055984e-003  4.979735e-001  4.243314e-001  -1.726732e-001  -6.784004e-001  1.569960e-001  5.350240e-002  -1.369901e-001  5.282687e-002  2.582506e-001  -3.427834e-001  1.491536e-002  2.529991e-001  -2.051892e-001  -5.993897e-002  1.444520e-002  -9.257549e-002  1.512455e-001  1.331555e-001  2.989003e-001  3.092694e-002  1.441306e-001  8.714850e-002  1.780358e-001  1.021440e-001  1.777223e-002  1.680358e-002  1.112719e-001  1.319355e-001  2.660943e-002  1.009514e-001  1.287199e-002  3.085107e-001  1.809386e-001  -2.096948e-001  1.807261e-001  -1.059518e-001  1.393929e-001  -8.643883e-002  -5.336852e-002  -2.497966e-001  -1.216437e-001  -2.807696e-001  -3.938594e-001  -5.041889e-001  2.298418e-001  2.095047e-001  -4.384325e-001  -2.879459e-001  -4.945024e-001  1.006032e-001  -7.545996e-002  3.046960e-001  3.118047e-002  -6.001000e-001  -3.090507e-001  -2.250440e-001  -1.032055e-001  -4.608640e-001  -2.228860e-001  1.093247e-001  
0
1
2
10 4 4 19 0 -1
12 4 2 19 0 2
haar_x2
-0.074075  371.722565  64
7.709121e-002  7.450668e-001  -7.908431e-001  3.880829e-001  8.266701e-001  2.352917e-001  4.247588e-001  -3.001907e-001  -1.965439e-001  6.138858e-001  2.263174e-001  -2.167086e-001  -1.576872e-002  1.483847e-002  -1.331349e-001  1.142061e-002  2.116126e-001  2.238194e-001  3.710670e-002  -3.991013e-001  -2.026847e-001  1.296015e-001  -9.352762e-002  -2.776191e-001  -8.388367e-002  -4.728248e-002  -9.788221e-002  -5.196483e-002  1.433771e-002  -3.440307e-002  3.097012e-001  -1.025164e-001  -1.488644e-001  6.496960e-002  1.440932e-001  2.944353e-001  1.176852e-001  3.985400e-001  2.411637e-001  1.874312e-001  -2.374078e-001  1.852747e-001  -1.478441e-001  -5.532902e-002  9.089892e-002  -2.495919e-001  2.094456e-001  -4.446053e-001  3.312016e-001  3.497798e-001  2.597390e-002  -7.390122e-002  -4.467685e-002  5.628364e-001  5.032432e-002  8.134161e-001  -1.807294e-001  2.846891e-001  -4.606979e-001  3.310642e-001  -4.800912e-001  6.930691e-001  8.246447e-001  1.179759e-001  
0
1
2
0 1 9 10 0 -1
3 1 3 10 0 3
haar_x3
-0.174695  168.466156  64
2.145546e-001  1.190209e+000  5.510507e-001  1.054099e-001  7.621612e-002  -4.265927e-001  7.587261e-002  4.647750e-001  3.483147e-001  9.900266e-002  4.578503e-001  -1.550703e-001  -1.244086e-001  3.310767e-002  -2.381025e-001  -7.658536e-002  -2.836469e-001  -1.436598e-001  1.129447e-001  -1.031230e-001  -1.213371e-001  -1.823505e-001  -9.347818e-002  -1.310804e-001  -2.455477e-001  -2.244829e-002  -4.334903e-002  -2.704716e-001  -1.544851e-001  -1.598399e-001  1.063096e-001  -1.904849e-001  9.626926e-002  7.901755e-002  1.868774e-002  -5.222788e-002  1.160131e-001  -1.188304e-001  -5.806015e-002  5.636719e-002  1.754372e-001  1.501002e-001  8.519337e-002  2.508119e-001  2.969849e-001  4.478079e-001  -9.650735e-002  3.183083e-001  -4.064550e-002  3.100939e-001  5.889344e-001  -3.455879e-001  5.537427e-001  3.354458e-001  1.133639e+000  3.364937e-001  1.840540e-001  8.266494e-001  3.601183e-001  9.516158e-001  3.476155e-001  -4.900821e-003  3.167832e-001  -5.151543e-002  
0
1
2
2 4 6 20 0 -1
4 4 2 20 0 3
haar_x3
-0.112462  246.943420  64
1.108452e-001  9.330176e-003  3.309573e-002  -3.269106e-001  -4.325154e-001  -2.152498e-001  -1.172147e-001  9.676743e-003  3.168584e-001  -8.784202e-002  1.509228e-001  8.366527e-003  -6.043059e-002  2.911317e-002  -2.582694e-001  -1.271969e-002  -9.446400e-002  8.888888e-002  -1.266203e-001  4.056330e-002  3.335517e-001  -7.390188e-002  1.401970e-001  -3.422011e-002  2.784677e-002  -8.209532e-002  -4.275814e-002  2.314691e-002  -5.090618e-002  -4.759122e-002  1.328070e-001  -6.819614e-002  2.266985e-002  -3.858041e-002  -1.627935e-001  -7.565816e-002  -6.916486e-002  -1.663567e-001  1.480218e-001  -2.303233e-001  4.387874e-001  2.506489e-001  -1.313078e-001  6.125052e-001  -2.638102e-001  1.106228e-001  -2.475387e-001  -2.402214e-001  -2.539260e-001  5.404818e-001  -4.800828e-001  8.212307e-002  -2.999906e-001  -3.951526e-001  -3.655196e-001  -3.067049e-001  9.025767e-002  -3.263276e-001  -4.632436e-001  -3.743106e-001  4.880647e-002  -3.453568e-001  -6.447685e-001  -3.735456e-002  
0
1
2
5 1 12 7 0 -1
9 1 4 7 0 3
haar_x3
-0.064002  314.577637  64
-8.731715e-002  -3.015736e-002  -8.539037e-001  -2.976514e-001  -2.222360e-002  9.157215e-002  3.421456e-001  2.046042e-001  1.014872e-001  4.664924e-001  1.253754e-001  3.198171e-001  1.052343e-001  2.377285e-002  -4.621854e-001  -2.114406e-001  1.025682e-002  -4.359399e-001  -1.380760e-001  9.145546e-002  -1.124674e-001  1.143589e-001  -1.296658e-001  -1.805748e-001  -2.457503e-001  4.725337e-002  -1.121229e-001  1.193495e-001  1.404876e-001  2.110755e-001  2.565753e-001  -4.179719e-002  -8.545575e-002  9.725966e-003  1.112849e-001  1.960265e-001  9.667127e-002  1.817870e-001  2.081393e-001  -1.482031e-001  -3.050126e-002  -1.173169e-002  3.001035e-002  2.391739e-001  1.310721e-001  -4.350584e-001  -9.263514e-002  -1.621692e-001  3.710901e-001  8.643428e-002  3.988518e-001  -1.017929e-001  1.282601e-001  1.789500e-001  1.873690e-001  -1.099999e-001  -1.130256e-001  2.275955e-001  3.092409e-001  -9.205172e-002  2.054587e-001  7.131785e-002  -5.597466e-001  -5.897718e-001  
0
1
2
4 8 9 9 0 -1
7 8 3 9 0 3
haar_x3
-0.087000  365.122131  64
-4.331610e-001  3.433425e-001  4.033808e-001  2.355201e-001  5.772615e-002  6.749697e-001  -5.901387e-002  2.749355e-001  2.624544e-001  3.786006e-001  2.493714e-001  1.308159e-001  -2.160773e-002  3.836337e-001  1.673530e-001  3.733039e-001  -2.130474e-001  2.748059e-001  9.739864e-002  1.994029e-001  9.910807e-002  2.958705e-002  -9.906359e-002  -8.408855e-003  8.754370e-002  4.724930e-002  4.630899e-002  -1.018651e-001  -4.869996e-002  5.532987e-002  -1.236475e-001  -1.518193e-001  -1.457761e-001  -1.121396e-001  -3.408070e-002  -1.578763e-002  -1.140880e-001  -4.606484e-002  -2.710698e-001  7.153657e-002  2.771916e-001  -4.558384e-002  1.303896e-001  -1.471368e-001  -1.638226e-001  -9.922631e-002  3.441676e-001  -1.257775e-001  -1.830862e-001  -5.478556e-002  9.499380e-002  -1.748414e-001  2.797350e-001  6.878521e-002  8.502663e-001  6.311316e-001  2.360627e-001  6.092934e-001  7.602406e-001  -3.873470e-002  4.821352e-001  -9.113542e-001  6.538734e-001  1.629888e-001  
0
1
2
19 12 5 6 0 -1
17 14 5 2 0 3
tilted_haar_y3
-0.057522  509.393951  64
-1.430804e-001  2.377946e-001  -6.148742e-001  -7.105299e-001  -6.349842e-002  -1.615102e-001  -2.602917e-001  -3.515110e-001  7.263930e-002  1.019781e-001  -3.311080e-001  1.881593e-002  -2.271747e-001  -8.736464e-002  1.316882e-001  1.475404e-001  3.009870e-002  -4.473473e-002  -3.223135e-001  -1.458483e-001  -4.676186e-002  -7.887919e-002  6.368773e-002  2.459478e-001  2.782462e-002  1.631036e-001  1.735180e-001  6.056100e-002  3.872398e-002  5.532053e-002  -5.829890e-002  1.446090e-001  -9.915853e-002  8.858152e-002  2.449518e-001  -8.123186e-002  2.091924e-001  1.227416e-001  5.490483e-002  9.032882e-002  1.092605e-001  6.210622e-002  1.357651e-001  -3.577189e-001  -3.583537e-002  6.602819e-002  -1.599928e-001  -6.663935e-002  -1.969432e-001  -1.971144e-001  3.099443e-001  1.511464e-001  -8.368865e-002  6.510407e-001  5.365984e-001  -3.030562e-001  -1.008694e+000  -3.930489e-001  -2.668967e-001  1.141943e-001  -7.415338e-001  -1.053217e+000  -1.884881e-001  -3.434003e-001  
0
1
2
8 13 14 6 0 -1
8 15 14 2 0 3
haar_y3
-0.097863  296.858093  64
-2.187140e-002  3.126048e-001  3.284038e-002  1.727910e-001  4.914087e-001  -1.113580e-001  2.575082e-001  4.509913e-001  5.254916e-001  6.096808e-001  3.327887e-001  1.603134e-001  -2.386421e-001  3.331797e-001  -2.201466e-001  3.008199e-001  -2.021871e-001  1.934187e-002  1.285720e-001  2.312829e-001  -3.049594e-002  2.310277e-001  9.473370e-003  1.340876e-001  1.544124e-001  -2.314686e-001  -2.386192e-002  -1.753032e-001  -1.987663e-001  -1.644777e-001  -1.368272e-002  -7.326071e-003  -1.402681e-002  -6.382468e-002  -7.065440e-002  1.086582e-001  7.997599e-002  -5.568948e-002  1.180840e-001  1.879341e-001  4.867476e-002  1.632311e-001  2.232273e-001  -2.270525e-001  2.574692e-001  3.961014e-001  2.927389e-001  2.844828e-002  -2.845121e-001  2.500949e-001  7.304264e-001  1.055727e+000  4.685695e-002  5.232033e-001  -1.166862e-001  8.065102e-001  -1.623315e-002  6.705080e-001  6.536851e-001  2.106548e-001  7.443165e-001  1.890742e-001  6.559221e-001  9.123502e-001  
0
1
2
8 10 4 14 0 -1
10 10 2 14 0 2
haar_x2
-0.044830  666.561523  64
-2.978018e-001  2.408119e-001  -3.820962e-001  -6.165414e-001  3.594994e-001  2.614645e-001  -5.809708e-001  -3.183961e-001  -4.627021e-001  -2.652046e-001  1.031308e-001  1.013875e-001  1.951594e-002  -9.537573e-002  -3.039152e-001  2.394475e-001  -1.927874e-001  -3.638190e-001  -2.295795e-002  5.270904e-002  -1.441405e-001  6.896221e-002  2.965412e-001  2.270685e-001  -4.482580e-002  1.620801e-001  1.061737e-001  1.508400e-001  8.396889e-002  8.371018e-004  -6.238294e-003  -5.435289e-002  5.702376e-002  -3.842717e-002  1.666678e-001  8.385473e-002  -4.477691e-002  -2.043720e-001  1.463441e-002  -2.047996e-002  -1.021096e-001  1.063969e-001  -7.912811e-003  5.417996e-002  -1.433299e-001  -1.882779e-001  -1.277877e-001  -7.185453e-002  -3.866774e-001  -1.225185e-002  2.936434e-001  3.264331e-002  -1.620256e-001  5.915154e-001  6.499310e-002  1.782860e-002  5.260577e-001  6.647277e-001  1.231737e+000  -6.774619e-001  7.433252e-001  -5.347864e-001  7.451161e-001  3.527820e-001  
0
1
3
5 1 14 10 0 -1
5 1 7 5 0 2
12 6 7 5 0 2
haar_x2_y2
-0.094633  266.100586  64
1.590642e-001  -3.810114e-001  4.825557e-001  1.961156e-001  -2.372409e-001  -4.066532e-001  -1.930779e-001  1.321692e-001  4.673396e-002  3.150869e-002  -1.233652e-001  -9.772978e-002  -9.824411e-003  -4.476022e-002  -1.181244e-001  -2.140737e-001  -8.693700e-002  -2.164395e-001  1.997923e-002  1.268505e-001  -6.048338e-003  -1.124472e-001  8.797650e-004  1.653633e-001  4.763928e-002  2.277836e-001  -1.873287e-001  -7.787027e-002  9.469046e-002  -1.336045e-001  4.154431e-002  -4.678539e-002  -1.289415e-004  -2.337451e-001  2.269748e-002  -7.384722e-002  -1.277431e-001  -1.230941e-001  2.736137e-002  9.658524e-002  2.484650e-001  4.259963e-001  2.624834e-001  9.674125e-001  -7.201493e-002  2.360735e-001  -4.864407e-003  3.990850e-001  9.007068e-001  2.380264e-001  4.471921e-001  3.363872e-001  5.000704e-001  3.833954e-001  2.046612e-001  4.240447e-002  4.273543e-002  4.935136e-001  9.273722e-001  7.006073e-002  2.700064e-001  5.552096e-001  -7.960206e-001  1.188026e-001  
0
1
2
9 1 14 6 0 -1
7 3 14 2 0 3
tilted_haar_y3
-0.111368  293.104156  64
7.840363e-001  1.662876e-001  4.518066e-001  -6.771414e-002  8.690826e-001  -2.256620e-001  1.094872e-002  -1.758672e-001  -2.522364e-002  4.793321e-001  2.459219e-001  -3.592890e-001  4.925358e-002  -1.667176e-003  -1.612509e-001  -3.379458e-001  6.554194e-003  1.246916e-001  2.161576e-001  -1.746703e-002  7.958691e-002  -7.615875e-002  1.087113e-001  5.269439e-002  -1.580144e-002  7.191731e-002  4.819905e-002  -2.365825e-002  2.853324e-001  -4.694125e-002  3.274599e-002  1.483651e-001  1.930141e-001  -5.418507e-002  -2.759399e-001  8.777884e-002  1.141660e-001  3.989321e-002  -1.454986e-001  -1.551441e-001  -2.842052e-001  -2.394505e-002  -2.546561e-002  -1.371024e-001  1.362508e-001  2.157155e-002  2.608831e-001  -1.010358e-001  7.994912e-002  -2.676771e-001  -3.852238e-003  1.876248e-001  -2.718010e-001  1.387618e-001  -1.790776e-001  -3.962328e-001  -4.039888e-002  -3.195905e-001  6.179950e-001  4.027769e-001  -2.878968e-001  2.168048e-001  -9.600334e-001  -3.021677e-001  
0
1
3
0 0 18 6 0 -1
0 0 9 3 0 2
9 3 9 3 0 2
haar_x2_y2
-0.107804  310.702820  64
1.810917e-001  3.959275e-002  -2.036727e-001  -6.502231e-001  8.357367e-002  7.283560e-002  1.655957e-001  -2.885248e-001  -3.577282e-001  2.060167e-001  -1.670968e-001  -5.989076e-002  -5.432784e-002  2.180203e-001  2.843313e-002  2.081349e-001  3.403703e-001  1.703124e-002  3.351208e-001  1.336614e-001  4.500852e-001  1.152508e-001  1.441987e-001  1.642530e-001  2.191021e-001  -2.248860e-002  2.234442e-001  1.405458e-001  -4.193478e-002  1.564215e-001  -4.943479e-002  -1.194293e-001  -3.919055e-002  -6.655157e-002  7.581107e-003  -1.274284e-001  -1.061116e-001  -2.501930e-001  -1.495709e-001  -2.414531e-001  -1.548323e-001  -2.512478e-001  -2.051362e-001  -1.163044e-002  -1.360282e-002  -1.311372e-001  -2.492304e-001  -3.104361e-001  2.050560e-001  3.240466e-002  -1.588951e-001  -1.177399e-001  1.986084e-001  -4.097738e-002  1.470464e-001  -3.285531e-001  5.158378e-001  1.403846e-001  2.587051e-001  7.220665e-002  5.671106e-001  -4.877983e-002  -8.132274e-002  -3.487011e-001  
0
1
2
12 0 12 5 0 -1
12 0 6 5 0 2
tilted_haar_x2
-0.169537  190.707611  64
-5.559715e-001  -3.069214e-001  -1.436453e-001  -2.792635e-001  -9.075051e-002  1.626203e-001  -1.802976e-001  -1.360351e-001  1.890143e-001  4.379242e-001  2.050733e-001  1.741708e-001  5.074944e-003  -3.490321e-002  1.734217e-001  -8.609556e-002  1.178111e-001  2.394480e-001  5.232766e-002  1.826162e-001  3.237394e-001  1.259993e-001  1.742297e-001  4.603888e-002  -1.420036e-001  1.107195e-001  -1.532355e-001  -1.695336e-001  4.703738e-002  -2.302772e-002  -4.090735e-002  -5.533594e-002  3.999656e-002  -9.023750e-002  -5.281672e-002  -1.830522e-001  9.182004e-004  -2.343028e-001  2.792620e-002  -1.304935e-002  1.341800e-001  -7.972810e-002  -1.097376e-002  -1.686520e-001  5.031225e-002  -1.306244e-001  -1.724599e-001  -1.211004e-002  2.663469e-001  2.772453e-001  2.907117e-001  1.163509e-001  -7.690851e-002  6.698509e-002  4.488972e-002  9.604998e-002  -5.806465e-001  4.872073e-001  -3.684447e-002  -2.489319e-002  3.957153e-001  4.230226e-001  5.805115e-001  2.905290e-001  
0
1
2
13 10 4 14 0 -1
13 17 4 7 0 2
haar_y2
-0.093428  454.148682  64
-6.639557e-002  1.256786e-001  -2.800307e-002  -6.306564e-002  5.267871e-001  -2.342237e-001  5.682657e-001  4.642619e-001  1.914236e-001  1.293390e-001  -2.837828e-001  -2.397237e-001  1.483064e-001  2.745928e-001  3.675156e-001  -2.337866e-001  4.087158e-002  5.359451e-002  2.110943e-001  -1.782219e-001  -1.378696e-001  -1.740482e-001  -1.536703e-001  -5.360138e-002  -1.582312e-001  1.373243e-002  -2.474023e-002  -1.306088e-001  -1.309680e-001  1.816801e-001  4.724252e-002  2.545838e-003  3.278719e-002  1.211654e-001  -7.163220e-002  -7.173742e-002  1.051918e-001  8.243700e-002  1.872177e-001  1.312937e-001  2.639308e-001  4.581688e-002  -3.083249e-002  1.456325e-001  -2.987650e-003  -1.589483e-001  3.109595e-002  8.290090e-004  -2.772522e-001  4.663862e-002  -9.633951e-002  -7.758813e-002  -1.368000e-001  3.348650e-001  -4.802142e-001  -1.922788e-001  -3.495343e-001  -2.563832e-001  -4.365827e-001  -2.498984e-001  -7.057501e-002  7.662212e-001  -3.427128e-001  -5.215094e-001  
0
1
2
5 5 16 8 0 -1
5 7 16 4 0 2
haar_y4
-0.159139  197.936981  64
7.773675e-002  -2.788580e-001  4.610929e-001  1.721602e-001  5.255433e-001  1.923901e-001  4.256675e-002  -5.199145e-002  2.566162e-001  3.102569e-001  -2.474023e-002  3.646660e-001  2.758861e-001  1.774939e-001  3.675571e-001  1.967300e-001  4.663661e-001  2.445589e-001  -8.706929e-002  -9.087874e-002  3.161765e-002  -8.972038e-002  -3.667276e-002  -6.263416e-002  -3.671815e-002  9.454248e-002  -2.324945e-001  1.147852e-001  1.555896e-002  -1.144431e-001  7.894208e-002  -2.809595e-003  -1.747081e-001  -4.281431e-002  -9.570964e-002  -1.364717e-001  -4.384808e-002  1.708924e-001  -2.275676e-002  -6.425540e-002  -6.738890e-002  -4.171794e-002  -6.463738e-002  2.738902e-002  1.990776e-001  7.007891e-002  2.506363e-001  -1.367380e-001  -1.411602e-001  1.186382e-001  8.975743e-002  -6.047543e-001  -6.785953e-002  -1.180175e-002  3.311484e-001  1.224992e+000  4.067119e-001  6.455407e-001  6.380613e-001  8.106716e-001  2.231223e-002  1.088127e-001  6.907080e-001  4.933538e-001  
0
1
2
21 0 2 15 0 -1
16 5 2 5 0 3
tilted_haar_y3
-0.066766  368.659943  64
-1.610743e-001  -4.317937e-001  -2.361702e-001  -3.157845e-001  1.897291e-002  -1.481890e-001  -1.102449e-001  -4.126962e-001  -2.620398e-002  -3.237752e-001  -1.343452e-001  -9.639411e-002  -9.643625e-002  -4.266564e-001  -6.569920e-002  -1.428414e-001  -1.771245e-001  5.178980e-002  -1.448050e-001  -1.549231e-001  -1.072022e-002  1.594602e-001  1.246626e-001  2.140797e-002  -8.572723e-002  -1.129781e-001  7.414313e-002  1.832070e-001  3.406907e-001  -6.510382e-004  1.786205e-001  1.276395e-001  3.525176e-001  6.784201e-002  1.363836e-001  -8.882365e-002  1.630312e-001  2.715465e-001  1.134666e-001  -7.762809e-002  -1.574303e-001  1.020272e-001  -6.835913e-002  -1.478260e-002  -1.211617e-001  9.949726e-002  4.480197e-003  4.787341e-003  6.897223e-002  -2.504628e-001  -5.167023e-002  -1.651092e-001  -3.347479e-001  -2.078981e-001  2.292612e-002  1.096581e-001  -9.403611e-002  -5.674066e-002  -7.649624e-002  -8.573511e-002  -4.266643e-001  -1.842935e-001  -2.229872e-001  -5.211366e-001  
0
1
2
3 0 20 12 0 -1
13 0 10 12 0 2
haar_x2
-0.355403  88.810013  64
-3.828713e-002  -2.609971e-001  -1.132928e-002  3.347805e-001  2.443618e-001  2.377795e-001  4.221255e-001  5.300428e-001  3.472574e-001  6.511121e-002  -1.595922e-001  -1.699031e-001  5.281368e-002  1.006886e-001  1.838491e-001  3.518334e-001  -1.511716e-001  2.411830e-002  4.558367e-002  1.938786e-001  8.075254e-002  -1.905826e-001  4.075024e-002  4.198765e-002  -2.621322e-001  5.053620e-002  -1.039641e-001  -3.279002e-002  -3.086554e-001  4.221923e-003  -3.892642e-002  -1.751854e-001  -1.039301e-001  -1.333242e-001  -1.635427e-001  -1.032922e-001  -5.000395e-002  5.730272e-002  1.005829e-001  3.385796e-003  3.524725e-003  1.186856e-001  5.809234e-002  2.544045e-001  1.547573e-001  9.040837e-002  1.294965e-001  7.622252e-002  2.188190e-001  6.189487e-002  4.577206e-002  -9.590369e-002  -3.035234e-001  8.373190e-002  -1.166144e-001  -3.445307e-001  3.245349e-003  2.501135e-001  1.472887e-001  6.300096e-001  7.460743e-001  2.666935e-001  -7.141743e-002  1.696312e-001  
0
1
3
2 1 6 18 0 -1
2 1 3 9 0 2
5 10 3 9 0 2
haar_x2_y2
-0.108535  294.920502  64
9.247063e-002  1.800573e-001  5.515946e-001  2.880804e-001  -6.632268e-002  2.472818e-001  3.639418e-001  -4.671420e-001  -2.758136e-002  -2.548450e-001  3.999895e-001  4.060923e-001  -1.158178e-001  1.589209e-001  -1.172467e-001  -2.995566e-001  -1.653078e-001  6.916623e-003  -1.108552e-001  -4.381411e-002  -9.999008e-002  -1.325012e-001  2.827272e-001  -1.181935e-001  1.270022e-001  -2.465663e-001  9.327581e-002  -1.014403e-001  -2.147428e-002  -8.385611e-002  -7.351376e-004  -7.135111e-002  -4.756470e-002  -1.168024e-001  -4.564049e-002  -4.969026e-004  -1.364079e-001  -1.454166e-002  9.562974e-002  3.581470e-001  5.756798e-002  3.659530e-002  1.834627e-002  1.772939e-001  1.381802e-001  2.350168e-001  2.909623e-001  3.602713e-001  2.039473e-002  -2.917168e-002  3.022254e-001  3.458916e-001  -7.705194e-002  -1.695242e-001  3.336591e-001  -4.971026e-001  4.893956e-001  3.093652e-001  5.618877e-002  -1.392130e-001  -1.338461e-001  1.926226e-001  2.060748e-001  -2.808737e-001  
0
1
2
0 4 18 9 0 -1
6 4 6 9 0 3
haar_x3
-0.225824  139.350723  64
-3.324875e-001  -1.469157e-001  -6.211273e-001  -1.149442e-001  -3.062944e-002  3.519443e-002  2.519052e-002  -9.031015e-002  -1.730846e-001  1.521526e-001  7.995324e-002  7.786031e-002  3.604506e-001  2.089215e-001  -3.437208e-002  3.151035e-001  1.805581e-001  -3.780674e-002  -1.330160e-002  2.637093e-002  1.463632e-001  -1.864014e-001  4.972133e-002  -1.401202e-001  -3.402963e-001  -6.205862e-002  6.888872e-002  -2.736329e-002  -1.482304e-001  2.722179e-002  1.753662e-002  -2.106458e-001  1.705002e-001  -2.877149e-002  -3.946641e-002  -7.339370e-002  2.292459e-001  1.846784e-001  1.116391e-001  6.792449e-002  1.103590e-001  1.677812e-001  1.157840e-001  3.002837e-001  -4.388312e-002  8.019274e-002  5.357807e-002  8.423930e-002  3.760939e-002  -3.806921e-003  -9.809554e-002  -1.983917e-001  1.870896e-001  -1.183050e-001  -2.345951e-001  -1.206902e-001  -1.566465e-001  1.699319e-001  1.211128e-001  -5.746233e-002  4.385139e-002  -1.066700e-001  -3.744493e-001  -5.644454e-001  
0
1
2
0 1 6 22 0 -1
2 1 2 22 0 3
haar_x3
-0.212075  145.355835  64
-9.869183e-002  -3.983550e-001  -3.914075e-001  -4.113335e-001  2.095103e-001  3.167800e-001  6.594368e-001  6.385529e-001  -2.514600e-001  3.551393e-001  2.105461e-001  -2.800527e-002  3.922929e-002  3.016928e-001  6.055479e-001  4.370511e-001  4.594168e-002  1.979423e-001  1.602241e-001  2.977121e-001  1.109016e-001  6.067029e-002  1.351663e-001  -4.776045e-002  -4.970270e-002  -3.327815e-002  -1.325640e-001  -1.150655e-002  -1.774631e-002  -1.140888e-001  -6.397443e-002  -1.749732e-001  -1.355361e-002  4.037663e-003  -1.087183e-001  -4.097401e-002  9.729765e-003  -9.263963e-002  -1.845614e-002  1.643571e-001  3.191606e-002  -9.510573e-003  -4.338326e-002  -3.514399e-001  1.134122e-003  -3.000098e-002  2.017392e-001  1.650165e-001  4.614660e-001  5.247705e-001  2.104189e-002  1.881309e-001  -4.197066e-001  8.841679e-002  -6.812096e-002  4.201095e-001  1.999331e-001  -2.032627e-002  -1.521972e-001  1.353610e-001  -8.909907e-001  7.081402e-002  3.237175e-001  5.864074e-002  
0
1
3
3 7 18 6 0 -1
3 7 9 3 0 2
12 10 9 3 0 2
haar_x2_y2
-0.052720  505.756165  64
3.373275e-002  -4.789670e-001  4.847751e-002  6.255114e-001  -1.915349e-001  -3.234203e-001  -6.826285e-002  -1.612287e-001  -1.580340e-001  -3.887246e-001  -3.530107e-002  -1.839817e-001  -2.902511e-001  -1.632117e-001  4.470836e-002  -5.093502e-003  1.024189e-001  8.758454e-003  3.477315e-003  2.071970e-002  -2.449097e-002  3.713968e-002  1.444470e-001  6.851348e-002  1.162030e-001  8.365380e-002  4.400708e-002  2.742211e-001  -5.222401e-002  2.078482e-001  -3.470314e-002  -5.458977e-002  6.247911e-002  -2.116012e-001  -6.376906e-002  -1.717057e-001  -1.705138e-001  1.038883e-001  9.209681e-002  -4.491155e-001  -5.144567e-003  -1.082256e-001  -1.635255e-001  -1.007962e-001  1.050090e-001  -1.494712e-001  -1.788927e-002  -1.063836e-001  1.881698e-001  -2.699333e-001  -4.951830e-001  9.031375e-002  1.538872e-001  -1.605118e-001  1.018982e-001  6.195692e-001  1.034141e-001  4.695922e-001  4.782209e-001  6.174755e-001  1.032970e-001  7.966547e-001  -3.646440e-001  6.871307e-001  
0
1
2
6 5 6 15 0 -1
8 5 2 15 0 3
haar_x3
-0.070947  501.619232  64
7.095404e-002  3.199449e-001  -4.119561e-002  2.203296e-001  1.178797e-001  8.403922e-003  -1.973443e-002  5.716335e-001  -1.703801e-001  7.535335e-002  8.404174e-002  -3.858695e-001  1.239785e-001  -2.134253e-001  1.275288e-001  1.360726e-001  2.661265e-002  -2.142090e-002  3.628260e-001  1.761703e-001  3.981550e-003  1.889083e-001  2.797160e-001  -2.961882e-002  2.439935e-001  1.828066e-001  -8.317928e-002  2.680685e-002  -3.062640e-002  2.180207e-002  5.624034e-002  1.404586e-001  3.282034e-002  5.736974e-002  -5.574491e-002  -2.234624e-001  1.668420e-002  8.628689e-002  -4.730079e-002  -9.623447e-002  2.905710e-002  -2.561285e-001  -1.807738e-001  -1.345617e-001  -2.250963e-001  -7.209937e-002  -2.093332e-001  2.462681e-001  -3.485148e-001  -3.139152e-001  -4.266885e-002  -2.341034e-001  -1.145437e-001  -1.553620e-001  -2.849047e-001  3.614529e-001  3.802999e-003  -3.192936e-001  7.318469e-001  -6.337865e-001  -5.859219e-001  1.294878e-001  -3.392967e-001  4.154108e-001  
0
1
2
3 8 16 6 0 -1
3 10 16 2 0 3
haar_y3
-0.056410  380.902893  64
-1.069640e-001  8.219280e-001  -5.667936e-001  -7.555230e-004  7.398056e-002  -1.455315e-001  1.548749e-001  -3.823909e-001  1.097391e-002  2.627664e-001  -1.325487e-001  -1.465357e-001  3.330762e-002  -2.974793e-001  -5.600469e-002  -1.666463e-001  -6.218098e-002  -2.912953e-002  -1.255531e-001  -2.865147e-001  -1.373848e-001  -1.674826e-001  -8.051334e-002  -4.345490e-002  -7.673058e-002  1.395828e-001  2.717099e-002  9.429628e-002  1.154508e-001  3.061291e-002  1.663736e-001  2.229477e-001  2.300175e-001  1.624879e-001  1.872059e-001  7.094251e-002  8.560555e-002  2.305574e-002  -7.958002e-002  4.105012e-002  -4.525735e-002  1.093685e-001  -1.017120e-002  -5.259037e-001  -1.152236e-001  -1.596292e-001  1.356665e-001  -3.376985e-001  1.849191e-001  -2.109595e-001  5.865097e-002  -1.321284e-001  5.275050e-001  6.170972e-002  -6.000832e-002  -2.661541e-002  -3.201137e-001  1.101570e-001  1.512094e-001  -2.850216e-001  3.328492e-001  -7.981148e-002  -2.911434e-001  -2.168818e-001  
0
1
2
7 7 9 2 0 -1
7 7 9 1 0 2
tilted_haar_y2
-0.019375  1536.382202  64
-3.419748e-001  -4.826107e-001  -3.314818e-002  2.086785e-001  -1.170824e-001  -4.836722e-002  -3.336656e-001  -4.252086e-001  -2.484984e-001  -1.081104e-001  -2.305108e-001  -1.147857e-001  8.188909e-002  5.827076e-003  6.338188e-003  2.515566e-002  -1.556447e-002  1.273344e-001  7.451578e-002  8.743763e-002  1.110151e-001  -9.037063e-002  1.460080e-001  8.271502e-003  2.625299e-001  -6.337249e-002  2.159391e-001  2.057889e-002  5.570725e-002  2.002714e-001  4.199258e-002  1.596209e-002  1.276225e-002  -1.334744e-001  -7.572588e-002  2.269801e-001  1.010076e-001  -3.013914e-003  1.180898e-002  -4.644650e-002  -8.470733e-004  -1.459790e-001  -2.382340e-001  1.859864e-001  1.215620e-001  -7.337296e-002  1.956632e-001  6.449725e-002  -2.742052e-001  -3.753661e-001  3.878807e-002  -2.493135e-001  -3.853278e-001  -2.917879e-002  4.384957e-001  -6.080013e-001  -2.420001e-001  1.501509e-002  -2.495689e-001  -7.119978e-001  -1.824554e-001  -2.768868e-001  -4.931695e-001  -5.231432e-001  
0
1
2
9 12 14 6 0 -1
9 14 14 2 0 3
haar_y3
-0.084232  335.692719  64
3.416993e-002  -4.763954e-002  2.696959e-001  -2.194075e-002  3.475287e-002  -1.857442e-001  7.518086e-001  8.493630e-002  6.854266e-001  -3.856103e-002  4.029818e-001  4.579916e-001  -8.174389e-002  -1.564112e-001  1.570538e-001  8.807530e-002  2.683647e-001  1.797309e-001  1.319996e-001  9.261987e-002  -1.545909e-002  -4.765839e-002  2.358018e-001  7.852732e-003  -3.302253e-002  8.745404e-002  -1.467156e-001  -1.281068e-002  -2.508040e-001  -1.682382e-002  -3.945090e-002  -1.762534e-002  -1.340575e-001  -9.723317e-002  -1.863874e-002  7.349515e-002  -1.004800e-001  -5.084151e-002  -1.402785e-002  -9.345691e-002  -7.612242e-002  1.075199e-002  2.496627e-001  1.808109e-002  1.397499e-001  3.370320e-001  4.273621e-001  4.459257e-002  8.806216e-002  -4.182706e-002  4.780811e-001  8.834210e-001  8.281692e-001  1.052862e-001  2.353512e-001  6.495336e-001  3.156919e-001  5.523445e-001  6.284551e-001  -1.512681e-001  4.059446e-001  2.567144e-001  2.055790e-001  2.771019e-001  
0
1
2
14 14 10 10 0 -1
19 14 5 10 0 2
haar_x2
-0.233040  131.609879  64
-3.534399e-001  -1.351324e-001  6.360586e-002  -2.955010e-001  8.281703e-003  6.984333e-002  -2.569164e-002  4.147228e-002  1.024773e-001  4.253072e-001  2.917859e-001  3.003112e-001  6.958964e-002  -3.923471e-002  -3.398384e-001  1.164034e-001  8.613560e-002  9.680261e-002  4.679351e-002  -8.555073e-002  -1.039608e-001  1.246975e-001  1.917631e-001  -4.988693e-002  8.076030e-002  -3.148367e-002  1.657783e-001  1.381257e-001  -3.089094e-002  -3.250799e-002  4.133555e-002  -1.666229e-001  -2.567683e-001  -2.278394e-001  5.302944e-002  -1.455324e-001  -6.957790e-002  1.139356e-001  1.022659e-001  -3.747675e-003  9.928769e-003  -3.721386e-002  8.193229e-003  5.321762e-002  1.929103e-001  2.899153e-003  5.214306e-001  -1.768426e-001  5.736782e-002  -3.682349e-002  6.717382e-002  -1.273843e-001  -3.037572e-001  3.341963e-001  -5.245734e-001  3.961055e-001  4.919674e-001  3.390720e-001  9.138422e-002  -8.445124e-002  1.667655e-001  -1.627821e-001  -5.520036e-003  -3.072729e-001  
0
1
2
14 8 4 14 0 -1
16 8 2 14 0 2
haar_x2
-0.032584  729.943054  64
-2.569098e-001  3.653019e-001  2.824958e-002  -4.692322e-002  -2.264494e-003  -4.066471e-001  7.274347e-002  -2.465865e-001  -1.435408e-001  -1.359780e-002  2.868033e-002  -3.110383e-002  -1.469636e-001  -2.623489e-001  1.797964e-001  -1.865526e-001  -1.011655e-001  -2.118957e-001  -1.368973e-001  -8.157496e-002  1.667867e-002  5.000434e-002  -1.168306e-001  -5.802373e-003  -2.313863e-003  3.630244e-002  3.808424e-002  1.662865e-001  3.144867e-001  3.018905e-002  1.671580e-001  4.108136e-002  4.023634e-002  1.458213e-001  1.664668e-001  2.239757e-001  2.593327e-002  -2.177241e-002  5.907708e-002  -4.109035e-002  -2.784183e-001  3.292806e-002  -2.860487e-001  1.033318e-001  -1.844131e-001  -4.239395e-001  -4.596337e-001  2.699353e-001  3.188162e-001  -1.309150e-001  2.389030e-001  -3.953652e-002  6.681615e-002  -2.786032e-001  -5.347918e-002  3.692808e-002  -1.271544e-001  4.814556e-001  3.959701e-001  5.435911e-001  -5.817593e-001  7.262107e-001  -1.722846e-001  4.215652e-002  
0
1
2
5 8 16 14 0 -1
13 8 8 14 0 2
haar_x2
-0.317829  90.574295  64
3.094872e-001  3.493966e-001  2.935299e-001  5.492273e-001  -1.914984e-001  1.395425e-002  -1.282575e-001  6.817112e-002  -3.486543e-001  1.990243e-001  -1.274542e-001  1.708562e-001  1.275791e-001  2.216000e-001  4.868850e-002  -2.285464e-002  1.244113e-001  -2.665665e-002  2.523643e-001  -2.532530e-002  -1.354632e-001  -2.472995e-001  1.458559e-001  1.619435e-001  1.228013e-001  -5.614284e-002  -2.043343e-001  -4.153245e-002  -2.305489e-001  1.094365e-001  -3.604496e-002  -1.562044e-001  2.228038e-001  -3.153284e-002  1.120155e-001  -3.944216e-002  -1.117987e-001  4.570183e-004  -1.344572e-001  1.615786e-001  -1.165619e-001  -7.060974e-002  -4.022373e-003  -7.179053e-002  -1.740206e-001  -8.144913e-003  2.860632e-001  1.822108e-001  4.306398e-002  5.349329e-001  1.170099e-003  -2.407856e-003  -4.634320e-002  -8.545154e-002  1.402099e-001  -2.953531e-001  8.557898e-002  1.760789e-001  8.548415e-001  6.728978e-001  4.924385e-001  2.502583e-001  2.371112e-001  2.064270e-001  
0
1
2
3 8 20 15 0 -1
3 13 20 5 0 3
haar_y3
-0.270486  118.876747  64
-8.070568e-002  6.340292e-001  -1.962487e-001  7.732049e-001  -4.612446e-001  -4.919031e-001  -1.130634e-001  3.107400e-002  4.591199e-001  -3.013229e-001  -4.469396e-002  -1.786249e-002  -1.520652e-001  4.657406e-002  -3.634366e-001  -1.657991e-001  1.856537e-001  -8.648191e-002  -4.498600e-001  2.071633e-001  -9.992130e-002  1.556627e-001  3.676208e-002  -1.053456e-001  -2.163327e-001  6.237047e-002  6.585551e-004  -5.900472e-002  2.444609e-002  -1.521865e-001  -6.465242e-003  -1.546813e-001  -1.832592e-001  -1.510734e-001  9.056827e-002  1.222015e-001  -3.592768e-004  2.319352e-001  1.235249e-001  1.135809e-001  -1.628330e-002  6.477653e-003  1.306613e-001  3.110833e-002  2.042176e-001  3.692736e-002  1.697135e-001  4.096707e-001  4.231718e-002  -8.278017e-002  -1.100566e-001  -4.922671e-002  -2.488057e-002  1.624874e-001  -6.739021e-003  5.409278e-002  -2.306760e-001  -2.264470e-001  1.304807e-001  1.103749e-001  1.024233e-001  -1.476460e-001  -2.082487e-001  -3.191999e-001  
-1.960206 
