6 
1
3
8 5 10 10 0 -1
8 5 5 5 0 2
13 10 5 5 0 2
haar_x2_y2
-0.065527  377.358856  64
-1.610851e+000  -1.200383e+000  -1.177111e+000  -1.481032e+000  -1.241133e+000  -1.269430e+000  -1.005504e+000  -1.212128e+000  -1.262711e+000  -7.825598e-001  -1.248553e+000  -9.096934e-001  -9.173750e-001  -1.021288e+000  -8.794681e-001  -7.496427e-001  -6.350812e-001  -5.131987e-001  -6.497099e-001  -4.296706e-001  -3.510041e-001  -4.511913e-001  -5.953181e-001  -3.214062e-001  -3.495266e-001  -2.075495e-001  -1.397909e-001  -1.695932e-001  -1.256990e-001  -7.727095e-002  -2.100569e-001  -3.845100e-001  -2.218784e-001  -2.289109e-001  -4.059531e-001  -2.137150e-001  -1.897325e-001  -3.929270e-001  -2.076747e-001  -5.542803e-001  -2.933852e-001  -5.163725e-001  -4.212863e-001  -1.510546e+000  -8.701037e-001  -7.938277e-001  -1.088002e+000  -9.680152e-001  -1.084388e+000  -1.331644e+000  -1.542250e+000  -9.690261e-001  -1.196697e+000  -1.257973e+000  -1.238155e+000  -1.286725e+000  -1.293522e+000  -1.145050e+000  -9.358057e-001  -1.980179e+000  -1.408745e+000  -1.315861e+000  -5.557116e-002  -1.687313e+000  
1
2
5 1 3 18 0 -1
6 1 1 18 0 3
haar_x3
-0.031206  730.185852  64
-1.995058e+000  -6.317406e-001  -4.044197e-001  -9.041601e-001  -6.112810e-001  -4.993501e-001  -2.076373e-001  -3.717388e-001  1.017764e-001  -4.272569e-001  -1.594338e-001  9.188548e-004  -1.485672e-001  9.730199e-002  2.631790e-001  2.140115e-001  1.243429e-001  5.113762e-002  6.677604e-002  2.538153e-001  2.744433e-001  2.367266e-001  2.068093e-001  3.723917e-002  3.927249e-002  1.725930e-001  -7.837580e-002  1.014245e-001  3.431687e-002  -8.143459e-003  -1.146110e-001  -1.769588e-001  -4.863267e-001  -7.533964e-001  -3.556038e-001  -7.563708e-001  -1.010011e+000  -5.703562e-001  -7.542693e-001  -1.407870e+000  -7.307405e-001  -1.045333e+000  -5.541028e-001  -8.314437e-001  -1.478859e+000  -1.204476e+000  -7.055961e-001  -9.970705e-001  -5.459647e-001  -1.185528e+000  -1.117177e+000  -9.296501e-001  -7.957935e-001  -1.278948e+000  -9.295610e-001  -5.494986e-001  -4.142397e-001  -1.001506e+000  -2.840897e-001  -4.563550e-001  -7.299650e-001  -5.878475e-001  -5.479363e-001  -1.912642e+000  
1
2
6 4 16 9 0 -1
10 4 8 9 0 2
haar_x4
-0.115362  229.520874  64
-1.686773e+000  -1.305404e+000  -1.442681e+000  -1.036018e+000  -8.437281e-001  -1.113355e+000  -1.775098e+000  -7.687972e-001  -1.089818e+000  -6.186966e-001  -5.616186e-001  -6.630757e-001  -9.859722e-002  -3.378226e-001  -1.149509e-001  -2.319600e-001  -1.438427e-001  -3.278336e-001  -2.055903e-001  -1.132680e-001  2.475920e-002  1.233071e-001  -4.103464e-002  2.552297e-001  2.605259e-001  2.365000e-001  2.933978e-001  2.404252e-001  2.249864e-001  3.562992e-001  -7.539033e-002  1.661937e-001  1.343432e-001  2.541540e-001  1.888833e-001  2.512036e-001  2.430174e-001  1.417332e-001  2.984293e-001  -2.552583e-002  2.684565e-001  1.846905e-001  -8.269700e-002  -1.399281e-001  -3.480953e-001  -1.813090e-001  -8.647432e-001  -2.644295e-001  -2.591158e-001  -2.885542e-001  -9.402213e-001  -5.557837e-001  -4.879510e-001  -4.219455e-001  -1.249610e+000  -1.165969e+000  -7.203503e-001  -9.594360e-001  -8.080705e-001  -7.311555e-001  -1.103711e+000  -9.178983e-001  -8.801442e-001  -1.533869e+000  
1
2
14 4 6 9 0 -1
14 7 6 3 0 3
haar_y3
-0.102380  315.328796  64
2.710363e-001  1.176380e-001  6.445106e-001  2.505849e-001  2.239442e-001  5.158947e-001  3.084161e-001  2.595934e-001  5.140545e-001  3.597677e-001  4.476064e-001  3.495557e-001  7.117221e-001  4.674961e-001  1.222297e-001  3.228758e-001  2.580882e-001  8.370028e-002  2.896781e-001  2.795795e-001  1.451771e-001  -6.768813e-004  -7.667374e-002  -6.247063e-002  -2.550341e-001  -2.798404e-001  -2.172343e-001  -5.242163e-001  -5.940230e-001  -2.552402e-001  -4.749810e-001  -4.072602e-001  -6.083021e-001  -3.521662e-001  -3.947203e-001  -1.947122e-001  -5.831815e-002  -1.546175e-001  1.526402e-001  1.902508e-001  2.537631e-001  4.527712e-001  3.788967e-001  2.304935e-001  6.427218e-001  4.249276e-001  4.723665e-001  3.973101e-001  4.213164e-001  2.667338e-001  4.937969e-001  1.922919e-001  -1.059695e-001  4.875257e-001  3.215587e-001  -2.215289e-001  2.638332e-002  -2.809004e-001  2.803363e-001  -1.566998e-001  -4.943420e-001  -5.335472e-002  -1.049600e-001  1.203905e-001  
1
2
0 1 22 23 0 -1
11 1 11 23 0 2
haar_x2
-0.733397  40.110798  64
2.021947e+000  9.134371e-001  9.834958e-001  6.861348e-001  5.865049e-001  7.119308e-001  5.260423e-001  4.676788e-001  5.229350e-001  6.283157e-001  -7.064547e-002  7.777619e-002  -4.205759e-003  -2.046114e-001  -1.320286e-001  -1.036295e-001  -5.182016e-002  -2.724480e-001  -2.485373e-001  -4.793646e-002  -2.983620e-001  -1.471126e-001  -7.185102e-001  -2.375994e-001  -1.308163e-001  -3.406149e-001  -1.209286e-001  -1.841986e-001  -1.853155e-001  -1.794351e-001  -1.962774e-001  -2.569808e-001  -4.067039e-001  -5.259256e-002  -2.298059e-001  -5.008831e-002  -7.560182e-002  1.754135e-001  -1.167229e-001  -9.196603e-002  1.281644e-001  -2.600444e-002  1.213210e-001  -5.949826e-002  2.470887e-001  1.802741e-001  2.295058e-001  2.565196e-001  2.441237e-001  2.652153e-001  3.006952e-001  3.764365e-001  3.270076e-001  5.452743e-001  5.999306e-001  3.527408e-001  1.527182e-001  -5.188135e-002  3.970580e-001  1.829341e-001  -3.175029e-001  -2.641687e-001  -4.700462e-001  -1.147428e+000  
1
2
8 14 9 6 0 -1
8 16 9 2 0 3
haar_y3
-0.091633  295.357239  64
4.938770e-001  2.962896e-002  2.666723e-001  5.947737e-001  5.305725e-001  2.014692e-001  -1.285729e-001  4.815898e-001  -1.067030e-001  3.073179e-001  5.389501e-001  3.479701e-001  4.734649e-001  2.839097e-001  1.271641e-001  1.223701e-001  6.179480e-002  1.938222e-001  1.821987e-001  -8.045299e-002  -1.019205e-003  3.181215e-002  -8.307128e-002  -7.625760e-002  -1.501621e-001  -2.962233e-001  -4.151782e-001  -5.260590e-001  -3.551438e-001  -2.641600e-001  -6.355412e-002  -7.507548e-002  -1.872041e-001  3.859083e-001  3.630473e-001  2.778016e-001  4.203760e-001  3.514339e-001  5.033695e-001  5.315539e-001  5.934214e-001  4.358336e-001  6.488751e-001  5.702629e-001  1.027920e+000  4.619454e-001  1.302170e+000  7.193907e-001  1.223932e+000  1.167718e+000  1.164120e+000  7.170542e-001  1.296601e+000  5.937552e-001  1.015133e+000  2.626849e-001  8.481880e-001  5.022123e-001  5.541652e-002  7.236971e-001  3.749564e-001  4.496059e-001  5.629485e-001  1.183140e+000  
-2.313364 
