36 
0
1
2
1 7 17 8 0 -1
1 11 17 4 0 2
haar_y2
-0.116295  210.299133  64
-9.675416e-001  -2.688748e-001  -3.178031e-001  -6.428013e-001  -7.229069e-001  -7.952219e-001  -4.988117e-001  -7.142335e-001  -4.201453e-001  -6.205369e-001  -6.552938e-001  -8.833131e-001  -3.810237e-001  -5.750375e-001  -3.984419e-001  -4.751142e-001  -8.964748e-001  -6.975383e-001  -3.226246e-001  -4.224823e-001  -4.384519e-001  -5.399287e-001  -4.472230e-001  -8.049451e-001  -7.377011e-001  -3.985703e-001  -4.403119e-001  -6.829276e-001  -8.470567e-001  -6.057989e-001  -6.235554e-001  -1.728380e+000  -5.725969e-001  -5.892121e-001  -6.024084e-001  -6.553366e-001  -6.125000e-001  -1.471603e+000  -4.906304e-001  -4.022362e-001  -5.811878e-001  -9.505674e-001  -4.704216e-001  -7.268826e-001  -1.097633e+000  -6.876143e-001  -5.371159e-001  -4.833041e-001  -5.767403e-001  -1.266305e+000  -7.986733e-001  -7.521240e-001  -6.706289e-002  -9.252220e-001  8.739168e-002  -7.058737e-001  -1.251410e+000  -6.923244e-001  -1.309761e-001  -8.596925e-001  -1.795252e-001  2.135577e-001  -3.988419e+000  -1.049712e+000  
0
1
3
10 1 8 20 0 -1
10 1 4 10 0 2
14 11 4 10 0 2
haar_x2_y2
-0.030597  349.439667  64
-3.056090e-001  4.464138e-001  -3.659041e-002  9.184191e-002  -1.156753e-001  1.365136e-002  3.099799e-001  1.695606e-001  -1.486635e-002  7.812452e-002  1.707099e-001  -9.603498e-003  2.106183e-001  5.911405e-002  1.720322e-001  8.537461e-002  1.875548e-001  -1.824588e-001  2.353471e-002  1.253487e-001  3.431876e-001  1.246764e-002  1.328284e-001  2.169878e-002  2.547300e-001  2.012706e-001  -1.428961e-001  -2.338929e-001  -1.117492e-002  -3.268330e-001  6.240172e-002  -1.360468e-001  -8.728398e-002  7.013056e-002  -3.040480e-003  -3.389604e-001  1.470156e-001  1.564126e-001  -8.694487e-002  2.841342e-001  -5.319846e-001  1.253970e-001  3.538479e-001  8.548634e-002  -1.734836e-001  2.759400e-001  3.455424e-001  5.332408e-002  -9.450958e-002  2.300757e-001  4.605778e-001  -2.124738e+000  1.941108e-001  3.835043e-001  4.838667e-001  1.803428e-001  -9.355052e-001  1.159661e-001  -9.449109e-001  6.078305e-002  -1.618942e+000  -1.969067e-001  4.957074e-001  1.141216e-002  
0
1
2
7 7 14 16 0 -1
7 11 14 8 0 2
haar_y4
-0.151705  181.687759  64
-2.622280e-002  7.507738e-001  -1.499138e-001  3.812547e-001  1.818981e-001  -6.247491e-001  2.005139e-001  2.212608e-001  -5.910008e-001  1.501738e-001  -4.072274e-002  1.434273e-001  3.250783e-001  2.400680e-001  4.439300e-002  1.090199e-001  -1.165234e-002  -1.736408e-002  -2.994736e-001  -6.682364e-002  -1.092219e-002  -1.427633e-001  9.861685e-002  1.652139e-001  9.208709e-002  -6.604759e-002  -1.200885e-001  8.154277e-002  1.647231e-001  6.175150e-002  1.290204e-001  4.309006e-001  6.897311e-002  1.794856e-001  2.657028e-001  1.232728e-002  2.859383e-001  -3.319843e-002  6.762990e-002  9.664159e-002  2.724873e-001  -6.009785e-002  -4.796296e-002  7.526716e-002  1.454583e-002  4.856709e-002  1.603916e-002  -6.193161e-001  -5.774859e-001  -1.577630e-001  1.805171e-001  4.729440e-001  -4.221148e-001  3.510814e-001  2.973494e-001  -2.043718e-002  5.537534e-001  -4.294965e-001  -1.252947e-001  1.238970e-001  3.362205e-001  -1.061425e+000  -8.063057e-001  -8.847257e-001  
0
1
2
7 0 15 16 0 -1
12 0 5 16 0 3
haar_x3
-0.168977  143.476898  64
-1.371585e-001  -1.961814e-001  -9.671165e-001  -5.222126e-001  -1.073716e+000  -1.550080e-001  7.229115e-002  -6.754515e-001  1.854106e-001  3.677892e-002  -1.871399e-001  -5.596709e-002  2.258650e-001  -6.651913e-003  7.594465e-002  -1.484878e-001  3.386777e-001  -2.224479e-002  2.105835e-002  -1.580456e-001  -1.437230e-001  2.372794e-001  -1.882649e-001  3.050230e-001  1.538548e-002  5.362899e-002  1.036068e-001  -1.163505e-001  1.993227e-001  2.889803e-002  -6.821558e-002  1.207383e-001  2.519355e-001  -1.092357e-001  1.042337e-001  1.175350e-001  2.691180e-001  8.995169e-002  3.541738e-001  1.268019e-001  -2.120013e-001  6.006390e-002  1.458999e-001  1.904361e-001  1.952643e-002  1.031067e-001  -2.405733e-001  -2.161070e-001  3.981985e-001  1.138672e-001  -9.426352e-003  -1.067195e-001  -2.427720e-001  -2.955514e-001  2.112544e-002  3.135089e-001  1.220859e-001  -4.821263e-001  -1.628441e-001  4.446323e-001  2.643370e-001  2.817212e-002  -2.996788e-002  2.550950e-002  
0
1
2
3 8 14 8 0 -1
3 10 14 4 0 2
haar_y4
-0.048929  329.136383  64
4.210625e-001  -2.546661e-001  -8.531845e-002  -3.792198e-001  -3.519275e-001  3.541340e-001  -2.653127e-001  -1.888114e-001  1.824095e-001  8.126273e-002  5.093125e-001  3.487118e-002  5.342029e-002  -5.073245e-002  2.795624e-002  -4.075400e-002  1.650397e-001  -6.021307e-002  5.800015e-002  -1.133246e-001  -1.182298e-001  2.266624e-001  -2.021829e-002  -7.257392e-005  -8.034203e-002  4.910037e-002  -1.944673e-001  5.350883e-002  1.809026e-001  1.718301e-001  -2.985274e-001  -2.934120e-002  1.468510e-001  7.482549e-002  1.990339e-001  1.427596e-001  -4.047858e-001  -1.203197e-001  3.958325e-001  2.108847e-001  1.483696e+000  2.182869e-001  -4.110141e-002  -6.365289e-001  -1.217194e-001  2.269202e-001  3.633344e-001  4.533202e-001  -3.465262e-001  -2.451017e-001  -5.191704e-001  3.690853e-001  -1.660388e-001  4.009748e-001  -2.595820e-001  1.841631e-001  4.030294e-001  -4.756826e-001  8.119761e-001  -5.788484e-001  1.285869e-001  -4.928302e-001  4.277339e-001  1.257816e-001  
0
1
2
1 7 17 8 0 -1
1 11 17 4 0 2
haar_y2
-0.116295  210.299133  64
3.513755e-001  -9.533309e-004  -7.020607e-002  -3.478784e-001  -1.326354e-001  -1.477097e-002  -6.180910e-002  1.803199e-001  -1.748571e-001  -8.887267e-002  -2.023790e-001  8.058606e-002  -1.601296e-001  -1.368789e-001  -1.263903e-001  -8.860098e-002  1.985070e-002  -1.032190e-001  -1.473176e-001  -1.009044e-001  -1.080531e-001  -1.189082e-001  -9.751872e-002  -9.936800e-002  1.799319e-002  -1.260615e-001  -1.435202e-001  -6.903445e-002  1.556413e-001  -6.755637e-002  -1.334868e-001  7.648473e-001  -7.523020e-002  -9.738385e-002  2.175157e-002  8.283983e-002  -7.613952e-002  3.802257e-001  -1.069105e-001  -7.882653e-002  -2.057579e-002  1.412193e-001  -1.099742e-001  -1.915428e-002  1.749768e-001  1.122626e-001  -4.652800e-002  -1.664398e-001  -7.484451e-002  1.780618e-001  2.232863e-003  -1.654127e-001  -7.009980e-002  -9.953959e-002  7.394314e-002  -2.589428e-001  -9.644937e-002  -1.255600e-001  3.337928e-001  -3.314877e-001  -3.622285e-001  4.275582e-001  -4.827972e-001  1.631988e-001  
0
1
2
21 5 3 16 0 -1
17 9 3 8 0 2
tilted_haar_y4
-0.092975  292.050568  64
-1.645222e-001  2.920350e-001  -4.257786e-001  -2.337844e-001  2.571440e-001  5.510765e-001  5.983323e-001  3.625584e-001  8.697565e-001  -9.419822e-003  1.004741e-001  2.586799e-001  5.826217e-002  1.020149e-001  1.944101e-001  2.254058e-001  -4.494248e-001  2.113444e-001  7.951482e-002  1.431587e-001  -1.983045e-002  -1.422875e-001  -1.427350e-001  9.399080e-002  -6.727692e-002  -2.048271e-001  -8.417524e-002  5.926374e-002  -1.072432e-001  -1.352947e-001  1.768792e-001  4.959196e-002  1.162348e-001  -8.349643e-002  9.734492e-002  -1.322592e-001  1.040062e-002  9.940732e-002  5.785417e-002  2.640484e-001  2.470774e-002  5.565174e-002  5.480373e-002  -8.262405e-002  1.012274e-001  -2.618320e-001  2.852590e-001  3.569838e-002  2.251904e-001  1.075927e-001  3.106337e-001  4.706923e-001  8.638023e-002  2.668934e-003  -5.979272e-001  -1.450007e-001  2.517869e-001  4.261456e-001  -1.531236e-001  -7.325071e-001  1.871981e-001  6.784866e-003  4.912140e-001  -3.466428e-001  
0
1
2
12 2 8 7 0 -1
16 2 4 7 0 2
haar_x2
-0.084191  383.563416  64
1.962731e-001  -5.458521e-001  -1.086689e-001  2.988277e-001  1.740767e-001  -5.324445e-002  1.865547e-001  2.958834e-002  3.590091e-001  3.842010e-001  1.931528e-001  2.126991e-001  -2.460686e-001  4.996788e-002  2.085049e-001  -6.150939e-002  1.816354e-001  1.724233e-002  1.596856e-002  2.325299e-001  -1.001078e-001  2.220817e-003  -1.133827e-001  2.142352e-001  2.132927e-002  -3.389754e-002  -5.743846e-002  -1.940978e-001  9.032648e-002  5.184193e-002  -5.698081e-002  -7.319315e-002  1.244668e-001  7.396787e-002  -1.450167e-001  -2.709303e-001  -5.939401e-002  1.525822e-001  -1.226823e-001  -6.155601e-001  8.945070e-002  -1.890639e-001  -1.578317e-002  -8.658496e-002  -2.050025e-001  1.787342e-001  -2.555428e-001  -2.415963e-002  3.143607e-001  -2.685409e-001  6.756074e-001  -5.168986e-002  -7.775877e-002  3.660665e-001  1.501760e-001  5.398743e-001  2.776147e-001  -8.512425e-002  1.053191e+000  1.112765e+000  3.517383e-001  4.227534e-001  3.405311e-001  6.960832e-001  
0
1
2
3 2 20 10 0 -1
3 7 20 5 0 2
haar_y2
-0.173729  131.594849  64
-1.709039e-001  -5.104046e-002  -4.684070e-001  4.352716e-001  -9.623556e-002  1.155137e-001  4.091880e-001  -6.593703e-002  3.594369e-001  -2.249716e-001  -2.891560e-001  -2.481531e-001  -1.746340e-001  1.917314e-002  -6.454998e-002  4.277976e-001  2.979736e-001  1.289500e-001  -2.392134e-001  -2.898259e-001  1.027838e-003  2.525597e-002  -1.563840e-001  -2.072888e-002  -1.673395e-001  3.719823e-002  -1.020924e-001  1.191040e-001  2.709793e-001  -2.437443e-002  -5.496184e-004  -5.547352e-002  1.574202e-001  2.768823e-003  7.590897e-002  -7.475165e-002  9.319311e-002  1.181105e-001  -2.263104e-004  -4.750413e-002  1.494552e-001  1.875141e-001  -2.017191e-001  5.161237e-002  -4.148999e-001  4.071377e-001  3.447137e-001  1.714634e-001  -5.517657e-002  -2.372930e-001  1.081007e-001  2.523487e-001  -4.785393e-001  6.630117e-002  -7.316537e-002  -8.175870e-002  6.708241e-002  1.079108e-001  9.484307e-003  3.679175e-001  -9.483425e-002  2.479688e-001  3.196288e-001  6.711151e-001  
0
1
2
4 1 12 9 0 -1
10 1 6 9 0 2
haar_x2
-0.075124  259.427551  64
2.468465e-001  5.672239e-001  3.380844e-001  2.928054e-001  4.697130e-002  5.113310e-002  3.523508e-001  2.996433e-001  2.498539e-001  -3.195566e-001  -1.873118e-002  -6.870474e-001  -1.115374e-001  2.889890e-001  -3.281219e-001  -1.494764e-001  9.804878e-002  -2.356643e-001  -2.043555e-001  -1.526463e-001  6.431110e-003  4.968177e-002  -1.124931e-001  6.543297e-002  3.264443e-002  1.157051e-001  8.418340e-002  1.620196e-001  1.149717e-001  -1.051778e-002  2.510836e-001  -5.252662e-002  1.954308e-003  -7.790677e-002  -9.858412e-002  -1.474506e-001  1.490844e-001  7.849289e-002  3.349573e-002  -2.465979e-001  1.428990e-001  2.376490e-001  1.104198e-001  -3.932875e-002  -3.641095e-002  1.221300e-001  -1.540991e-002  -2.971787e-001  5.933051e-003  3.833166e-003  -9.315428e-002  -1.289299e-002  1.101390e-001  -3.885202e-001  4.087411e-002  1.278642e-001  4.403070e-001  1.225869e-001  6.532711e-001  8.204319e-001  1.638937e-001  -4.571372e-001  -3.041004e-002  1.419316e-001  
0
1
2
6 4 9 9 0 -1
9 4 3 9 0 3
haar_x3
-0.089612  317.217804  64
-5.169855e-002  5.732071e-001  3.204757e-001  1.121828e-001  6.170709e-002  2.109159e-001  1.041395e-001  3.820722e-002  1.957075e-001  5.231561e-001  4.078312e-001  5.458729e-002  1.247323e-001  1.137787e-001  -1.680026e-001  -1.579353e-001  -2.305649e-002  3.564005e-002  2.696641e-001  5.400124e-002  -1.145057e-001  1.237770e-001  -9.206057e-002  -2.754149e-002  -4.929782e-002  -8.218804e-002  -6.283167e-002  7.026775e-003  -9.109195e-002  -8.634344e-002  -9.359708e-002  -1.958695e-001  -7.889356e-002  -1.001320e-001  -1.834923e-001  -4.260387e-002  -1.545513e-001  1.963292e-002  2.415239e-001  8.182569e-002  -7.449201e-002  2.908755e-001  2.152189e-001  2.469050e-001  2.516028e-001  5.164173e-002  -2.646731e-001  2.021248e-001  1.977119e-001  7.765205e-002  -5.710152e-003  3.086870e-001  1.437646e-001  2.397211e-001  8.377904e-001  1.032778e+000  4.059983e-001  1.053246e+000  -2.578089e-001  -6.212894e-002  8.282053e-001  7.615415e-001  4.693100e-001  5.290111e-001  
0
1
2
9 7 15 6 0 -1
9 9 15 2 0 3
haar_y3
-0.066732  384.316071  64
-1.324975e-001  1.164916e-002  3.239255e-001  4.697872e-001  -6.714638e-001  -2.491120e-001  4.377320e-001  -1.622858e-001  4.560658e-001  7.948910e-002  -5.586547e-002  -1.632362e-001  9.597904e-002  2.788488e-002  2.141466e-001  9.692003e-002  -2.260685e-002  -1.141917e-001  -5.470450e-002  -9.928632e-002  -2.105667e-001  -1.292783e-001  -1.407540e-001  3.043582e-002  -1.122362e-001  3.259524e-002  -2.144467e-002  -1.170266e-001  7.782216e-002  6.250857e-002  1.393812e-001  7.137264e-002  7.344734e-002  1.333086e-001  -3.000585e-002  1.686603e-001  1.111315e-001  2.376401e-001  6.788335e-003  4.794091e-002  2.041343e-001  1.439407e-001  1.492803e-002  -1.388489e-002  2.235046e-001  6.323218e-002  1.205633e-001  -1.875167e-001  -3.865266e-001  2.443213e-002  -2.887957e-001  -2.825928e-001  2.352662e-001  -6.733444e-002  -2.688324e-001  1.470685e-001  -3.799664e-001  -2.482333e-001  -5.549119e-001  -2.209537e-001  -4.897454e-001  -3.706565e-001  -2.313095e-001  -1.024301e+000  
0
1
3
0 0 20 10 0 -1
0 0 10 5 0 2
10 5 10 5 0 2
haar_x2_y2
-0.182451  180.630722  64
-1.664930e-002  6.877259e-002  -3.604450e-001  1.110992e-001  3.330728e-002  3.597051e-001  6.807511e-001  -9.739689e-002  3.216853e-002  1.518563e-002  1.183911e-001  8.058221e-002  3.742205e-002  3.003198e-001  5.426903e-001  1.053397e-001  -2.230744e-001  9.870806e-002  1.948310e-001  -1.324532e-001  8.461779e-002  1.883363e-001  -8.080526e-002  -1.141988e-001  3.874240e-002  -1.703320e-001  -2.654325e-002  3.211369e-002  -1.355880e-001  8.731236e-002  -2.288475e-002  3.267792e-003  5.132441e-002  6.572782e-002  -1.768588e-001  -1.795208e-001  6.491538e-003  -1.088135e-001  -1.876334e-001  -1.653011e-001  -3.891008e-002  3.252856e-002  6.389287e-002  -9.335855e-002  9.445579e-002  1.828159e-001  -4.771701e-002  1.180335e-001  2.486658e-001  -4.288363e-002  -4.853087e-002  2.622792e-001  1.971902e-001  -1.100373e-001  -1.105308e-001  3.926142e-001  1.103372e+000  -2.137959e-002  8.707912e-001  2.318389e-001  9.873853e-001  5.331553e-001  1.070287e+000  5.435543e-001  
0
1
2
7 14 14 6 0 -1
7 16 14 2 0 3
haar_y3
-0.113805  277.010254  64
5.759057e-001  -3.130681e-001  8.084118e-002  7.215240e-001  6.655685e-002  2.005760e-001  7.410289e-002  -4.323106e-001  -5.630879e-002  -8.506607e-003  4.362519e-001  3.473636e-001  -9.644958e-002  5.916204e-001  2.954407e-001  -3.452501e-002  2.330602e-001  1.882418e-001  3.967391e-002  1.212108e-001  1.000320e-001  -8.113742e-002  1.021011e-001  3.299559e-001  -4.393242e-003  2.182720e-001  4.085774e-002  -7.901276e-003  -7.603706e-002  -1.015198e-001  -1.087208e-001  -2.284815e-001  -4.271718e-002  -1.820996e-001  8.232964e-004  7.641783e-002  7.610516e-002  2.948254e-002  5.343540e-002  1.106660e-001  2.981313e-001  3.275112e-002  7.940184e-002  -2.048014e-001  2.651106e-001  2.247479e-001  -7.918112e-002  -1.294252e-001  -2.779352e-001  -9.227988e-002  4.172837e-001  -7.048501e-001  1.548192e-001  5.904576e-001  -3.379872e-002  6.276373e-001  -2.582505e-001  -1.398520e-001  7.048070e-001  -3.712522e-002  -2.482178e-002  3.951434e-001  2.514658e-001  2.327346e-002  
0
1
2
16 8 8 16 0 -1
16 12 8 8 0 2
haar_y4
-0.115005  203.927719  64
8.820583e-001  7.052535e-001  2.780011e-001  2.537969e-001  2.150214e-001  8.348803e-002  2.733066e-001  1.555405e-001  9.223387e-002  3.555146e-003  1.152995e-001  1.695331e-001  8.084975e-002  7.251940e-002  -1.715814e-001  4.500549e-002  2.300030e-002  -2.590913e-001  -2.170279e-001  -1.244420e-001  -5.896552e-002  -6.982680e-002  -1.217549e-001  4.832266e-003  -7.012250e-002  -2.481858e-003  -2.908774e-002  8.447117e-003  2.181414e-003  1.712266e-002  3.373693e-002  -3.682146e-002  -7.313153e-002  -6.880051e-002  5.683754e-002  -9.492818e-002  1.856256e-001  1.254665e-001  2.074315e-001  -7.958198e-002  4.860505e-002  3.550583e-002  2.426014e-001  2.847417e-001  3.018114e-002  2.159937e-001  8.414436e-002  2.930090e-001  1.464963e-001  -1.894448e-001  4.461068e-002  8.645428e-001  -5.089452e-001  1.253562e+000  -4.143414e-002  -3.838384e-001  3.508992e-001  -3.654548e-001  -2.120122e-001  3.059062e-001  2.107447e-001  7.998936e-001  7.328821e-001  4.348045e-001  
0
1
2
13 0 10 3 0 -1
12 1 10 1 0 3
tilted_haar_y3
-0.033163  898.071777  64
-3.799274e-001  -1.544823e-001  -5.181797e-001  -1.498716e-001  1.075880e-001  -3.583767e-001  -1.223274e-001  -1.571441e-001  -1.563205e-001  -2.792647e-001  -7.663945e-002  -3.877052e-002  1.818802e-001  5.815379e-002  -2.219554e-001  -3.609304e-002  9.764797e-002  2.155674e-001  1.933481e-001  8.839196e-002  1.873428e-001  -6.469442e-002  2.156518e-001  6.163322e-002  1.181399e-001  1.062871e-001  2.482357e-002  1.142532e-001  -1.799832e-001  2.358692e-001  9.798009e-002  -1.564718e-001  -1.253387e-001  3.418969e-002  1.379650e-001  -1.805693e-002  1.259742e-001  -7.991438e-002  6.290103e-003  -1.583990e-001  2.221885e-002  1.529248e-001  -7.041935e-003  -2.393198e-002  -1.149536e-001  6.865866e-002  2.024461e-001  2.062595e-001  3.278775e-001  -4.383750e-002  2.052726e-001  -3.231105e-001  -2.293208e-001  -3.617001e-001  6.037952e-002  -1.799103e-001  -2.015072e-001  -4.617442e-002  -4.684315e-001  -1.272034e-001  2.759162e-001  -8.655904e-001  -9.085674e-001  -2.252998e-001  
0
1
2
15 0 6 17 0 -1
17 0 2 17 0 3
haar_x3
-0.074569  357.802673  64
-3.635294e-001  7.462592e-002  -1.659008e-001  -4.218050e-001  -5.127680e-001  -2.407120e-001  -1.062013e-001  -2.576960e-001  2.214501e-002  -5.192438e-001  -2.402647e-001  -3.523487e-001  -9.056498e-002  9.842656e-002  -1.543035e-001  8.034579e-002  1.705564e-001  -1.311946e-001  1.157020e-001  1.190666e-001  1.077950e-001  2.011618e-001  -4.376870e-002  -2.215011e-002  6.263527e-002  -6.406840e-002  1.226457e-001  4.638192e-003  4.752840e-002  6.752638e-002  2.720042e-001  -1.146964e-001  7.796457e-002  8.903351e-002  -1.058379e-001  1.900685e-001  1.132154e-001  1.139633e-001  1.311141e-001  3.301595e-002  2.847531e-002  -1.459783e-001  -9.664519e-002  7.213288e-002  -1.206534e-001  -1.589679e-001  -1.365931e-001  1.469016e-001  1.156244e-003  -1.792104e-001  -1.556700e-001  1.975809e-001  -2.693237e-001  -3.001556e-001  -7.705082e-002  -1.118477e-002  -2.235463e-001  -3.376327e-001  -2.182982e-001  -7.797450e-001  -3.128631e-001  -7.268311e-001  -2.025298e-001  -5.609673e-001  
0
1
2
17 2 6 14 0 -1
20 2 3 14 0 2
haar_x2
-0.156731  206.531982  64
4.318424e-001  -2.248241e-001  7.666209e-002  -2.174955e-001  -4.624689e-002  3.645607e-002  2.428580e-001  7.116480e-002  3.055964e-001  8.727051e-002  3.250407e-001  1.529343e-001  1.005619e-002  -9.508507e-003  -1.408264e-003  3.913896e-002  -6.353770e-002  6.331159e-002  -3.893221e-002  -1.227790e-001  2.147836e-001  2.021862e-001  6.012627e-002  -3.788447e-002  3.836794e-002  -5.710711e-002  -1.372105e-001  -1.613258e-001  1.766337e-001  -1.945894e-001  6.988584e-002  -2.773175e-001  -1.501015e-001  -1.838273e-001  -4.358638e-002  -2.964553e-001  -1.460154e-001  3.980785e-002  1.199262e-001  2.388845e-002  -6.895319e-002  -6.176981e-002  5.721863e-002  1.568456e-001  1.240602e-001  3.174234e-001  3.273568e-001  3.965321e-002  -8.747191e-002  2.460755e-002  1.563580e-001  2.876843e-001  2.941919e-001  -1.283701e-001  4.248900e-001  3.313796e-002  3.340276e-001  4.759794e-001  4.424680e-001  -9.032796e-003  7.040394e-001  -6.742051e-002  -4.094899e-001  1.053126e-001  
0
1
2
4 12 5 12 0 -1
4 18 5 6 0 2
haar_y2
-0.123462  310.409851  64
3.673324e-001  6.144692e-001  -5.030379e-002  6.197470e-001  6.092139e-001  1.010698e+000  9.621743e-002  -6.425957e-002  2.848590e-001  -1.179797e-001  3.984611e-001  2.877131e-001  -2.718636e-001  1.351894e-001  -1.117215e-001  -7.390189e-003  8.377691e-002  -8.667178e-002  -1.005252e-001  -5.578430e-002  -1.153828e-001  6.457107e-002  -1.703692e-001  6.282958e-002  -1.534503e-001  -1.239681e-001  -1.093349e-002  8.314110e-002  -5.985969e-002  8.148798e-002  -4.275915e-002  1.713286e-001  9.282234e-002  1.274855e-001  -3.579695e-002  4.807454e-002  -5.037686e-003  3.744870e-002  -8.955305e-002  -1.322800e-001  -3.097244e-001  1.865954e-002  -1.771853e-001  -1.069815e-001  -8.905886e-002  1.311997e-001  4.012447e-002  9.292838e-002  3.201652e-001  4.314108e-002  1.976483e-002  4.571848e-002  1.897158e-001  1.111434e-001  -2.356070e-001  -5.024780e-002  -2.131523e-001  -2.353053e-001  2.188334e-001  -5.515229e-001  3.529147e-001  4.283535e-001  3.895392e-001  1.286525e-001  
0
1
3
6 1 10 22 0 -1
6 1 5 11 0 2
11 12 5 11 0 2
haar_x2_y2
-0.153496  265.048431  64
-1.546740e-001  2.453606e-001  4.096365e-001  -4.032388e-001  1.551991e-001  1.515912e-001  -4.241333e-001  -7.549517e-002  -2.075207e-001  3.697678e-001  -2.445147e-002  -2.019058e-001  -5.894973e-003  -1.581934e-001  1.340062e-001  1.992689e-001  2.042704e-001  -1.153757e-002  1.818449e-001  1.248797e-001  -1.732342e-002  3.640656e-001  -8.153637e-002  -1.450556e-001  1.763730e-001  2.855176e-002  2.055521e-001  -7.533517e-002  8.266035e-002  3.118064e-002  6.517421e-002  -1.277414e-001  2.896820e-001  -9.407665e-002  -4.161402e-003  -4.668006e-002  -9.741876e-002  1.891835e-001  -1.296585e-001  8.236016e-002  7.491565e-002  2.494119e-002  1.020633e-001  -5.990716e-002  -1.243216e-001  9.072172e-003  -1.191927e-002  -1.989653e-001  4.268924e-002  -5.203421e-002  -7.740816e-002  -1.780714e-001  -6.939140e-002  2.283327e-001  -1.518259e-001  -1.232863e-001  3.084488e-001  4.923025e-001  -2.952287e-001  4.684527e-001  -2.247482e-001  -2.339368e-001  -1.625731e-001  -6.318806e-001  
0
1
2
2 1 20 2 0 -1
2 1 20 1 0 2
tilted_haar_y2
-0.035116  827.635803  64
-3.384952e-001  2.297565e-002  6.743441e-002  -1.997631e-001  3.120225e-002  -5.901238e-001  7.298525e-003  -2.190812e-001  -3.099472e-001  1.362869e-001  1.119894e-001  1.342710e-001  -1.821008e-002  1.628806e-002  2.878281e-002  4.410685e-002  1.620595e-002  2.354692e-001  -1.174297e-001  5.750348e-002  2.555569e-001  6.925499e-003  -6.482632e-003  5.747011e-002  1.553148e-001  -7.812309e-002  6.817143e-002  -1.714102e-001  9.260739e-002  -1.597759e-001  1.200201e-001  -1.508518e-002  2.918981e-002  4.857239e-002  1.910188e-001  -1.758431e-001  -1.060056e-001  -7.519636e-002  5.002979e-002  7.840763e-003  7.729951e-002  1.528259e-001  2.148172e-001  6.560028e-002  -1.079169e-001  3.942803e-001  8.921131e-002  2.072616e-002  -1.547747e-002  -2.335708e-001  -3.193616e-001  -1.311779e-001  1.037518e-001  -4.268734e-001  7.732805e-002  4.466565e-001  4.480003e-001  -1.307423e-001  1.619240e-001  -4.177598e-001  -3.327626e-001  5.781618e-001  -7.878270e-001  -5.132686e-001  
0
1
2
16 0 8 17 0 -1
18 0 4 17 0 2
haar_x4
-0.150528  177.302231  64
4.474259e-002  1.396662e-001  5.660731e-001  2.986727e-001  8.332648e-001  6.268533e-002  -2.333932e-001  1.260652e-001  -7.726371e-002  -2.561813e-001  1.050358e-001  2.498531e-001  -3.886839e-004  1.851875e-001  -1.140310e-001  -1.137104e-001  2.461950e-001  1.040546e-001  4.095572e-002  -5.241563e-003  -4.029127e-002  1.329337e-002  -1.757495e-001  -2.675332e-002  -2.727742e-001  -5.812138e-002  -2.967024e-003  -3.745416e-002  -1.713992e-001  -1.710313e-001  -3.569144e-002  -3.301862e-002  6.988402e-002  -9.427928e-002  -1.164411e-002  1.039604e-001  1.005277e-001  -3.023569e-002  7.968460e-002  8.477976e-002  2.078579e-001  1.024160e-001  -1.384675e-001  2.619931e-001  6.768680e-002  3.105523e-001  -8.886898e-002  3.939628e-001  -2.003661e-001  1.490780e-001  2.837958e-001  3.118432e-001  4.709284e-001  -7.768288e-002  3.339123e-001  9.441280e-001  9.367888e-001  -3.642383e-001  4.744352e-001  -5.648063e-001  -1.230415e-001  5.359783e-002  3.289848e-001  2.423112e-001  
0
1
2
3 5 9 6 0 -1
3 8 9 3 0 2
haar_y2
-0.058455  409.143707  64
3.071813e-001  3.918080e-001  5.450200e-001  1.865994e-001  -1.486074e-001  -7.737774e-002  4.012849e-001  1.903599e-001  3.174240e-002  2.214238e-001  3.473461e-001  5.223618e-001  2.425459e-001  1.028136e-003  -1.399274e-001  -1.015746e-001  -7.671842e-002  -3.478064e-001  2.113092e-002  9.086885e-002  -1.541191e-001  5.162232e-002  -1.607575e-001  -8.064824e-002  -2.158710e-002  -3.812898e-002  -3.227490e-001  -8.361676e-002  8.422848e-002  1.246584e-002  5.813558e-002  -2.805615e-002  -3.353916e-002  1.393109e-001  7.686274e-002  -1.474488e-001  -5.116682e-002  -4.532821e-002  -5.794067e-002  8.806831e-002  5.598897e-002  -9.033889e-003  5.633955e-002  3.241124e-001  1.321110e-001  2.499844e-001  1.665994e-001  -2.175444e-002  -1.844888e-001  6.352303e-002  -1.242224e-001  1.735808e-001  3.712546e-002  9.280304e-002  -4.906901e-003  2.141439e-001  2.358655e-001  1.119250e+000  2.560783e-001  -1.429517e-001  2.376149e-002  -4.337265e-001  5.457864e-001  1.026548e-001  
0
1
3
2 4 22 6 0 -1
2 4 11 3 0 2
13 7 11 3 0 2
haar_x2_y2
-0.076910  359.451385  64
3.420793e-001  6.897296e-001  2.944367e-001  2.159311e-001  1.448942e-001  1.047077e-001  1.400161e-002  1.253761e-001  -5.185143e-001  8.972363e-003  -3.379898e-001  -1.165798e-001  -3.567131e-001  -3.386796e-001  -1.846717e-001  -5.474812e-002  -1.023146e-001  -1.998240e-001  -5.006442e-002  -2.022978e-001  -4.952287e-002  -1.893670e-002  -1.198514e-001  1.830176e-001  6.265056e-002  2.043169e-002  7.533915e-002  2.730151e-001  1.052163e-001  -1.349516e-002  1.273856e-001  4.539788e-002  9.668945e-002  7.509926e-002  -7.376207e-002  4.603339e-002  -1.184878e-001  4.485692e-002  1.439679e-001  -7.582681e-003  5.259010e-002  -1.251655e-001  -2.000307e-002  -1.393081e-001  -1.291097e-001  -9.330443e-002  -5.400711e-002  -1.608167e-001  -2.016666e-001  -1.124419e-001  1.177074e-002  5.000241e-003  3.157418e-001  1.821559e-002  -7.401065e-002  6.258977e-002  -1.711782e-001  -1.497757e-001  -1.374443e-001  -3.226533e-001  -6.056291e-001  6.372054e-001  -7.531034e-001  -3.607304e-001  
0
1
2
2 14 13 9 0 -1
2 17 13 3 0 3
haar_y3
-0.143410  214.262741  64
-6.877654e-002  3.375975e-001  4.776175e-001  2.201679e-001  -3.697916e-001  -4.579900e-001  -2.560166e-001  7.071613e-002  1.450101e-001  -6.473476e-001  -4.581559e-002  -6.341900e-003  1.166046e-002  -2.060769e-001  -2.320578e-001  1.777844e-002  1.030082e-001  8.424963e-002  7.562508e-002  1.148831e-001  2.135395e-001  1.445739e-001  1.134788e-001  1.164335e-001  1.210123e-001  4.034368e-002  1.066547e-001  -5.263100e-002  2.079713e-001  9.847756e-002  -6.888205e-002  -7.022973e-002  -1.065817e-002  -2.302477e-001  -1.378567e-001  -1.702166e-001  -7.288729e-002  1.000508e-002  -1.439197e-003  -1.470180e-001  3.587156e-002  1.164902e-001  -1.006451e-001  9.907883e-002  -6.427357e-002  5.635492e-001  -1.300330e-001  -5.472661e-001  3.455186e-001  -2.295463e-001  4.934203e-003  -8.303781e-002  -1.433923e-001  2.058959e-001  -2.243901e-001  1.958558e-001  7.792754e-002  -5.261325e-001  2.919468e-001  -6.129514e-002  -4.267809e-001  -1.684042e-001  6.308936e-002  -2.237744e-001  
0
1
3
0 18 18 6 0 -1
0 18 9 3 0 2
9 21 9 3 0 2
haar_x2_y2
-0.096042  272.946075  64
1.362841e-001  -1.274635e-001  -1.065252e-001  -3.486640e-001  4.509480e-001  -2.307392e-001  -4.350151e-002  2.445844e-001  2.263960e-002  -4.598480e-003  2.484249e-001  5.758991e-002  3.109090e-001  3.265197e-002  9.230103e-002  1.512345e-001  -8.162850e-002  1.640431e-001  -3.856486e-002  -1.376366e-001  7.687552e-002  4.244204e-003  -1.651135e-001  4.625781e-002  -2.050458e-001  -3.001592e-003  -2.632074e-001  -1.660652e-001  -7.702701e-002  -2.327616e-002  -5.544718e-002  -1.144962e-001  -5.876074e-002  1.470541e-001  2.975747e-002  2.217049e-001  8.934263e-002  1.150993e-001  9.295530e-002  1.693670e-001  1.413960e-001  1.396190e-001  7.401228e-002  -8.136160e-003  3.351723e-001  1.104363e-001  8.605561e-002  9.797700e-002  2.793049e-001  1.693991e-001  7.238355e-001  2.566017e-001  1.027552e-001  6.570053e-001  7.717524e-001  6.333417e-001  -2.156566e-001  -7.969622e-002  4.553511e-001  9.733138e-002  2.325340e-001  7.247691e-001  -8.335323e-001  -6.391963e-002  
0
1
2
16 1 8 14 0 -1
18 3 4 14 0 2
tilted_haar_x4
-0.123363  272.786926  64
-2.628268e-001  3.146461e-001  -5.354952e-001  4.383789e-001  6.170831e-001  -1.517982e-001  4.218015e-001  6.202525e-002  -1.515722e-001  2.694423e-002  4.634740e-002  1.957266e-001  2.152911e-001  1.011404e-001  1.451612e-001  5.817442e-002  1.840940e-001  1.445765e-002  2.623348e-001  -6.357811e-002  1.013898e-001  -4.508844e-002  5.371813e-002  6.599324e-002  -1.510779e-001  6.217513e-002  -2.266859e-002  5.811110e-003  9.264875e-002  1.155269e-001  1.341724e-001  -8.877572e-003  -3.840461e-002  1.378751e-001  1.169655e-001  1.578281e-003  -1.664286e-001  -7.124457e-002  -6.541555e-002  -1.143153e-002  4.863965e-003  -2.294958e-002  -2.521933e-001  -7.630534e-002  7.244938e-002  1.082485e-002  -9.149203e-002  3.807390e-002  1.461228e-001  -3.971937e-001  -3.059951e-001  -5.865371e-001  -3.034965e-001  -1.143935e-001  -2.703152e-001  -2.992730e-001  -4.043371e-001  2.826189e-001  -1.363758e-001  -1.519090e-001  4.644119e-001  -9.271564e-001  6.076005e-001  -4.634646e-001  
0
1
2
3 2 6 14 0 -1
5 2 2 14 0 3
haar_x3
-0.054736  402.856628  64
-2.438592e-001  -5.915867e-002  -6.643213e-002  -4.427557e-001  -5.867885e-001  -3.783276e-001  -1.390772e-001  3.584389e-001  1.111916e-001  -3.142172e-001  -1.185694e-001  -3.537719e-001  -6.296487e-002  -1.334099e-001  -2.851478e-001  -5.354737e-002  7.227561e-003  -5.986359e-002  1.298442e-001  6.590725e-002  6.035591e-002  -5.027819e-002  1.062648e-001  -6.673235e-002  1.126610e-001  3.799281e-002  1.211578e-001  1.122127e-001  1.648721e-001  6.876532e-002  3.079963e-002  2.078272e-001  1.208373e-001  -2.628788e-003  1.246852e-001  7.512855e-002  -4.278178e-002  -1.192146e-001  1.133939e-001  -1.526371e-001  1.983162e-003  -9.987326e-002  -1.709746e-001  1.530326e-001  -1.312207e-001  -4.022432e-001  6.394508e-003  7.568160e-002  2.436732e-001  3.714101e-002  -4.115876e-003  -2.305429e-001  -1.964991e-001  -2.362268e-001  3.334504e-001  -1.305658e-001  -2.240747e-001  -1.872754e-001  6.551355e-002  5.009546e-001  -9.627489e-001  -5.969807e-002  -2.328921e-001  -2.805598e-001  
0
1
2
2 2 6 20 0 -1
5 2 3 20 0 2
haar_x2
-0.161391  168.257507  64
4.495483e-002  1.435650e-001  2.864302e-001  3.033803e-001  4.807886e-003  7.091246e-002  2.856487e-001  3.204226e-001  1.349453e-001  1.805601e-001  9.971181e-002  -9.058248e-002  2.923826e-001  1.769408e-001  1.249834e-002  1.805082e-001  -1.540036e-001  2.088939e-001  2.428322e-002  4.204743e-002  2.223715e-002  -7.513154e-003  -5.123486e-002  -1.904621e-001  -4.264353e-002  -1.214866e-001  2.169330e-002  -6.119217e-002  -1.770903e-001  -7.983315e-002  -2.011827e-001  -8.115956e-003  -1.049077e-001  2.996271e-003  8.716134e-004  8.407137e-002  -2.769188e-002  -7.515974e-002  -8.717678e-002  -2.970955e-002  8.345010e-002  3.416792e-002  -9.308258e-003  8.654007e-002  -7.007100e-002  -1.193259e-001  1.933222e-001  -1.501611e-001  -4.012979e-001  1.389097e-001  4.005230e-001  1.186707e-001  -9.347118e-002  2.204555e-002  3.790931e-001  1.100096e+000  3.109760e-001  6.710097e-001  2.918989e-001  8.864128e-002  1.391986e-001  1.082202e-001  2.230429e-001  4.286048e-001  
0
1
2
7 2 9 9 0 -1
10 2 3 9 0 3
haar_x3
-0.051108  347.594971  64
-7.704276e-002  3.024159e-001  3.208255e-001  -7.595857e-002  1.518959e-001  8.093112e-001  9.532566e-002  7.967342e-002  2.109822e-001  -1.598499e-001  -1.955707e-001  1.436235e-001  -6.868900e-002  -2.397859e-002  4.603307e-002  -4.885557e-002  -2.154341e-001  -1.167679e-001  -2.300110e-001  -5.751459e-002  -1.830497e-001  -8.921889e-002  -1.987122e-001  -1.047841e-001  -5.522563e-002  -1.312325e-001  -1.070140e-002  2.021994e-002  7.472053e-002  8.413301e-003  7.802816e-002  -5.884585e-002  1.277009e-002  1.376129e-001  1.005482e-001  3.677740e-001  2.957744e-002  1.820289e-001  7.295260e-002  1.819108e-001  -2.822845e-002  2.355476e-001  2.518939e-001  -6.151592e-002  2.869846e-001  4.421071e-001  -2.488074e-001  9.636763e-002  -1.240477e-002  -1.677989e-001  1.700388e-002  2.092307e-001  -2.301700e-001  7.947069e-002  1.200333e-001  7.729520e-001  -6.072290e-003  9.139345e-002  -5.548671e-002  2.862911e-001  -3.076187e-001  -4.654557e-001  2.199351e-001  -7.264972e-002  
0
1
2
4 7 6 10 0 -1
4 12 6 5 0 2
haar_y2
-0.061957  420.801575  64
-1.865372e-002  -1.273324e-002  -1.107844e-001  -4.333976e-001  -1.477118e-002  7.228290e-002  1.379731e-001  5.237694e-001  -1.123408e-001  9.257699e-002  -9.578986e-002  -1.318640e-001  1.035894e-001  1.341761e-001  2.096476e-001  -5.702583e-002  1.843626e-003  2.350265e-001  -3.805717e-002  2.346164e-001  -7.503067e-002  1.709276e-002  6.429660e-002  8.794824e-003  -3.749138e-002  1.019336e-001  -1.073800e-001  -7.583634e-002  -2.320327e-001  -1.408986e-001  3.259324e-003  -2.060723e-001  -1.674714e-002  -1.113174e-002  1.467769e-001  4.551375e-003  6.709518e-002  2.225599e-001  -8.444849e-002  -2.130442e-002  1.547808e-001  1.851417e-001  2.409388e-001  4.298929e-003  9.692878e-003  -4.011002e-002  5.576511e-003  1.851973e-001  -3.353548e-001  6.180971e-002  5.609506e-001  -1.135535e-001  3.435499e-001  1.417794e-004  -2.289391e-001  -1.535551e-001  -7.719941e-001  2.562826e-002  -6.950788e-001  2.490719e-001  -3.453792e-001  4.502723e-001  4.298507e-001  1.409018e-001  
0
1
2
8 2 7 18 0 -1
8 11 7 9 0 2
haar_y2
-0.146672  251.060318  64
-1.805494e-001  1.577594e-001  -3.863397e-001  -1.557688e-003  -4.446007e-001  -2.835363e-001  -3.232346e-002  -5.007122e-001  -1.018690e-001  2.966493e-001  -1.301458e-001  3.659680e-001  -7.874276e-002  6.270772e-002  1.536916e-001  7.976406e-003  1.426427e-001  2.396782e-001  -1.861026e-001  -1.887815e-001  1.754662e-001  -4.602297e-002  2.959476e-003  -4.765671e-002  -2.865427e-002  3.628825e-002  -2.539281e-001  5.048755e-002  1.630581e-001  1.493082e-001  1.351690e-002  2.082197e-001  1.337112e-001  5.584643e-005  1.681257e-001  1.761776e-002  1.965934e-002  2.615217e-001  -1.500914e-001  1.070947e-001  1.347785e-001  -1.338161e-001  -1.058239e-001  -1.340099e-001  1.294158e-001  -3.093361e-001  -1.043833e-001  -4.964213e-002  -1.757424e-001  -2.514645e-001  2.046688e-002  -1.964633e-001  1.708654e-001  1.831487e-001  -2.988989e-002  4.859732e-002  -4.369773e-002  1.922016e-001  -4.414402e-001  -2.052335e-001  -1.816208e-001  -1.450065e-001  -1.796402e-001  -3.178750e-001  
0
1
2
9 1 10 6 0 -1
14 1 5 6 0 2
haar_x2
-0.092650  407.302032  64
-1.808918e-001  -2.663832e-001  -4.011251e-001  6.434959e-002  -2.227168e-001  4.793304e-003  5.042262e-002  -6.364191e-002  -3.589365e-001  -3.247169e-001  2.435266e-001  1.010294e-001  -1.298262e-001  6.806127e-002  1.921229e-001  6.472898e-002  1.512498e-001  5.666804e-003  -1.320713e-001  -3.965994e-002  7.657363e-002  1.058538e-001  -1.545229e-001  1.725771e-002  1.593956e-001  -1.097144e-001  2.720156e-003  -6.573325e-002  -2.623935e-002  -7.202918e-002  2.035193e-001  -2.009297e-002  1.163298e-001  -1.064778e-002  1.136843e-001  1.407187e-001  4.709385e-002  -3.081702e-002  -6.588548e-002  -2.274439e-001  -1.419930e-001  1.110720e-001  -3.640591e-002  -2.593342e-001  -3.561153e-002  2.259876e-002  1.003173e-001  -2.988704e-002  2.253163e-001  5.574671e-002  1.192580e-002  -2.106598e-001  -3.958713e-002  1.435810e-002  5.367011e-002  1.339835e-001  3.794673e-001  7.328337e-001  1.185898e+000  6.978873e-001  9.972520e-001  -2.324935e-001  8.294875e-002  -1.995172e-001  
0
1
2
9 14 6 10 0 -1
9 19 6 5 0 2
haar_y2
-0.096336  333.623474  64
4.999614e-002  7.229420e-002  1.160235e-001  4.005235e-002  -3.277943e-001  -3.652647e-001  -2.123309e-001  1.107017e-001  2.468352e-002  1.998949e-001  -2.210120e-002  -2.442903e-001  -1.336418e-001  -4.188412e-001  -1.021955e-001  -1.804420e-002  -1.535580e-001  -6.953663e-002  -2.706107e-001  1.059863e-001  -9.493352e-002  -1.208823e-001  -3.745543e-003  -1.748970e-001  -3.318712e-001  6.330220e-002  -1.801788e-001  4.119486e-003  -4.263730e-002  4.590411e-002  1.329249e-001  1.274607e-001  1.610611e-002  1.101283e-001  1.668646e-001  2.156465e-001  1.190991e-002  1.738934e-001  1.386494e-001  1.007755e-001  4.691958e-002  8.058672e-002  8.080994e-002  -8.322715e-002  -1.705630e-002  9.863349e-002  -3.858666e-002  -4.423470e-001  7.152986e-002  -2.659685e-001  -1.810513e-001  -9.326244e-002  -9.568560e-002  -3.180809e-001  -3.167648e-001  -1.986910e-001  -2.979290e-001  -2.736347e-001  -3.820460e-001  -2.712772e-001  -2.108647e-001  -1.288267e-001  -1.016234e-001  -5.964087e-001  
0
1
2
6 8 7 14 0 -1
6 15 7 7 0 2
haar_y2
-0.136575  331.731018  64
-2.722992e-001  3.297413e-001  4.265810e-002  -1.691006e-002  -3.770224e-001  6.427291e-002  2.804987e-001  -1.274315e-001  -1.117232e-001  4.941424e-002  5.847618e-002  7.301204e-002  3.780097e-002  5.940454e-002  2.562196e-001  2.127409e-001  -2.818236e-001  3.702801e-001  1.424377e-001  7.867254e-002  2.262098e-001  4.732321e-001  1.604617e-001  6.903812e-002  2.593006e-001  1.846832e-001  9.012862e-002  1.263522e-001  7.117111e-002  -5.663384e-002  8.419795e-002  -2.507954e-002  -1.322307e-001  1.059001e-001  -1.511127e-001  -7.418357e-002  -1.426497e-001  -1.624424e-001  -7.316162e-002  -4.408886e-002  5.372852e-002  2.720735e-001  -1.240852e-002  7.074237e-004  1.179216e-002  5.572149e-002  -3.348448e-002  -4.846874e-002  1.120530e-001  -4.562426e-002  1.005289e-001  -1.916900e-001  -2.551784e-001  -2.637717e-001  -2.358116e-001  1.958747e-001  -1.120804e-001  2.267076e-002  -4.377580e-001  -9.444926e-004  -2.541664e-001  -9.831493e-002  -3.230512e-001  -3.514006e-001  
0
1
3
6 0 14 8 0 -1
6 0 7 4 0 2
13 4 7 4 0 2
haar_x2_y2
-0.076380  362.143219  64
-2.900431e-001  -1.692172e-002  1.339608e-001  3.836823e-001  3.665352e-001  -3.509909e-001  9.416503e-001  3.290819e-002  -1.908680e-001  -1.621774e-001  -1.631372e-002  -9.033538e-002  -7.025161e-002  -2.465597e-001  1.948011e-002  -2.595110e-001  -2.076166e-001  -1.238229e-001  -9.559265e-002  8.307447e-002  -1.677937e-001  -7.124099e-002  -6.612395e-002  1.303543e-001  1.240598e-001  1.401777e-001  8.965401e-002  1.206006e-001  1.413802e-002  1.380457e-001  7.541138e-002  1.071966e-001  7.669942e-002  -5.345987e-003  1.309880e-001  7.731988e-002  7.550169e-002  4.689299e-002  -8.371191e-002  -1.338977e-001  -2.537713e-001  -1.322845e-001  -2.169855e-001  -3.343065e-001  3.066510e-002  -9.101301e-002  -1.052393e-001  2.637330e-001  -4.907165e-001  7.450248e-002  -4.719548e-002  -1.537380e-001  1.481344e-001  -7.708820e-002  -2.601863e-002  -1.986158e-001  1.921034e-001  3.057458e-001  -3.380272e-001  -3.837954e-001  3.094562e-001  -1.780007e-001  5.624439e-001  1.276903e-001  
-1.923591 
