2 
0
1
2
21 9 2 10 0 -1
21 9 2 5 0 2
tilted_haar_y2
-0.059655  423.190125  64
-2.393938e+000  -1.594179e+000  -1.433957e+000  -1.445535e+000  -1.490304e+000  -1.521336e+000  -1.723653e+000  -1.584749e+000  -1.587504e+000  -9.580651e-001  -1.514300e+000  -1.621383e+000  -1.713310e+000  -1.547802e+000  -1.485663e+000  -1.550395e+000  -1.022235e+000  -1.140141e+000  -1.222940e+000  -1.275272e+000  -1.099389e+000  -1.198776e+000  -8.317814e-001  -1.049922e+000  -1.050887e+000  -9.190215e-001  -7.036437e-001  -6.646268e-001  -5.136882e-001  -4.338439e-001  -3.338672e-001  -4.442197e-001  -1.909484e-001  -1.691916e-001  -9.418800e-002  -4.177937e-002  -1.129810e-001  2.577666e-002  9.239344e-002  -4.926272e-002  8.479515e-002  1.950549e-001  1.580145e-001  1.574593e-001  1.218489e-001  3.185967e-001  3.082048e-001  1.734520e-001  2.853495e-001  5.069359e-001  2.266313e-001  5.219680e-001  2.748837e-001  5.171813e-001  3.823582e-001  4.259742e-001  2.417492e-001  6.342213e-001  1.200832e-002  3.349316e-001  5.928778e-001  3.875329e-001  1.596606e-001  2.796696e-001  
0
1
2
0 15 24 9 0 -1
6 15 12 9 0 2
haar_x4
-0.367956  86.248589  64
1.916508e+000  6.130157e-001  1.261216e+000  1.153736e+000  7.704759e-001  1.302164e+000  1.436513e+000  1.309548e+000  1.282044e+000  5.862103e-001  7.976466e-001  6.801177e-001  7.335576e-001  5.430616e-001  4.813649e-001  3.550624e-001  4.408544e-001  1.994022e-001  1.409660e-001  3.265800e-002  1.151633e-001  -1.440365e-001  -1.975832e-001  -2.295484e-001  -3.713920e-001  -2.218440e-001  -3.552727e-001  -5.025242e-001  -3.885123e-001  -5.922955e-001  -5.207307e-001  -6.448327e-001  -6.929070e-001  -6.644563e-001  -4.981816e-001  -5.852866e-001  -4.052792e-001  -3.569025e-001  -3.400668e-001  -2.362878e-001  -1.423994e-001  -4.393482e-002  6.586389e-002  1.318976e-001  2.426033e-001  4.337181e-001  5.861602e-001  7.631526e-001  1.299472e+000  1.092641e+000  1.274704e+000  1.535393e+000  1.025950e+000  1.355055e+000  1.341190e+000  1.261650e+000  1.150105e+000  1.173833e+000  1.027367e+000  1.656054e+000  1.458503e+000  1.137599e+000  1.069960e+000  8.984193e-001  
-2.025663 
