28 
0
1
2
13 10 6 8 0 -1
13 10 6 4 0 2
tilted_haar_y2
-0.109028  227.282104  64
7.439660e-003  -9.447383e-001  5.052155e-002  -2.769307e-001  1.441636e-001  -3.327923e-001  -1.431626e+000  -5.134624e-001  -7.871712e-001  -2.301440e-001  -5.287738e-001  -6.249556e-001  -2.046589e-001  -6.545389e-001  -6.779380e-001  -6.664820e-001  -5.993482e-001  -2.051398e-001  -1.040397e+000  -1.510847e+000  -3.666096e-001  -3.383096e-001  -8.409771e-001  -4.851786e-001  -7.688204e-001  -8.386186e-001  -2.946179e-001  -1.113889e+000  -8.698062e-001  -5.165725e-001  -9.451452e-001  -9.356140e-001  -8.344392e-001  -7.110764e-001  -1.377539e+000  -5.296578e-001  -5.883964e-001  -5.615022e-001  -5.095794e-001  -9.156528e-001  -6.273528e-001  -1.086418e+000  -5.985410e-001  -7.408316e-001  -5.573018e-001  -6.624151e-001  -5.210688e-001  -2.655937e-001  -5.461937e-001  -3.005785e-001  -2.699217e-001  -2.920876e-001  -7.536942e-001  -1.563023e+000  -2.455595e+000  -2.275174e+000  -9.001406e-001  -2.681260e-001  -5.192756e-001  -1.137897e+000  -3.262433e-001  -1.427094e+000  -4.848468e-001  -1.637589e+000  
0
1
2
2 0 6 21 0 -1
5 0 3 21 0 2
haar_x2
-0.140717  194.799774  64
-2.379391e-002  -1.264970e+000  -2.500622e-002  -5.851609e-001  -6.738627e-001  1.716557e-001  2.343191e-001  -2.427243e-001  -6.980850e-001  8.248153e-002  2.835457e-001  5.796458e-001  2.087182e-001  -2.981905e-001  -3.973671e-001  6.641110e-001  2.431461e-001  4.088939e-001  8.817165e-002  -2.464711e-001  1.299861e-001  2.194001e-001  -3.782193e-001  1.191601e-001  -2.241886e-001  -1.402638e-001  1.777300e-001  1.600401e-002  -1.397312e-001  2.341360e-001  1.617033e-001  2.435720e-001  -3.113848e-001  2.214917e-001  2.408229e-001  3.010434e-001  -4.358715e-001  -2.406545e-001  5.376461e-001  -7.439818e-002  3.265464e-001  -8.233806e-002  -1.657298e-001  1.360065e-001  -4.760633e-002  -9.767876e-001  4.327783e-001  -4.704916e-001  4.680356e-001  5.690215e-001  5.089873e-001  2.624853e-001  5.209910e-001  6.365283e-001  -5.033771e-001  1.989683e-001  3.164036e-001  9.930753e-001  1.001198e+000  6.635904e-001  4.743470e-001  6.044499e-001  4.793203e-001  6.892343e-001  
0
1
2
3 18 10 6 0 -1
3 21 10 3 0 2
haar_y2
-0.089026  349.897736  64
2.341583e-001  -8.950870e-002  -1.863218e-001  -4.442324e-001  -4.267158e-001  8.101013e-001  -4.914067e-001  -1.853348e-002  -1.078522e-001  -1.806060e-001  -1.522458e-001  4.242994e-001  3.573623e-001  8.173293e-003  -3.797501e-001  8.803507e-002  2.216794e-001  -5.277996e-001  1.615559e-001  -4.364859e-001  -1.465909e-002  -3.829637e-001  -4.161327e-001  -4.641197e-002  3.183029e-001  9.972093e-002  9.934350e-002  3.956808e-001  3.335826e-001  -1.433564e-002  2.334343e-001  1.967916e-001  3.301688e-001  1.114829e-002  3.307890e-001  -2.135787e-001  1.642493e-001  -3.922794e-001  9.454544e-002  6.966621e-001  6.820529e-002  2.776738e-001  2.500317e-001  3.885454e-001  2.641477e-001  -3.029053e-001  -2.346554e-001  2.682294e-001  -1.502532e-001  -3.012334e-001  -4.379697e-001  -4.617492e-001  -2.102500e-001  -2.692077e-002  -1.666907e-001  -3.978079e-001  -1.432150e-001  -4.927909e-001  -1.160927e+000  -1.267149e-001  1.652553e-001  -5.347165e-002  3.520832e-002  -6.677510e-001  
0
1
2
0 0 24 8 0 -1
0 2 24 4 0 2
haar_y4
-0.196379  186.894638  64
4.538831e-001  -5.914816e-001  2.838045e-001  1.421711e-001  1.415600e-001  1.910210e-001  -1.727762e-001  -1.006212e+000  -6.687405e-001  8.331288e-002  6.316123e-001  1.335766e-001  2.956172e-001  -2.597370e-001  -2.213620e-001  -4.276824e-001  2.297358e-001  3.237858e-001  -6.626112e-002  1.532463e-001  8.559842e-002  2.174153e-002  -2.184093e-001  2.971253e-001  -2.248805e-001  -3.633914e-001  -8.297057e-002  -2.976928e-001  -5.465702e-002  -9.073754e-002  1.985205e-001  5.242825e-002  1.121480e-001  2.287421e-001  2.265457e-001  2.533706e-001  3.489338e-001  -2.348525e-001  -3.781577e-002  2.938019e-001  2.718461e-001  -1.419148e-001  5.424301e-002  -1.423780e-001  -3.331297e-001  9.761473e-002  -5.563014e-001  2.540761e-001  5.552176e-001  4.518076e-001  -9.102402e-002  2.219425e-001  2.372357e-001  6.730095e-001  -3.120693e-001  -3.491670e-001  -3.497293e-001  4.924301e-001  -1.360839e+000  -2.909528e-001  -7.153594e-001  2.168873e-001  9.247643e-001  -8.279181e-001  
0
1
3
3 2 18 8 0 -1
3 2 9 4 0 2
12 6 9 4 0 2
haar_x2_y2
-0.147697  188.443817  64
4.801596e-001  -8.192531e-001  -2.896631e-001  7.905241e-001  2.210184e-001  1.966450e-001  -1.733457e-001  7.053449e-001  -2.100431e-001  -4.019583e-001  2.017822e-001  5.664127e-001  -6.075392e-002  -1.092223e-001  4.294230e-001  2.613012e-001  3.761476e-001  1.807873e-001  -2.665175e-001  8.056374e-002  3.257379e-001  -1.417062e-001  -3.573005e-001  -4.975599e-002  -2.962774e-002  -2.570664e-001  -2.956966e-001  7.880020e-002  -1.622589e-001  -2.021516e-001  -1.475779e-001  -7.526124e-002  -6.333842e-002  1.161994e-001  3.096275e-001  -8.209247e-002  1.558138e-002  -8.968654e-002  -2.332873e-001  8.912115e-002  2.308783e-001  4.860485e-001  7.009529e-002  3.465836e-001  3.268047e-001  1.451525e-001  1.495749e-001  4.136806e-001  5.013219e-001  1.784023e-001  -4.170009e-001  2.810582e-001  -8.617455e-002  4.865223e-001  1.904312e-001  2.600157e-001  8.429619e-001  -1.827729e-001  7.540085e-001  1.174624e+000  2.463250e-001  5.318595e-001  2.919093e-001  9.813086e-001  
0
1
3
6 8 18 10 0 -1
6 8 9 5 0 2
15 13 9 5 0 2
haar_x2_y2
-0.087658  242.570557  64
-6.807576e-001  1.359899e-001  3.587678e-002  -6.813439e-002  -3.513451e-002  -1.256815e-001  -5.616896e-001  1.196264e-002  -1.279889e-001  -3.358063e-001  2.767536e-002  3.800108e-001  -9.343316e-002  1.603943e-001  4.271950e-001  2.341175e-002  3.048478e-001  2.456350e-001  -1.117017e-002  3.113603e-001  -5.189133e-002  1.929618e-001  3.098175e-001  2.582083e-001  -1.713395e-001  1.146715e-001  3.053295e-002  1.088801e-001  -1.200516e-001  -2.539068e-001  1.122960e-001  1.209380e-001  3.065451e-002  7.325484e-002  -4.887017e-001  -3.537852e-001  1.143357e-001  1.051684e-001  -2.862295e-001  1.336437e-001  1.125797e-001  -1.552141e-001  1.027870e-001  -1.575726e-001  -2.790094e-001  2.612697e-001  -3.741720e-001  5.273494e-001  1.404041e-001  -5.258348e-001  8.030340e-001  -2.966405e-001  -4.754489e-001  -4.700094e-001  -1.506360e-001  1.250142e+000  -2.510158e-001  -2.810287e-001  -4.538106e-001  -6.961917e-001  4.924814e-001  6.304549e-001  -4.522334e-001  5.412530e-002  
0
1
2
11 4 12 6 0 -1
9 6 12 2 0 3
tilted_haar_y3
-0.111143  271.228638  64
3.114856e-001  -6.563616e-002  2.090512e-001  -6.328917e-001  -1.332420e-001  4.384533e-001  4.260441e-002  8.821552e-002  -3.033732e-001  -6.398371e-001  -3.414916e-001  -1.102174e-002  -1.473294e-001  -2.352936e-001  7.575721e-002  -3.289831e-001  -1.729387e-001  -3.305680e-001  -1.306289e-001  -3.925596e-001  -8.787436e-002  5.220273e-002  1.634154e-002  -3.309865e-001  -1.682467e-001  2.839893e-001  1.384875e-001  -5.266176e-002  -3.393865e-002  5.331074e-002  3.250148e-001  2.718163e-001  2.358463e-001  1.413001e-001  7.541240e-002  -1.267243e-001  3.518771e-002  5.804415e-002  1.786329e-001  8.939712e-002  -1.412803e-001  2.115463e-001  1.385094e-001  -2.019680e-001  7.450865e-001  3.228773e-002  -3.717352e-001  1.366907e-001  -1.202927e-001  2.053427e-001  4.726424e-001  9.743160e-002  6.166378e-001  2.752023e-001  -1.885135e-001  -7.267351e-001  -1.404791e-001  -7.200153e-001  -3.903504e-001  -2.728497e-001  -3.627710e-001  -4.390241e-002  -2.501463e-001  -7.053481e-001  
0
1
3
0 10 8 14 0 -1
0 10 4 7 0 2
4 17 4 7 0 2
haar_x2_y2
-0.156912  203.790894  64
6.833033e-001  -1.778918e-001  2.961013e-001  -9.622320e-002  -5.138830e-001  3.145050e-001  4.465636e-001  5.319374e-001  1.809389e-001  9.864470e-002  5.945007e-001  3.346974e-001  2.876816e-001  7.327273e-001  6.913842e-001  4.501436e-001  3.699743e-001  1.256754e-001  8.064947e-002  4.921572e-002  2.566566e-001  1.086253e-001  -3.392819e-002  3.685788e-002  -2.580124e-002  -2.298233e-001  -7.357866e-002  -2.959131e-001  -1.668790e-001  -2.394666e-001  -9.158286e-002  1.048954e-003  -8.797726e-002  1.533137e-001  -1.686956e-002  -2.418063e-001  -1.845838e-001  -6.431624e-002  -1.154539e-001  5.256762e-002  -1.240444e-001  1.969389e-002  -4.831756e-002  -1.800741e-001  1.533233e-001  3.316728e-001  2.478418e-001  3.733138e-001  -3.582087e-001  1.435005e-002  7.709218e-001  6.298714e-001  1.081881e+000  4.612688e-001  3.713576e-001  7.574590e-001  4.260180e-001  7.536999e-001  5.343786e-001  4.821664e-001  3.616622e-001  7.404947e-001  4.350076e-001  3.372862e-002  
0
1
2
10 0 14 6 0 -1
10 2 14 2 0 3
haar_y3
-0.103676  293.758331  64
-1.962075e-001  1.471514e-001  -2.573718e-001  8.872879e-002  5.104331e-001  5.142710e-001  4.177257e-001  1.125352e+000  -1.428670e-002  1.902639e-001  1.060636e+000  3.059431e-001  2.183182e-001  -3.230859e-002  2.191643e-001  2.306160e-001  8.758713e-002  1.098784e-001  1.913477e-001  -1.545105e-001  7.101072e-002  -2.746785e-002  1.105509e-001  1.989924e-001  -1.440327e-001  1.156403e-001  -1.200326e-001  -1.758555e-001  1.353024e-001  9.251776e-003  -2.759935e-001  -1.382005e-001  -8.845288e-002  -4.421809e-002  5.248573e-002  3.708246e-002  8.210951e-002  1.656740e-001  3.332662e-001  3.115655e-001  1.404391e-001  2.916217e-001  -1.696947e-002  2.604293e-001  5.535720e-003  -1.430738e-001  -5.634449e-001  2.716952e-002  2.801340e-001  -3.644848e-001  6.994776e-002  -2.983597e-001  -5.791660e-001  -4.133428e-001  2.135040e-001  -2.736680e-001  3.094012e-001  -1.688763e-001  -1.588120e+000  -1.036950e+000  -3.951135e-001  5.755275e-001  -2.637842e-001  -5.327129e-001  
0
1
2
1 11 17 10 0 -1
1 16 17 5 0 2
haar_y2
-0.218196  207.569778  64
3.916922e-001  1.286443e+000  4.115905e-001  1.277974e+000  -6.460336e-002  -2.266343e-001  5.462756e-001  -1.272280e-001  4.293533e-001  3.857301e-001  6.596484e-001  1.034767e-001  -1.916554e-001  3.512841e-001  -2.988850e-002  8.967100e-002  -9.996500e-003  -1.782227e-001  -4.941890e-002  2.842929e-004  4.887751e-002  -3.250492e-001  -1.282835e-001  1.021751e-001  -2.393522e-001  -1.482722e-001  -5.031388e-002  2.231514e-002  3.695327e-002  1.095595e-001  -9.812346e-002  8.600553e-002  -3.596148e-001  2.370763e-001  1.341302e-001  -1.701569e-001  1.267561e-002  -1.553985e-001  7.910803e-002  9.424208e-002  -1.257370e-001  1.483720e-001  1.285276e-001  6.456609e-002  1.971068e-001  -6.855516e-002  1.405416e-001  6.569799e-001  2.623712e-001  1.646746e-001  -3.117437e-001  1.353092e-001  -2.878894e-001  -2.513949e-001  2.371447e-001  -1.730631e-001  -2.685967e-001  2.258907e-002  -8.183399e-001  -8.513853e-001  1.734495e-001  -8.908820e-001  -1.035579e-002  -2.268322e-001  
0
1
2
5 4 13 16 0 -1
5 12 13 8 0 2
haar_y2
-0.181366  168.229187  64
-3.217509e-001  -7.739965e-001  -1.603544e-001  -6.350458e-001  -2.004077e-001  2.736259e-001  -9.584329e-002  -3.998916e-001  5.801616e-001  -1.555600e-001  2.592471e-001  -3.139400e-001  2.396292e-001  4.431107e-002  -1.183672e-001  -1.610701e-001  3.033449e-001  -8.507009e-002  -8.709408e-002  -8.280549e-002  2.774666e-001  2.452281e-001  7.443371e-002  -9.772228e-002  -7.044214e-002  2.892869e-001  -1.252781e-002  4.984839e-002  4.720608e-002  2.313173e-001  -3.999933e-002  9.789860e-002  2.523161e-002  2.872352e-001  3.152096e-001  2.424427e-002  2.156567e-002  -1.125195e-001  2.705534e-001  -1.126084e-002  1.007946e-001  -3.901581e-001  2.723325e-001  -1.545670e-003  2.351875e-001  -3.939539e-001  2.171368e-002  -6.077108e-002  1.948085e-002  -5.452350e-001  -3.923754e-001  -5.643658e-003  -5.403971e-002  -8.800551e-002  -2.885488e-001  6.264094e-002  -5.472717e-001  -4.165679e-001  3.771252e-001  -4.800524e-001  -7.698808e-001  -1.548155e-001  -6.452690e-001  -3.865291e-001  
0
1
2
3 4 6 14 0 -1
5 4 2 14 0 3
haar_x3
-0.047234  468.889496  64
-4.348227e-001  1.069032e-001  -8.785416e-001  -1.223953e-001  -1.899745e-001  -4.165379e-001  4.097182e-001  1.244471e-001  3.377449e-001  -3.803091e-001  -9.221501e-002  1.056817e-001  1.697640e-002  -1.824907e-001  2.998580e-001  2.140621e-001  3.896535e-001  -8.152943e-002  9.029857e-002  -1.034405e-003  1.889722e-001  9.971620e-002  5.722214e-002  1.895406e-001  1.390973e-001  2.289772e-001  2.131053e-001  -3.023543e-002  8.617087e-002  -1.045031e-001  8.412187e-003  -1.960095e-001  -1.881465e-001  -9.024914e-002  -1.976407e-001  -2.816605e-002  9.798210e-002  -1.896109e-002  -2.281345e-001  -6.640949e-002  2.892993e-002  -2.661198e-001  -1.493656e-001  -4.794784e-001  -2.281362e-002  -5.003470e-001  -1.444356e-001  -3.483130e-001  -2.369019e-001  3.374311e-003  1.265793e-001  -4.652842e-001  -1.315689e-001  -5.700449e-001  -5.010846e-001  -1.898690e-001  -2.057402e-002  -5.854100e-001  -3.295879e-001  -6.933864e-001  -2.232416e-001  -8.205246e-001  -1.204341e-001  -9.326681e-001  
0
1
2
16 3 5 14 0 -1
16 10 5 7 0 2
haar_y2
-0.083740  277.412140  64
1.147406e+000  -4.688367e-001  5.060529e-001  1.475949e+000  -3.437119e-001  5.438893e-001  5.421807e-001  3.023484e-001  -1.128822e-001  3.404661e-002  5.737951e-002  1.103910e-003  1.801988e-001  1.471797e-001  -1.184417e-001  -3.106191e-002  8.037188e-002  -2.779672e-001  -1.148548e-001  -1.593416e-001  -1.432876e-001  2.104709e-002  1.633882e-001  -2.501491e-001  -1.489185e-001  -6.750524e-002  -2.672061e-001  -1.946503e-001  -1.253948e-001  1.046459e-001  1.135769e-001  -5.005145e-003  -2.409089e-001  3.889440e-002  4.533218e-002  -1.327026e-001  3.323217e-002  -2.509023e-002  -6.986445e-003  2.139392e-001  2.244914e-001  1.751172e-001  -5.415069e-002  2.427520e-001  5.525277e-004  3.531674e-001  -3.401265e-001  1.969561e-002  1.667164e-002  7.612298e-002  2.246383e-002  5.502405e-001  -3.767587e-001  -7.528663e-002  -6.660874e-002  5.435962e-001  4.479187e-001  6.573577e-001  2.504832e-001  -1.680645e-001  -9.755099e-002  -1.830553e-001  4.020213e-002  -1.708435e-001  
0
1
2
12 2 8 19 0 -1
16 2 4 19 0 2
haar_x2
-0.110780  219.396255  64
7.174657e-002  4.568812e-001  4.496040e-001  -4.527424e-001  1.611641e-001  4.713123e-002  5.464051e-002  -3.318247e-001  2.229971e-001  -9.306514e-002  2.828059e-001  -1.182012e-002  2.687992e-001  3.892135e-001  9.264900e-002  2.386201e-001  -2.107811e-001  2.324260e-001  -1.616038e-002  4.272531e-002  6.334344e-004  -3.005744e-002  -3.943626e-001  7.662528e-003  2.340662e-001  -4.702267e-002  1.148096e-001  1.854488e-001  -3.613411e-002  2.099206e-002  3.827425e-002  -5.160100e-002  -1.580892e-001  -4.021501e-002  -1.937160e-001  -3.318187e-002  -2.206408e-001  -6.995972e-002  -9.096708e-003  -2.835844e-002  -2.614556e-001  -1.834401e-001  1.182510e-001  -3.039491e-001  -1.623126e-001  -1.137730e-001  -1.169624e-001  6.218966e-001  -2.990917e-001  -1.665657e-002  -3.370853e-001  -3.655162e-001  4.562426e-001  -1.610796e-001  1.056324e+000  5.868379e-001  3.432005e-001  1.020640e+000  3.749377e-001  1.161448e+000  8.444781e-001  9.006429e-001  7.375228e-001  4.938025e-001  
0
1
3
2 1 22 6 0 -1
2 1 11 3 0 2
13 4 11 3 0 2
haar_x2_y2
-0.100391  269.536926  64
-1.744106e-001  1.894908e-001  1.855176e-001  8.716985e-003  -2.381333e-001  -2.691068e-001  9.687249e-002  1.478462e-001  3.250420e-002  2.618536e-001  -9.092353e-002  -1.822113e-001  2.219168e-001  2.190866e-001  -1.444198e-001  -2.665743e-001  -7.121154e-001  2.700320e-001  5.191967e-002  -2.296423e-001  6.715713e-002  -8.313381e-002  1.720705e-001  6.805658e-002  1.278306e-001  -1.744748e-003  -7.806798e-002  1.381835e-001  1.070572e-001  6.226897e-002  1.700449e-001  2.248704e-001  -1.334958e-003  9.418822e-002  -3.065558e-002  -7.811058e-003  -1.861073e-001  -1.238397e-001  -1.466773e-001  -4.090990e-002  1.448880e-001  -2.435515e-001  -6.161354e-002  4.405899e-001  -1.411313e-001  8.898433e-002  5.786087e-001  -8.209135e-002  5.933699e-003  -2.451085e-001  -1.714448e-001  3.988814e-001  -9.384722e-001  -8.513460e-002  1.348077e-001  -1.815828e-002  4.269674e-001  1.065931e+000  8.442107e-001  7.059025e-001  2.002546e-001  5.255569e-001  2.310471e-001  -3.074151e-001  
0
1
2
10 9 8 12 0 -1
10 13 8 4 0 3
haar_y3
-0.128047  263.862000  64
4.601056e-002  9.405049e-001  4.322578e-001  -5.332329e-001  6.051447e-002  -3.841795e-001  2.232096e-001  -6.835873e-003  7.085333e-002  -9.849422e-002  -1.226143e-001  -3.319025e-001  -4.995753e-003  -3.785771e-001  -1.340240e-001  1.192525e-001  -2.804743e-001  -1.813948e-001  -4.279845e-001  -2.409963e-001  3.316752e-002  -7.046259e-002  1.479146e-001  4.499781e-002  -2.033783e-001  -1.245412e-001  9.996394e-002  2.598212e-001  -6.008031e-002  -2.795803e-002  1.029929e-001  -4.777540e-002  2.611628e-001  2.075001e-002  4.355591e-002  1.008364e-001  2.339867e-001  2.874854e-001  4.468560e-003  1.535490e-001  1.495378e-001  7.720967e-002  4.007301e-001  -1.316533e-001  -3.974809e-002  -8.556947e-002  -1.166456e-001  -8.839046e-002  -1.612878e-001  -2.830533e-001  1.750750e-002  -2.208125e-003  -4.955612e-001  -2.889517e-001  -7.369558e-001  2.738496e-001  -3.621340e-001  -2.223825e-001  -1.348950e+000  -1.834432e-001  -1.283042e+000  -7.876217e-001  -6.896030e-001  -6.287596e-001  
0
1
2
5 4 8 7 0 -1
9 4 4 7 0 2
haar_x2
-0.036000  478.844330  64
-4.846480e-001  3.212653e-001  -1.386871e-001  -4.587987e-002  -2.291635e-001  3.388678e-001  2.070844e-001  2.337381e-001  2.068947e-001  4.470955e-001  1.816488e-001  3.265213e-001  4.816906e-002  1.847858e-001  2.393977e-001  -1.466828e-001  -1.145762e-001  -1.144078e-001  -1.251865e-001  -2.271113e-001  -3.910134e-001  -2.407174e-001  -8.784448e-002  -3.795342e-001  -4.626908e-002  -5.757735e-002  -4.771566e-002  5.476206e-002  -2.707409e-002  -4.346380e-002  -2.984053e-003  1.458438e-001  2.482631e-001  -5.517891e-002  2.664602e-001  7.113192e-002  -1.036553e-001  -6.191613e-003  -2.132588e-002  -1.065932e-002  4.157853e-002  3.969851e-001  -2.733203e-001  1.659172e-001  -5.209550e-002  2.981769e-001  -2.333215e-001  -2.595706e-001  2.094159e-001  -1.714454e-003  -5.573155e-002  4.928809e-002  1.216583e-001  -1.298893e-001  6.039786e-001  7.103330e-001  1.998573e-001  -5.731575e-001  2.609529e-001  -4.897944e-002  8.396457e-001  -1.818363e-001  2.032118e-001  1.834767e-001  
0
1
2
15 0 9 2 0 -1
15 0 9 1 0 2
tilted_haar_y2
-0.022238  1036.495605  64
-4.092651e-001  1.618304e-002  -7.473984e-001  -5.511946e-001  -3.424203e-001  -7.545102e-002  -5.189226e-002  1.390338e-001  -3.186680e-001  -3.178793e-001  3.196984e-001  -5.495013e-002  -4.407146e-001  -5.417480e-002  -1.154726e-001  -3.350342e-001  3.786353e-002  1.242076e-001  1.777794e-001  2.229387e-002  2.107811e-001  -1.460855e-001  8.767477e-002  5.475388e-002  5.544282e-002  1.127872e-001  7.967480e-002  -1.413486e-002  2.366756e-001  2.350491e-002  3.650328e-002  4.952616e-002  8.490693e-002  3.159623e-001  8.981087e-002  -1.105141e-001  2.321377e-001  1.554336e-002  5.062094e-002  1.858925e-002  1.773490e-001  1.357491e-001  -2.726550e-002  -1.059185e-001  3.479742e-003  -1.837438e-001  -1.169698e-001  3.813455e-001  -2.569890e-001  -5.507524e-001  8.314064e-002  -3.379408e-001  -3.314369e-001  -1.192050e+000  -3.932773e-001  2.131205e-003  -7.694291e-001  -3.869838e-002  -4.044509e-001  3.341132e-001  -1.650681e-001  -6.613616e-001  5.220019e-001  -9.433016e-001  
0
1
2
7 15 14 4 0 -1
7 17 14 2 0 2
haar_y2
-0.078500  479.024200  64
1.072986e+000  2.860467e-001  2.515288e-001  -3.615638e-001  4.089377e-001  1.861873e-001  4.088927e-001  -4.300815e-001  2.175657e-001  2.336328e-001  3.056290e-002  9.604550e-002  5.200902e-001  -3.253068e-001  2.672190e-001  3.425317e-001  1.939085e-001  -3.578136e-001  2.776175e-001  5.075268e-002  -9.507854e-002  1.793318e-001  7.203081e-002  1.453201e-001  1.327495e-001  2.028389e-001  1.293176e-002  3.100347e-002  1.352911e-001  -6.953818e-002  1.592756e-001  1.793983e-001  -1.521170e-001  -2.000601e-001  1.374647e-002  -9.075230e-002  -3.365319e-001  -2.479640e-001  -3.862304e-001  -1.038525e-001  -1.405304e-002  -9.547922e-002  2.177866e-001  1.806302e-001  -2.275813e-002  1.969378e-001  2.954259e-001  1.632654e-002  1.817911e-001  8.029838e-002  -3.334282e-001  5.411537e-001  8.076182e-002  -2.066458e-001  -6.326542e-001  1.322987e-001  -6.408899e-001  3.103249e-001  -3.654841e-003  1.051445e-001  3.840427e-001  4.419852e-002  6.148512e-001  -2.960004e-001  
0
1
2
18 5 4 12 0 -1
15 8 4 6 0 2
tilted_haar_y4
-0.058578  280.885010  64
1.003995e-002  -5.075458e-002  1.339397e-001  7.268404e-002  2.860980e-002  -2.023074e-002  6.736076e-002  2.298037e-002  1.020596e-001  2.242568e-001  1.723237e-002  2.007541e-001  -1.333854e-001  -1.187749e-002  -9.288570e-002  6.382304e-002  2.835064e-001  3.278314e-001  7.728827e-002  1.135031e-001  2.268642e-001  1.724648e-001  3.387829e-001  -7.824868e-002  -1.649969e-001  -4.182419e-004  -2.062463e-001  -3.724214e-002  -1.733972e-001  3.928450e-002  7.782368e-002  2.477775e-002  -1.476046e-001  -3.835287e-001  -3.999156e-001  -3.372156e-001  -1.130762e-001  -1.601184e-001  6.545044e-002  -2.601613e-001  1.875830e-002  7.268167e-002  -7.137590e-002  1.678667e-001  1.686002e-001  -4.372190e-002  5.485874e-002  -2.195471e-001  1.997875e-001  3.191242e-001  4.701508e-002  -3.790646e-001  4.650034e-001  -5.157696e-003  -3.720554e-002  5.765319e-001  1.116465e+000  7.045388e-001  3.491744e-001  1.435466e+000  -5.886223e-001  2.264160e-002  4.099487e-001  9.001620e-001  
0
1
2
8 7 9 17 0 -1
11 7 3 17 0 3
haar_x3
-0.098969  216.585403  64
5.167764e-001  1.098536e+000  1.464409e-001  2.971943e-001  4.820291e-001  -3.035409e-001  -7.225776e-001  -8.784465e-001  -2.227841e-002  -4.964507e-001  -2.828579e-001  -1.306006e-001  -2.679836e-001  -8.135332e-002  -9.047644e-002  -9.154271e-002  -8.221147e-002  -2.709640e-001  4.964275e-002  -2.453085e-001  1.195882e-001  -4.918107e-002  -1.860804e-001  -2.529825e-002  2.985902e-003  6.474406e-002  -4.267511e-002  6.399892e-002  2.139108e-001  -3.737964e-002  1.214709e-002  -9.168517e-002  1.890632e-001  1.770901e-001  3.299462e-001  -9.576126e-003  1.621955e-001  9.824373e-002  6.503089e-002  -2.347568e-001  1.815946e-001  1.790802e-001  3.741756e-001  -7.876799e-002  2.115948e-001  -9.109545e-002  1.671391e-001  -3.155410e-002  5.882888e-001  2.534212e-001  1.288376e-001  2.388341e-001  4.573242e-001  4.665264e-001  -8.754828e-002  -2.738107e-001  6.055785e-001  -9.844195e-001  -1.433188e-001  -8.842437e-001  -3.605880e-002  -4.603409e-001  -2.181848e-002  -7.988173e-001  
0
1
3
6 8 12 16 0 -1
6 8 6 8 0 2
12 16 6 8 0 2
haar_x2_y2
-0.184126  195.897888  64
-1.727548e-001  -6.154314e-001  2.154785e-001  -5.094891e-001  9.804844e-002  1.131913e-001  4.817558e-001  -2.307067e-003  1.077423e-001  -1.677353e-001  3.233785e-001  -2.219467e-001  3.082653e-002  -3.306527e-001  2.339309e-002  2.263305e-002  -2.287835e-001  -6.952961e-002  2.445946e-001  1.636712e-001  3.909098e-001  9.114630e-002  -1.174112e-001  -3.438118e-001  -2.191656e-001  -1.546268e-001  -5.779225e-002  2.794502e-002  -5.818711e-004  1.801638e-001  1.559266e-001  -4.195562e-002  -1.391850e-001  2.015207e-001  -1.189707e-001  1.532798e-001  8.430603e-002  1.704295e-001  3.635443e-002  1.747783e-001  1.793368e-001  1.436509e-001  2.382062e-001  -2.196630e-003  4.190960e-002  -1.885483e-001  -1.389858e-001  -5.221676e-002  -2.461629e-001  -3.699136e-001  -3.314121e-001  -8.036314e-001  -6.276430e-001  -4.362002e-001  -3.539389e-001  -5.983008e-001  -1.063819e+000  1.820782e-001  -5.053899e-001  -3.578863e-001  -1.881641e-001  4.494767e-001  3.448920e-001  -7.579447e-001  
0
1
2
3 4 16 7 0 -1
7 4 8 7 0 2
haar_x4
-0.050785  415.970520  64
-3.789267e-001  2.723095e-001  -6.665376e-001  -4.906847e-001  1.274290e-001  -2.814804e-001  -1.417834e-001  -3.626142e-001  1.257268e-002  -2.993118e-002  -2.101779e-001  -4.734655e-002  -1.153954e-001  6.741405e-002  6.489678e-002  4.061188e-002  9.375090e-002  -1.513882e-001  3.009758e-002  -6.777085e-002  -2.151109e-002  -1.976206e-001  2.062186e-001  3.065737e-001  1.348632e-001  2.042603e-001  -1.022921e-002  2.049444e-001  6.587435e-002  3.871219e-001  1.954055e-001  -4.944256e-002  1.368245e-001  3.012350e-002  1.551102e-001  9.505368e-002  -8.524072e-002  1.838556e-001  -1.171625e-001  -5.578503e-002  -1.094196e-002  1.083121e-002  -3.370845e-002  -1.733445e-001  -1.432782e-001  -5.158802e-002  2.159393e-001  -6.175599e-002  -3.199312e-001  -8.985369e-002  -2.008862e-001  3.386317e-001  1.535674e-001  -5.860140e-001  4.482660e-001  2.808721e-002  -1.106198e-001  -5.805436e-001  -4.095935e-001  -7.240348e-001  3.156771e-001  -6.046720e-001  -5.215091e-001  -1.071680e+000  
0
1
3
1 2 6 18 0 -1
1 2 3 9 0 2
4 11 3 9 0 2
haar_x2_y2
-0.091770  272.794556  64
-1.473264e-001  4.304649e-001  -2.999565e-001  2.815528e-002  -4.732479e-001  -1.639321e-001  4.844167e-001  4.480739e-001  1.489805e-001  3.805010e-002  -1.916273e-001  -9.503464e-002  2.449856e-001  1.564947e-001  2.701358e-002  8.341726e-002  -8.703304e-002  -1.911802e-001  -9.507263e-002  -3.464974e-001  -1.155847e-003  1.897262e-002  1.773185e-002  -1.967587e-001  -1.356507e-001  -1.835915e-001  -7.678798e-002  -2.971398e-001  3.036736e-003  -1.187285e-001  -8.709036e-002  -4.647911e-002  -3.945264e-002  7.672866e-002  2.749031e-001  3.500919e-002  2.514471e-001  1.995603e-001  7.869617e-002  1.802128e-001  -1.173148e-002  1.666382e-001  6.650676e-001  6.596383e-002  2.744662e-001  1.626499e-001  3.212660e-001  -4.022434e-002  1.489451e-001  5.055879e-001  5.877494e-001  4.755593e-001  -1.271373e-001  1.511177e-001  1.295678e+000  -1.619382e-001  3.147610e-001  -2.145125e-001  4.842789e-001  3.417822e-001  2.289931e-001  4.074579e-002  -6.177467e-001  -2.621849e-001  
0
1
2
8 9 7 8 0 -1
8 9 7 4 0 2
tilted_haar_y2
-0.144447  166.926392  64
2.235729e-001  4.751411e-001  -7.867035e-002  -6.988776e-001  -1.949285e-001  -1.485049e-001  6.436201e-002  4.312954e-001  -1.486279e-001  1.496734e-001  2.485628e-001  1.246877e-001  8.481819e-002  -1.084398e-001  -1.531828e-001  6.375536e-002  1.777063e-001  -1.126247e-001  -9.502386e-002  3.363613e-002  -9.653898e-002  2.381909e-001  2.690395e-001  -6.319062e-002  -5.297491e-002  9.151442e-002  2.251621e-001  -1.828633e-001  6.562062e-002  1.587615e-001  7.230400e-002  -8.968247e-002  -3.770151e-002  -1.884789e-001  -3.607731e-002  2.427436e-001  -1.847046e-001  -3.394778e-001  -1.487729e-001  -1.119998e-001  -3.167186e-001  -4.984930e-001  -1.697975e-001  -1.488617e-001  7.559490e-002  -3.226141e-002  1.220542e-001  -6.602051e-002  6.483904e-002  6.866863e-002  7.981418e-001  3.385867e-001  6.421527e-001  5.092539e-001  -3.064890e-001  2.838493e-001  5.510191e-001  3.998862e-001  -4.335147e-002  8.615620e-001  9.813461e-002  -1.554058e-001  4.192070e-001  1.281687e+000  
0
1
2
0 1 22 22 0 -1
0 12 22 11 0 2
haar_y2
-0.503635  65.668770  64
6.358191e-001  9.379573e-001  -6.419207e-001  -2.167971e-001  6.195475e-002  4.989682e-001  -2.974112e-001  -8.665388e-002  -8.526316e-002  1.247569e-001  -1.515458e-001  3.730236e-001  -9.848863e-002  2.463578e-001  -8.909355e-002  4.728384e-002  6.363095e-002  -8.796885e-003  -1.719901e-001  -2.677854e-001  -7.818184e-002  -2.769839e-001  -8.697629e-002  -3.661283e-002  1.038691e-001  -2.728932e-001  -4.015673e-003  2.522836e-001  1.323942e-001  9.366185e-002  5.901866e-002  -1.868677e-001  -1.570269e-001  8.368793e-002  -1.276787e-002  -4.701495e-002  2.272575e-001  5.344278e-003  1.957796e-002  -4.308428e-002  -1.210269e-001  -1.087373e-001  2.921871e-002  4.872705e-002  1.058975e-001  2.897098e-001  7.723618e-002  5.448630e-001  1.799153e-001  -1.182329e-002  1.188436e-002  -4.633176e-002  -3.344922e-001  -2.084723e-001  2.319809e-001  -1.532599e-001  -3.902912e-001  7.498519e-001  -3.517019e-001  7.695515e-002  -3.093051e-001  8.442199e-001  -5.635605e-001  -6.405565e-001  
0
1
2
8 2 12 7 0 -1
12 6 4 7 0 3
tilted_haar_x3
-0.090519  176.847839  64
2.875403e-001  7.834816e-001  8.045330e-001  3.126479e-001  4.460641e-001  -1.405406e-001  1.432455e-001  7.107791e-001  1.114533e-001  4.770825e-002  2.888842e-003  2.697369e-001  -2.693771e-001  8.427484e-003  1.682528e-001  -7.613228e-002  -3.060940e-001  1.497909e-001  -2.497069e-002  -2.816252e-002  -4.063477e-002  -9.458119e-003  -4.852201e-002  1.287815e-001  -1.076131e-001  5.541855e-002  -3.788813e-003  -1.031430e-001  -1.407148e-001  1.417059e-002  9.830186e-002  -2.455709e-001  -4.575749e-002  -1.218698e-002  -3.714914e-001  -3.747471e-002  7.271363e-002  6.119468e-002  -6.655114e-004  -3.922051e-001  -1.928785e-002  2.203434e-001  2.376021e-001  -2.498783e-001  7.045077e-002  -3.484064e-002  -1.430590e-001  3.302502e-001  7.071096e-002  4.613610e-001  1.551018e-001  4.548447e-001  5.539686e-001  5.607624e-001  3.671548e-001  2.589557e-001  1.575518e-001  8.264616e-001  -1.864328e-003  6.028790e-001  -5.897482e-004  -6.231062e-001  5.857913e-001  9.545904e-002  
0
1
2
0 18 20 4 0 -1
10 18 10 4 0 2
haar_x2
-0.152746  194.026428  64
-2.102084e-001  1.045362e-001  1.982493e-001  5.958986e-002  -7.341990e-002  -5.435571e-002  1.631480e-001  5.310116e-001  -1.224111e-001  3.673759e-001  -7.028564e-002  -2.308610e-001  -2.164495e-002  1.356722e-001  3.428622e-001  4.288551e-002  1.025047e-001  -5.249897e-002  -7.536965e-002  1.134541e-001  8.442073e-002  -2.188101e-001  -1.648261e-001  3.997730e-002  -5.885842e-002  1.069878e-001  4.699658e-002  -1.110441e-001  -2.156945e-001  -8.673044e-002  -3.481449e-001  1.075017e-001  -2.898376e-001  -5.272624e-002  -8.232969e-002  1.884245e-001  6.517003e-002  -2.006750e-001  5.615249e-002  2.469035e-001  2.649307e-001  1.632684e-001  1.853636e-001  3.948471e-001  1.140946e-001  9.084226e-002  3.753675e-001  2.704608e-001  1.543561e-001  1.079972e-001  1.553325e-002  -2.115391e-001  6.091778e-002  -2.021729e-001  -1.063296e-001  1.081968e-001  -3.477414e-001  -3.704358e-001  -3.771856e-001  -4.085062e-001  -8.486864e-002  -3.560122e-002  -3.665291e-001  -1.159607e+000  
-2.005293 
