14 
1
2
0 7 6 6 0 -1
0 10 6 3 0 2
haar_y2
-0.038076  612.083496  64
-6.438375e-001  -2.042275e+000  -4.955482e-001  -1.418952e-001  -2.839534e-001  -9.897903e-001  -5.737833e-001  -5.345545e-001  -4.773597e-001  -5.847664e-001  -3.672320e-001  -5.177786e-001  -2.539368e-001  -4.583462e-001  -4.326673e-001  -3.305334e-001  -4.658738e-001  -3.530599e-001  -2.569331e-001  -4.217936e-001  -2.927548e-001  -4.244822e-001  -3.498771e-001  -3.643140e-001  -4.573045e-001  -2.607392e-001  -3.530929e-001  -2.363131e-001  -2.411393e-001  -3.592734e-001  -4.139750e-001  -3.878798e-001  -4.437275e-001  -5.449731e-001  -6.409335e-001  -4.383884e-001  -6.481013e-001  -7.337980e-001  -4.985005e-001  -5.471092e-001  -5.566192e-001  -5.186272e-001  -5.008341e-001  -5.654730e-001  -1.023002e+000  -8.668668e-001  -5.804249e-001  -9.218395e-001  -5.655758e-001  -1.024537e+000  -5.256170e-001  -6.158736e-001  -9.418730e-001  -1.101154e+000  -1.029133e+000  -2.448420e+000  -9.485747e-001  -9.764516e-001  -1.148821e+000  -1.015035e-001  -6.379296e-001  -7.149935e-001  -6.367053e-001  -1.540921e+000  
1
2
4 8 14 7 0 -1
11 8 7 7 0 2
haar_x2
-0.142794  198.994675  64
4.680639e-001  3.644669e-001  4.337791e-001  2.486995e-001  2.075740e-001  -9.910613e-002  1.260250e-001  3.191630e-001  -8.134667e-001  2.317469e-001  3.587616e-001  -5.475670e-002  -4.002815e-003  1.579530e-001  6.786241e-002  7.841871e-002  7.393619e-002  -8.392121e-002  -7.069501e-002  -3.007374e-002  -2.365128e-001  1.506501e-003  -2.559537e-001  -1.502875e-001  -4.724146e-002  -1.301037e-001  -7.731447e-002  -5.957981e-002  8.726122e-003  -7.704189e-002  -1.222016e-001  -2.005091e-001  -1.475109e-001  -1.574210e-001  -2.077288e-001  -1.393034e-001  8.155264e-002  -1.146924e-001  2.778617e-001  4.919270e-002  7.676818e-002  6.715886e-002  2.678277e-001  -6.474507e-002  -4.763324e-002  6.900738e-002  7.209299e-002  1.738551e-001  3.362310e-001  4.089135e-001  4.558098e-001  2.112331e-003  1.954688e-001  1.880926e-001  -1.779485e-001  3.678527e-001  -2.573363e-001  -2.455513e-001  -2.753197e-001  -3.828557e-001  -9.228745e-001  -8.034198e-001  -1.258909e+000  -1.979740e+000  
1
2
4 0 17 10 0 -1
4 5 17 5 0 2
haar_y2
-0.212314  132.110336  64
-3.833905e-001  -5.326619e-001  -3.074037e-001  -4.754651e-002  -4.705837e-001  4.528136e-001  -1.762922e-001  -6.374465e-001  -1.487989e-002  -1.594926e-001  1.768663e-002  -7.580960e-002  1.193505e-001  1.893619e-001  -5.514662e-002  1.407944e-001  2.512023e-001  6.089514e-002  1.915296e-001  2.428749e-001  2.162371e-001  2.656803e-001  1.236952e-001  3.133031e-001  1.672189e-001  2.064245e-001  -1.095264e-001  -2.884139e-002  1.264263e-001  -1.297419e-001  -1.132301e-001  -1.493643e-001  -2.251363e-001  -1.038220e-002  -2.337529e-001  -3.658382e-001  -3.447472e-001  -5.267889e-001  -2.024171e-001  -5.107648e-001  -2.690415e-001  -2.370268e-001  -1.454513e-002  3.236768e-002  -1.971610e-001  6.632748e-002  -7.626648e-003  -3.614628e-002  2.264559e-002  -2.991306e-001  -3.129739e-001  8.248110e-003  4.574915e-001  1.937678e-001  2.797466e-001  -4.913444e-002  5.997643e-001  2.708639e-001  2.286149e-001  3.057167e-001  3.897847e-001  -1.535425e-002  1.184035e-001  -4.120528e-001  
1
2
2 4 16 9 0 -1
6 4 8 9 0 2
haar_x4
-0.098918  276.255219  64
-5.841238e-001  -6.680486e-001  -4.997973e-001  -1.974632e-001  -4.348604e-001  -3.045378e-001  -3.795551e-001  -2.546511e-001  -2.047864e-001  -4.709294e-001  -1.382710e-001  -1.890168e-001  -1.299679e-001  -2.256023e-001  -2.598036e-002  -1.198879e-001  -1.311899e-001  -1.670636e-001  6.603006e-002  -1.680381e-001  -1.218511e-001  -4.378057e-002  1.125743e-001  1.383754e-001  8.478303e-002  2.352146e-001  2.223326e-001  1.352028e-001  1.548021e-001  1.779566e-001  6.997331e-002  1.302059e-001  2.465614e-001  2.630098e-001  -8.973004e-002  2.806721e-001  1.604415e-001  2.342813e-001  7.045895e-002  2.550611e-001  1.271838e-002  1.080914e-001  -1.973882e-001  -2.778333e-001  -1.324624e-001  -2.391378e-002  -4.627443e-001  -1.724868e-001  4.586370e-002  -4.276043e-001  -6.811222e-001  -8.290472e-002  -2.166540e-001  -7.971416e-002  -7.027242e-001  -4.001693e-001  -5.249750e-001  -4.990817e-001  -2.955694e-001  -7.912291e-001  -4.209951e-001  -1.036702e+000  -1.408038e-001  -2.609690e-001  
1
2
9 0 4 24 0 -1
10 0 2 24 0 2
haar_x4
-0.039504  687.549683  64
-1.196617e+000  -1.950896e-001  -6.848038e-002  -4.336850e-001  -3.933657e-001  8.991047e-002  -1.896848e-001  9.038330e-002  1.891799e-002  -4.186608e-002  4.415563e-002  2.131270e-001  2.996962e-001  3.833387e-001  3.014921e-001  1.686276e-002  1.545833e-001  2.209371e-001  7.667462e-002  4.457034e-001  -4.126785e-002  2.897817e-001  1.311565e-001  7.050647e-002  1.317334e-001  4.530174e-002  2.518836e-002  2.481161e-002  -1.016266e-001  -1.340031e-001  -1.560984e-001  -8.853164e-002  -4.313086e-002  2.869057e-002  -1.948335e-001  -2.821397e-001  -1.762838e-001  -1.798297e-001  -3.617585e-002  1.146874e-001  -8.101503e-002  -1.425875e-001  -2.786431e-002  -1.376269e-001  -2.833063e-001  -4.894908e-001  -1.680344e-001  -1.946484e-001  2.752413e-001  -1.519379e-001  -2.146070e-001  -1.562604e-001  -1.009710e+000  -3.282136e-001  3.220456e-001  -4.374517e-001  -7.230957e-001  -5.816790e-001  -2.535421e-001  -2.961621e-001  3.152323e-001  -4.922418e-001  -5.358063e-001  -1.222702e+000  
1
2
17 8 6 12 0 -1
17 14 6 6 0 2
haar_y2
-0.124971  287.740631  64
-3.054791e-001  -4.692966e-001  -1.836162e-001  -3.379950e-001  -3.720491e-001  1.255088e-001  -4.119982e-002  -1.805072e-002  6.538951e-002  -6.103308e-002  -1.846961e-001  1.273164e-001  1.300057e-001  7.421230e-002  1.760884e-002  1.307099e-001  4.060287e-001  1.537108e-001  1.844649e-001  -3.886998e-002  2.292729e-001  5.150791e-002  2.026356e-001  1.917091e-001  2.349479e-001  2.019446e-001  7.948116e-002  2.039175e-001  1.710621e-001  1.010801e-002  2.400388e-001  3.958174e-002  1.063832e-001  7.463506e-002  1.148172e-001  1.281828e-001  -2.759207e-001  -8.237671e-002  -2.013073e-001  -2.425911e-001  -2.684608e-001  -1.288151e-001  -3.995093e-001  -3.421306e-001  -9.936611e-002  -3.562817e-001  -6.200086e-001  -2.655036e-001  -1.757327e-002  -4.316062e-001  -5.468460e-001  -2.370499e-001  -3.405575e-001  -5.580502e-001  -1.852873e-001  8.470666e-002  -7.561718e-001  -2.938403e-001  -2.402779e-001  -4.698214e-001  -3.131842e-001  -5.217677e-001  -7.437832e-001  -3.260437e-001  
1
2
21 16 3 4 0 -1
21 16 3 2 0 2
tilted_haar_y2
-0.039223  676.835083  64
-4.760626e-001  -4.663493e-001  -3.563903e-001  -6.463909e-001  -6.024503e-001  2.024901e-001  -1.668508e-001  -6.843094e-001  -3.590348e-001  -3.055225e-001  -3.327131e-001  -2.502126e-001  -2.358333e-001  -4.217060e-001  -9.652968e-002  -1.990156e-001  -3.547071e-001  -2.807842e-001  -4.752042e-002  -2.634464e-002  -1.703027e-001  -4.675659e-002  -9.699246e-002  3.172730e-002  1.476588e-001  5.803736e-002  8.072460e-002  2.813358e-001  1.679951e-001  3.614914e-001  2.174926e-001  2.029324e-001  5.128595e-002  1.239532e-001  -3.883143e-003  -6.496391e-002  1.269274e-001  -8.052156e-002  -9.211230e-002  -5.265868e-002  -2.652811e-002  -1.218483e-001  -5.689181e-002  -1.846215e-001  4.966796e-002  -9.805369e-002  -2.421146e-001  -3.628041e-002  -4.142239e-001  -7.126220e-001  -1.658119e-001  -1.974405e-001  1.490731e-001  -4.357793e-001  -1.863291e-001  -2.504448e-001  -5.475872e-001  1.674182e-001  -6.753188e-002  7.696577e-002  -3.782598e-001  -6.621060e-001  -4.266423e-001  -5.011048e-001  
1
2
8 4 9 4 0 -1
8 6 9 2 0 2
haar_y2
-0.032769  691.559570  64
-2.310653e-001  -4.509825e-001  2.914452e-001  -2.591733e-001  -1.433356e-001  -1.043215e-001  -2.155351e-001  -2.609196e-001  -3.859533e-001  -4.216352e-001  -1.657767e-001  -3.499401e-001  -3.895840e-001  -1.034510e-001  -2.508626e-001  -1.055238e-001  -4.113547e-001  -9.151142e-002  -2.665659e-001  -2.664639e-001  -6.223062e-002  -8.048442e-002  7.684711e-002  4.161621e-002  -1.785378e-002  2.039913e-002  1.783563e-001  1.845648e-001  1.904211e-001  2.222837e-001  3.007040e-001  2.556298e-001  2.635629e-001  1.738378e-001  1.097605e-001  5.458162e-002  1.545926e-001  2.399572e-001  -1.567561e-001  -2.975788e-002  -2.324530e-001  -9.989446e-003  -2.048146e-001  -2.759440e-002  -1.390347e-001  -3.684611e-001  -3.059397e-001  -3.842551e-001  -2.575379e-001  -7.046390e-001  -2.785361e-001  1.119358e-002  -1.450665e-001  -1.827084e-001  -1.064513e-001  -3.331603e-001  -6.351075e-001  2.186532e-001  -3.015324e-001  -7.532276e-002  -6.705487e-001  2.484470e-001  -1.637963e-001  -6.171501e-001  
1
2
3 5 18 3 0 -1
3 6 18 1 0 3
haar_y3
-0.095147  425.453644  64
6.286935e-001  1.853887e-001  1.127197e-001  7.265941e-002  -2.364881e-001  -3.652863e-002  8.267056e-002  2.001969e-001  4.728619e-001  -1.593123e-001  3.642734e-001  9.304409e-001  -8.363335e-002  4.385784e-001  6.791722e-001  3.759205e-001  1.729509e-001  -1.018449e-001  4.026476e-001  3.469071e-001  4.154190e-001  3.710474e-001  4.821440e-001  3.024348e-001  5.335096e-001  3.007916e-001  2.160066e-001  2.860703e-001  1.266120e-001  4.533929e-001  3.394213e-001  2.208223e-001  1.451607e-001  1.731670e-001  2.450600e-001  -1.028140e-001  -9.315464e-002  -1.426409e-001  -1.134911e-001  -2.656649e-001  -2.130128e-001  -2.670338e-001  -7.054158e-002  -7.335940e-002  -6.017015e-002  -2.161781e-002  1.035278e-001  2.384402e-001  1.389520e-001  -2.616131e-002  -7.891858e-002  5.271099e-001  1.141043e-001  -2.280994e-001  3.978533e-001  1.960593e-002  2.988763e-001  4.217393e-001  3.354062e-001  4.247719e-001  3.777893e-001  3.368909e-001  3.201433e-001  1.057292e-001  
1
2
4 0 3 18 0 -1
5 0 1 18 0 3
haar_x3
-0.024673  1008.930298  64
-7.352194e-001  1.087127e-001  -4.118610e-003  -6.365303e-001  -4.148018e-001  -2.656908e-001  -2.927345e-001  -4.533028e-001  -4.857376e-001  -3.437256e-001  -4.335299e-001  -7.401500e-001  -2.513475e-001  -2.328022e-001  -1.922328e-001  -2.192000e-001  -2.492380e-001  -1.582910e-001  -1.793357e-001  -9.524418e-002  7.967254e-003  -8.908924e-002  2.034139e-001  -5.136150e-002  1.010648e-001  5.162081e-002  1.226863e-001  1.334521e-001  1.006864e-001  1.421137e-001  1.294161e-001  8.968858e-002  1.267639e-001  3.283462e-001  1.459257e-001  1.205342e-002  1.165206e-001  1.303447e-001  6.758902e-002  2.240584e-001  8.999825e-002  -1.185403e-001  -2.372411e-001  -4.586080e-002  -5.346319e-002  -1.906431e-001  2.006580e-001  -4.474291e-002  -5.009885e-001  -1.940617e-001  1.886908e-001  -3.371913e-002  1.969731e-001  -4.191341e-001  -5.417876e-001  -3.593242e-001  -6.042554e-001  -9.171263e-001  -6.634356e-001  2.231189e-001  -2.952769e-001  -5.308246e-001  -1.146774e+000  -3.750992e-001  
1
2
7 7 6 9 0 -1
9 7 2 9 0 3
haar_x3
-0.071447  503.558502  64
-4.819602e-002  2.372719e-001  3.078817e-001  -1.339486e-001  -2.408011e-001  4.472075e-001  2.003606e-001  4.898695e-002  5.662044e-001  4.651439e-001  -9.230988e-002  -2.266157e-001  3.504529e-001  6.317754e-001  1.779830e-001  4.085464e-001  1.454745e-001  2.835369e-001  1.838044e-001  2.621100e-001  1.506363e-001  3.472050e-001  2.545711e-001  2.316793e-001  3.842457e-002  1.545059e-001  1.968602e-001  2.256417e-001  -2.880376e-002  2.144594e-002  -1.007987e-001  -6.592179e-002  -1.558097e-001  -1.689732e-001  -1.225847e-001  -2.699564e-001  -2.012729e-001  -2.527157e-001  -4.384212e-002  -1.632998e-001  -2.237127e-001  -1.952401e-001  -1.112372e-001  -2.289088e-001  -1.459858e-001  -4.565757e-001  -1.620162e-001  -1.964905e-001  -2.139096e-001  -4.289037e-001  -1.843740e-001  -3.364700e-001  -6.129406e-001  4.986215e-002  1.668022e-002  -4.982215e-001  4.805229e-003  -1.599182e-002  -1.167697e-001  1.261632e-001  -5.390781e-001  -1.650432e-001  4.324429e-001  -2.203743e-001  
1
2
11 14 4 10 0 -1
11 19 4 5 0 2
haar_y2
-0.075782  421.645782  64
-4.326248e-001  -4.968097e-001  -6.118750e-001  -3.951149e-001  -5.237474e-001  -1.620689e-001  -3.316041e-001  -6.441073e-001  1.811610e-002  -4.268959e-001  -3.278569e-002  -5.107123e-001  -2.132578e-001  7.236774e-002  -2.406824e-001  -1.950827e-001  -2.630861e-001  -2.306495e-001  -1.756237e-002  -2.430864e-001  -2.541667e-001  -5.719919e-003  -9.849367e-002  -7.765615e-002  1.426090e-002  -7.003829e-002  -1.277774e-001  -3.263461e-003  1.314096e-001  1.631664e-001  1.499843e-001  1.017363e-001  1.610032e-001  1.868264e-001  2.177757e-001  1.304325e-001  3.026365e-001  1.375731e-001  2.544127e-001  1.890939e-001  3.035836e-002  -1.783710e-001  -1.310878e-001  2.294468e-002  -2.486611e-001  -1.366108e-001  -2.883662e-001  -4.396932e-001  -1.537945e-002  -3.731102e-001  -2.777807e-001  -1.863753e-001  -4.619811e-001  8.782160e-002  -7.028897e-001  -8.800213e-002  -4.389191e-001  2.610604e-001  -5.592222e-001  -3.763683e-001  -8.647292e-001  2.836010e-001  -6.681140e-001  -3.767630e-001  
1
2
18 1 6 9 0 -1
20 3 2 9 0 3
tilted_haar_x3
-0.101853  235.870529  64
-8.476829e-001  -2.528892e-001  -1.239437e-001  -4.410314e-002  2.792675e-001  4.305758e-002  -8.973339e-002  3.460640e-004  1.326739e-001  3.048074e-001  1.185350e-001  2.289359e-001  9.991533e-002  2.720846e-001  1.478951e-001  1.475019e-001  2.494961e-001  1.073248e-001  2.155836e-001  -2.542544e-002  1.298463e-001  5.350315e-002  -1.146940e-001  1.490362e-002  -2.535887e-001  -2.438688e-001  -2.029796e-001  -2.899744e-001  -3.536679e-001  -2.317839e-001  -3.815331e-001  -2.870325e-001  -3.686875e-003  -4.460295e-002  -1.404927e-001  -1.453210e-001  9.954229e-002  2.528281e-001  8.575499e-002  1.846729e-001  1.242690e-001  -8.155356e-002  9.430482e-002  2.942714e-001  1.199244e-001  1.001495e-001  1.091479e-001  -9.152284e-002  8.039594e-002  6.397873e-002  2.686339e-001  4.350965e-001  2.638924e-001  3.444185e-001  6.760683e-002  1.166262e-001  -5.882332e-002  -5.670414e-001  4.283058e-002  -5.925515e-002  1.659981e-001  -6.396004e-002  2.386713e-001  5.599712e-001  
1
2
8 18 8 6 0 -1
8 21 8 3 0 2
haar_y2
-0.073656  358.850952  64
2.337703e-001  -1.537837e-001  4.876294e-001  3.454866e-001  2.477839e-001  1.937310e-001  -1.955070e-001  1.513012e-001  7.482744e-002  1.334486e-001  1.983918e-001  -8.421950e-002  9.891615e-002  -1.913935e-002  2.141313e-001  2.338377e-002  8.407378e-002  3.329003e-004  -9.210578e-002  -2.781173e-001  -9.260009e-002  -2.715630e-001  -1.849586e-001  -3.912722e-001  -4.260670e-001  -2.299767e-002  -2.717420e-001  -1.819571e-001  1.410379e-001  5.197855e-002  1.744417e-001  1.574175e-001  5.207395e-002  2.336455e-001  1.190432e-001  2.873549e-001  3.125013e-002  9.875752e-002  1.693112e-001  2.307414e-001  1.672648e-001  5.717602e-003  1.843749e-001  2.752458e-001  2.120976e-001  5.358974e-002  -1.699458e-001  3.513295e-001  -1.616013e-001  1.400868e-002  -2.705650e-002  -6.032603e-001  1.666804e-001  -3.037368e-001  1.106359e-001  9.671499e-002  9.610979e-002  -1.472139e-001  -3.561742e-001  -1.893479e-001  -7.712570e-001  -5.155104e-001  -2.161952e-001  -4.410812e-001  
-2.126475 
