22 
0
1
2
12 0 4 20 0 -1
12 10 4 10 0 2
haar_y2
-0.102851  303.038910  64
-6.377198e-001  -6.490653e-001  -4.953543e-001  -9.894139e-001  -3.062468e-001  -4.455298e-001  5.494019e-002  -1.043043e+000  -5.822585e-001  -4.045416e-001  -4.600710e-001  -6.602245e-001  -1.916450e-001  -1.558050e-001  -5.937343e-001  -3.878712e-001  -4.374671e-001  -6.405206e-001  -3.449506e-001  -1.895048e-001  -6.218809e-001  -2.773498e-001  -3.534350e-001  -3.119422e-001  -2.768824e-001  -2.593170e-001  -3.468887e-001  -2.853894e-001  -2.649576e-001  -3.258100e-001  -3.914599e-001  -3.518766e-001  -3.773946e-001  -5.095549e-001  -7.699814e-001  -5.695733e-001  -4.908822e-001  -6.762846e-001  -8.855340e-001  -5.291205e-001  -7.761461e-001  -4.249457e-001  -8.419482e-001  -3.374253e-001  -4.976638e-001  -6.158154e-001  -5.368816e-001  -3.680841e-001  -6.355306e-001  -3.960265e-001  -3.066601e-001  -4.421395e-001  -3.836137e-001  -3.124661e-001  -4.191048e-001  -2.783057e-001  -4.193877e-001  -1.667916e-001  -5.463703e-001  -2.301746e-001  -2.144796e-001  -4.233705e-001  -3.258995e-001  -7.820334e-001  
0
1
2
7 8 7 16 0 -1
7 12 7 8 0 2
haar_y4
-0.114976  262.358215  64
4.060715e-002  -1.429150e-001  -5.224978e-002  -1.422133e-001  -8.996320e-001  -1.782991e-002  1.081687e-001  -3.033594e-001  -2.062591e-002  -4.563781e-002  -2.740448e-001  -4.743597e-002  -4.688847e-001  -2.282569e-001  -6.167335e-002  1.647785e-001  -1.151498e-001  -2.799942e-001  -3.402099e-001  -4.829412e-002  -5.266769e-002  -9.491832e-003  -1.000372e-001  -1.390471e-002  3.693135e-002  1.314908e-001  1.069110e-001  1.774927e-001  9.891884e-002  1.067303e-001  1.767421e-001  2.641280e-001  1.165540e-001  2.189296e-001  -1.570584e-001  4.241745e-002  3.119368e-002  -3.949434e-002  4.637022e-002  -1.415934e-001  3.592593e-002  3.719496e-002  8.206188e-003  2.563984e-003  -1.475641e-001  -4.236157e-002  -1.839338e-001  -3.040973e-001  -3.692899e-001  -1.759049e-001  -2.882759e-001  -6.445907e-001  3.617660e-002  -5.274833e-002  -6.716150e-001  -4.629337e-001  -2.256438e-001  -6.624298e-002  -9.996472e-002  2.054473e-001  -2.262139e-001  -3.227953e-001  3.811883e-001  -5.154879e-001  
0
1
2
9 0 15 11 0 -1
14 0 5 11 0 3
haar_x3
-0.226920  139.675888  64
-1.138171e-001  -2.983552e-001  -5.975128e-001  -3.652168e-001  -3.689691e-001  -4.624739e-001  -2.646013e-001  4.527463e-002  5.510136e-003  -4.850823e-001  -1.046986e-001  -1.535480e-001  -6.202518e-002  1.174599e-002  4.101025e-002  -2.144277e-002  1.255307e-001  -3.549736e-002  -4.708554e-002  -9.999107e-002  1.812738e-001  4.906752e-002  -2.338002e-002  -5.963051e-002  1.273882e-001  3.610496e-002  -5.743749e-002  -1.578602e-001  2.402659e-001  1.787763e-001  6.654839e-003  8.481100e-002  4.976584e-002  1.180625e-002  5.966647e-002  2.178372e-001  -4.551049e-003  1.566378e-001  1.435069e-002  2.473441e-002  -7.471043e-003  2.271909e-001  2.190597e-001  2.234455e-001  1.959578e-002  2.950603e-002  2.900043e-001  1.003433e-001  -1.083509e-001  2.542912e-001  -2.814304e-001  -1.107635e-001  -6.877445e-002  -6.876844e-003  -1.073876e-001  -2.908703e-001  -6.403253e-004  -1.096417e-002  -1.860445e-001  -4.621554e-001  -1.005649e+000  -2.918495e-001  -6.490263e-002  -6.149139e-001  
0
1
2
6 5 7 15 0 -1
6 10 7 5 0 3
haar_y3
-0.053585  275.684540  64
-4.212241e-001  -1.181980e-001  -3.641205e-001  -3.797260e-001  -8.190081e-001  -2.839072e-001  -5.494149e-001  -3.638677e-001  -2.673545e-001  -1.724839e-002  -9.538973e-002  1.469283e-001  -4.291344e-002  -1.089134e-001  -1.717882e-001  -1.010526e-001  -4.079216e-002  3.355163e-001  -3.176918e-002  1.277994e-001  3.964693e-002  1.369901e-001  9.532970e-002  2.439591e-002  1.530017e-001  -2.238561e-002  7.705693e-002  -1.666818e-001  7.802056e-002  2.953918e-002  -2.739883e-002  -1.186497e-001  5.957251e-002  5.848663e-002  6.250525e-002  -8.103858e-002  -1.432819e-001  -6.345814e-002  8.382918e-004  1.961400e-001  -1.340818e-001  -1.219937e-001  1.496866e-001  -1.370882e-002  -1.742924e-003  2.765973e-001  8.847576e-002  -6.694676e-002  2.899906e-002  2.622119e-001  6.306455e-002  1.564491e-001  -7.312419e-002  -2.882210e-002  7.279042e-001  -6.255113e-002  5.769808e-003  4.610176e-001  7.693082e-001  1.105891e-001  5.215529e-001  6.656265e-001  5.312337e-001  7.803749e-002  
0
1
2
6 4 12 5 0 -1
12 4 6 5 0 2
haar_x2
-0.068040  427.310364  64
-1.272376e-001  2.459328e-001  2.236972e-001  1.509094e-001  7.333484e-002  1.904406e-001  -5.404904e-001  -2.491822e-001  -3.613847e-001  -1.304741e-001  -1.389930e-001  -2.324255e-001  -1.574423e-001  -1.882370e-001  -3.011293e-001  7.907043e-002  5.315063e-002  -1.529552e-001  -7.717510e-002  -8.179881e-002  1.165173e-001  -8.826038e-002  6.339307e-003  -3.178481e-002  1.915461e-002  -6.965672e-002  -1.411500e-002  1.217287e-001  -1.939914e-001  5.110748e-002  -1.466976e-001  1.368093e-002  1.827869e-001  2.546388e-001  2.010834e-001  2.501171e-001  1.431372e-001  1.336130e-001  4.527381e-002  -1.231749e-001  1.887134e-001  -2.639663e-003  -2.843784e-002  9.702446e-002  -6.347642e-002  1.335794e-001  -6.056745e-002  -8.721396e-002  -7.397932e-003  4.449661e-002  -1.384280e-001  -4.448853e-001  -7.047429e-002  1.014633e-001  2.086442e-001  -7.142035e-002  -8.754940e-004  2.398390e-001  1.489927e-001  -5.026830e-001  -1.930606e-001  1.103380e-001  -5.171643e-002  -5.713362e-001  
0
1
2
9 6 6 9 0 -1
12 6 3 9 0 2
haar_x2
-0.070289  390.215302  64
4.646302e-001  4.745599e-001  3.259500e-001  2.720807e-001  5.504061e-001  1.462347e-001  3.139139e-001  3.904906e-001  -2.225379e-002  5.027419e-002  -5.939599e-002  6.350985e-002  5.664870e-002  8.965491e-002  2.456788e-002  3.663154e-002  -1.752765e-001  -7.909548e-002  -1.518522e-001  -4.801903e-002  1.191195e-002  -1.483731e-001  -7.326460e-002  6.888442e-002  -2.561732e-002  1.705042e-002  1.044056e-001  4.231261e-003  -6.023566e-002  3.697890e-002  -3.636700e-002  5.015407e-003  -1.367274e-001  1.805769e-002  -4.913974e-003  -1.486434e-001  -1.809422e-001  -1.073191e-002  -1.052867e-001  -1.822354e-001  -1.552718e-001  -2.348408e-002  -3.053433e-002  -1.291416e-001  -1.749203e-002  1.427466e-001  -2.008822e-001  2.637535e-001  7.948386e-002  5.456599e-001  6.275086e-001  3.934921e-001  1.132997e-001  2.744622e-001  1.652013e-001  5.718465e-001  6.456898e-001  4.948252e-001  4.314658e-001  5.800837e-001  -4.839358e-001  6.036989e-001  9.606408e-001  5.222032e-001  
0
1
3
8 10 8 14 0 -1
8 10 4 7 0 2
12 17 4 7 0 2
haar_x2_y2
-0.072870  456.315491  64
-3.829437e-001  -3.313560e-001  3.757218e-002  -3.397932e-001  2.405175e-001  3.641595e-001  2.720028e-001  1.489903e-001  -3.859899e-001  -7.340664e-002  -1.989822e-001  2.057815e-002  3.935227e-002  -1.397972e-001  -1.414290e-001  -2.471892e-001  -1.102106e-001  -2.989616e-001  -4.290669e-002  -2.169496e-001  4.720526e-002  1.353145e-001  4.429001e-002  -1.226677e-001  1.345192e-001  1.489675e-001  2.603606e-001  1.299206e-001  -1.047529e-002  5.364623e-002  1.869639e-001  1.391666e-001  4.138000e-002  5.160431e-002  8.719181e-002  2.852090e-001  1.350304e-001  4.436349e-002  -8.036674e-002  1.259326e-002  3.475809e-002  -2.007613e-001  -1.405347e-001  -5.197277e-002  3.786259e-003  -6.118472e-002  9.029674e-003  -1.820059e-001  -1.672273e-001  -2.895698e-001  -4.233939e-001  -2.132702e-001  -3.932485e-001  -1.792050e-001  -2.940072e-001  -2.416731e-001  -1.700028e-001  3.568595e-002  -4.797734e-001  6.222692e-002  -3.224589e-001  -8.107240e-002  -1.535137e-001  -3.388042e-001  
0
1
2
2 7 20 16 0 -1
2 11 20 8 0 2
haar_y4
-0.178085  139.837204  64
2.018031e-001  2.354577e-001  3.063588e-001  4.850976e-001  -3.224863e-002  2.469482e-001  5.971044e-001  3.983278e-001  3.190354e-001  2.149883e-001  1.130856e-002  2.155597e-001  3.287620e-001  1.249147e-001  -1.141928e-002  1.523628e-002  -8.714627e-002  3.165160e-002  -3.060704e-001  -1.771635e-001  -1.376715e-001  -6.675108e-003  -4.085541e-002  -1.717679e-001  -6.641164e-002  -1.085764e-001  -3.321168e-002  -1.888545e-001  -1.220406e-001  -2.511469e-001  -2.674148e-001  -3.147745e-002  -1.228552e-001  1.232824e-001  1.515858e-001  4.932233e-002  -2.539202e-002  4.506133e-002  3.503269e-002  -7.279410e-002  1.727873e-001  4.207127e-002  9.612823e-002  2.696110e-001  1.282969e-001  1.317466e-001  4.001606e-001  6.113455e-002  1.305533e-001  1.839889e-001  1.633813e-001  8.522620e-002  1.151681e-001  2.729269e-002  1.435822e-002  1.748770e-002  1.141523e-001  3.906587e-002  -1.238628e-002  9.411717e-002  -2.367918e-002  1.901647e-001  -3.806052e-001  -4.232824e-001  
0
1
2
2 10 9 9 0 -1
2 13 9 3 0 3
haar_y3
-0.062011  433.470276  64
-4.724313e-001  -2.251171e-001  -1.618703e-001  -2.432605e-001  2.468880e-002  1.581323e-001  1.274693e-001  2.262492e-001  3.322374e-002  3.536240e-002  -6.168140e-002  1.011463e-001  -2.163253e-002  -1.795063e-001  8.576132e-002  5.414445e-002  -1.251992e-001  6.740738e-002  8.259144e-002  1.620730e-001  -2.341768e-002  2.907032e-002  7.100064e-002  4.976898e-002  1.493114e-001  1.521952e-002  -1.107957e-002  1.118933e-001  9.105608e-002  3.225470e-002  1.876283e-001  7.747423e-002  6.500116e-002  1.859896e-002  6.385484e-002  5.273419e-002  1.654519e-001  -4.474486e-002  9.058737e-002  -5.924445e-002  -1.614802e-001  -1.892424e-001  8.750433e-002  1.645084e-002  -3.536407e-001  6.474563e-002  -1.889055e-001  -3.844951e-001  -1.571671e-002  -1.127880e-002  -2.807963e-001  -2.877666e-001  -1.896771e-002  -3.295729e-001  -2.542889e-001  -3.058611e-001  4.440026e-003  -2.806426e-001  -8.488598e-001  -4.644716e-001  -6.684940e-001  -8.244587e-002  -4.054756e-001  -6.876580e-001  
0
1
2
14 3 6 15 0 -1
14 8 6 5 0 3
haar_y3
-0.102407  221.905350  64
6.436355e-001  1.724377e-001  2.323222e-001  -1.619249e-001  -7.138793e-002  2.066528e-001  -3.101434e-002  2.244073e-001  1.127180e-001  2.491691e-001  1.445547e-001  -1.961211e-002  -1.540967e-001  4.046557e-002  1.623973e-001  -2.284245e-002  -1.248188e-001  -1.740069e-001  -3.069814e-001  -3.238596e-001  -4.358748e-001  -6.807046e-002  -3.071695e-001  4.304543e-003  -2.138754e-001  -3.499147e-003  -3.048583e-002  4.145555e-003  -1.283297e-002  5.728810e-002  7.080026e-002  2.882653e-002  8.252600e-002  2.752358e-002  -3.540805e-003  -6.024020e-002  7.854287e-002  1.811375e-001  1.353404e-001  1.950508e-003  -4.740157e-002  2.852091e-002  1.018302e-001  4.941969e-002  7.989365e-002  2.121505e-001  1.233759e-001  -4.540591e-002  3.319534e-001  1.394921e-001  2.628275e-001  3.929960e-002  1.482214e-001  3.193289e-002  1.080597e-001  5.387815e-001  -3.731547e-001  9.564933e-002  3.012161e-001  1.172835e-002  -3.022931e-001  5.478049e-002  -8.810268e-002  1.637078e-001  
0
1
2
1 9 23 6 0 -1
1 11 23 2 0 3
haar_y3
-0.080300  278.784454  64
-7.639311e-002  -2.185153e-001  -5.778073e-003  -3.927194e-001  8.846768e-003  3.222139e-001  3.045455e-001  3.127271e-001  2.171380e-001  9.070417e-002  3.467558e-001  2.690046e-002  7.275130e-002  2.202926e-001  8.959190e-003  -1.233509e-001  -1.332244e-001  9.550355e-002  -1.153527e-001  1.040361e-001  -8.150354e-002  -4.191148e-002  -1.927145e-001  -1.674723e-001  -6.627881e-002  -1.941156e-001  -1.448307e-001  2.988634e-002  1.190227e-001  6.742939e-003  1.085065e-001  1.354292e-001  1.075851e-001  1.728515e-001  6.230112e-002  1.238274e-001  1.807175e-001  1.559225e-001  -4.823146e-002  1.327304e-001  2.392955e-001  -5.175986e-002  1.943659e-001  1.565190e-001  2.824197e-001  2.525960e-001  -2.125643e-001  -1.768111e-001  -6.955718e-002  -4.124574e-002  -2.620344e-001  1.861874e-001  -4.534362e-002  4.060094e-001  -3.373545e-001  -7.535620e-002  4.171362e-001  -2.501814e-001  2.347488e-001  -9.835486e-001  2.044433e-001  2.580203e-001  -6.227973e-001  -4.304799e-001  
0
1
2
5 0 12 6 0 -1
5 3 12 3 0 2
haar_y2
-0.140834  202.434433  64
-1.142816e-001  3.295749e-001  2.579404e-001  1.860441e-001  2.334164e-001  -2.220279e-001  -1.237053e-001  1.039806e-001  4.704129e-001  1.061962e-001  4.093414e-001  3.839349e-001  1.021166e-001  -9.058484e-002  7.388365e-002  3.303944e-001  3.041782e-001  6.674971e-002  1.038904e-001  1.761201e-001  5.737872e-002  5.933240e-002  3.426973e-002  -5.380721e-002  -1.304081e-001  -1.423420e-001  -2.343547e-001  -8.024681e-002  -6.003793e-002  -4.818739e-002  -4.221744e-002  -6.153776e-002  8.828171e-002  -4.118590e-002  9.143810e-003  1.222988e-001  -1.312788e-001  -9.722663e-003  5.721358e-002  -1.474252e-001  1.233924e-001  -1.662882e-001  -7.997823e-002  2.314916e-001  -3.536024e-002  -2.022525e-001  -2.022131e-001  8.349797e-002  2.813996e-001  4.896147e-001  3.804120e-002  2.091163e-001  -4.724494e-002  1.330234e-001  -2.667366e-001  4.193185e-002  -1.897841e-001  -8.425911e-002  1.334265e-001  4.054615e-002  2.157319e-001  -7.884458e-001  7.699608e-001  3.609504e-001  
0
1
2
2 3 15 4 0 -1
2 5 15 2 0 2
haar_y2
-0.076600  431.476685  64
-9.103113e-002  -2.190485e-001  -7.393891e-002  1.168300e-001  -1.242198e-001  8.545645e-002  4.009388e-002  -6.021796e-001  -2.817608e-001  -2.206621e-001  -9.815084e-002  -4.903555e-002  -6.537326e-002  -3.716127e-002  -5.018764e-002  -3.447125e-001  4.830410e-004  2.936857e-002  -5.969894e-002  -1.736994e-001  -1.363354e-001  -1.397425e-001  4.494176e-002  5.146559e-002  1.253171e-001  1.786706e-001  6.960966e-002  2.232188e-001  1.220802e-001  1.738260e-001  8.471154e-002  1.023473e-001  6.790212e-002  1.538636e-001  2.521405e-003  1.436346e-001  -2.129102e-001  -1.087907e-001  -1.773983e-001  -1.608775e-001  -2.809691e-002  -1.891992e-002  -1.175757e-001  9.998302e-002  9.442160e-002  -2.368709e-002  -2.820323e-001  -1.141986e-001  -3.651045e-002  3.360865e-002  -1.883519e-001  -2.321306e-001  -2.590246e-001  -1.879582e-001  -3.637503e-001  -1.630117e-001  6.908956e-002  -3.793971e-001  -1.317903e-001  4.003041e-001  4.502505e-002  3.429200e-001  -8.869253e-001  2.193595e-001  
0
1
2
3 0 6 21 0 -1
5 0 2 21 0 3
haar_x3
-0.083551  294.619324  64
-1.960693e-001  -5.882718e-002  -8.242594e-002  -1.845380e-001  -3.756390e-001  -1.139595e-002  -4.325835e-001  -1.550026e-001  1.709019e-001  -1.900035e-001  -1.592447e-001  -1.613656e-001  -3.529724e-001  -6.640976e-002  -2.957944e-001  -3.257746e-001  -1.241798e-001  -1.163268e-001  -1.080358e-001  -1.675806e-001  -1.312506e-002  -3.783901e-002  1.033309e-001  7.409082e-002  2.668572e-002  -1.123573e-001  9.462166e-002  -4.008367e-002  8.877605e-002  9.206523e-002  5.400921e-002  9.354827e-002  3.866136e-002  1.831655e-001  2.757201e-001  1.615132e-001  3.952309e-002  4.103535e-002  4.881850e-003  1.771298e-001  1.320569e-001  1.524777e-001  2.632590e-001  -2.077053e-001  5.470110e-002  1.246126e-001  2.915504e-001  3.241064e-002  -1.394240e-001  6.445000e-002  1.134024e-001  -3.063425e-001  -3.095665e-001  7.771323e-002  -1.855834e-001  -3.350560e-002  -3.084000e-001  -1.425154e-001  -5.854275e-002  -4.689794e-001  -2.663996e-001  -5.644910e-001  4.071697e-001  -4.489033e-001  
0
1
2
0 2 8 16 0 -1
2 2 4 16 0 2
haar_x4
-0.165536  171.314468  64
-2.737528e-001  4.363183e-001  3.158565e-001  -2.821735e-002  1.767549e-001  3.483746e-001  2.983318e-001  1.536797e-002  2.017688e-001  -1.993480e-001  2.255899e-002  1.317973e-001  3.957760e-001  9.155222e-003  2.403981e-001  3.494915e-001  -3.556055e-002  1.732117e-001  1.306195e-001  2.008839e-001  6.207480e-002  1.917108e-001  9.863261e-003  -3.624581e-003  -1.780552e-001  -5.014830e-002  -7.175355e-002  -1.167332e-001  -1.306295e-001  -2.085213e-001  -1.224930e-001  -9.733153e-002  -2.139440e-001  -5.018390e-003  -3.773703e-002  3.368266e-002  -7.249414e-002  1.527460e-001  1.520938e-001  2.247898e-001  -9.529224e-003  1.736072e-001  1.128400e-001  7.526331e-002  1.446849e-001  3.362455e-001  2.030496e-001  1.173877e-002  7.081272e-002  4.060567e-002  -4.674532e-001  1.650949e-001  1.161695e-001  -1.405633e-001  -2.043311e-001  -2.133041e-001  -1.508767e-001  -3.256623e-002  2.158466e-001  -3.098979e-001  -5.519674e-002  2.979863e-002  5.348079e-001  4.003074e-003  
0
1
3
3 0 12 14 0 -1
3 0 6 7 0 2
9 7 6 7 0 2
haar_x2_y2
-0.167283  232.604172  64
-1.378292e-001  -3.397403e-002  3.602904e-001  2.356375e-001  4.857996e-002  1.382618e-001  3.077900e-002  4.405211e-002  5.857146e-002  1.706666e-001  -1.232144e-003  7.295760e-002  2.784821e-001  2.936795e-001  -4.646151e-002  6.887174e-002  1.416275e-001  1.091951e-002  1.978358e-001  1.437897e-001  1.069835e-001  7.845657e-002  1.201791e-001  1.882317e-002  1.341808e-001  2.090520e-001  2.210243e-001  1.854750e-002  4.223984e-002  -1.357283e-001  9.792084e-005  -6.561553e-002  1.687308e-002  -8.691417e-002  -1.457498e-001  -1.061253e-001  -1.604839e-001  -2.518977e-001  -2.947622e-001  -2.181282e-001  -8.383475e-002  -1.919416e-001  -6.873561e-002  1.717628e-002  1.284631e-001  5.211364e-002  -2.323888e-002  1.265767e-001  1.229267e-001  9.142205e-002  2.075568e-001  -6.197812e-002  3.518798e-001  3.603195e-001  3.848645e-002  1.529436e-001  -4.452951e-002  3.275187e-001  1.921464e-001  1.916183e-001  -5.636686e-002  -3.209518e-001  -4.071620e-001  -2.685256e-001  
0
1
2
10 10 4 14 0 -1
10 17 4 7 0 2
haar_y2
-0.097331  409.027557  64
5.767405e-002  -3.183720e-001  -3.811920e-002  3.101335e-001  1.975982e-001  4.120125e-002  7.580157e-002  -1.761435e-002  3.725138e-001  -8.920927e-002  -7.639918e-002  1.300065e-001  1.715651e-001  5.417643e-002  -7.299446e-002  -1.193029e-001  -1.327545e-001  -6.879029e-002  -3.399908e-003  4.171712e-002  1.467596e-001  -2.005463e-002  -1.242449e-001  -2.911052e-002  -1.182455e-001  -1.270025e-002  -4.011799e-002  4.123781e-002  -2.827771e-002  -8.910683e-002  -3.693989e-002  -4.260786e-002  -5.849434e-002  -5.958387e-002  1.254719e-001  -1.487350e-002  1.375335e-001  1.403746e-001  1.780435e-001  2.407302e-001  7.932993e-002  1.407855e-001  1.468119e-001  1.559136e-001  -6.564183e-002  -1.145847e-001  3.192081e-002  -1.197512e-001  -5.616716e-002  -3.712630e-001  -1.332103e-001  2.551528e-002  -4.372700e-001  -2.782612e-001  -5.021703e-001  -3.450715e-001  -4.233410e-001  -7.944673e-002  -5.804161e-001  -2.536952e-001  -2.228785e-002  -6.454771e-001  -6.376183e-001  -4.024943e-001  
0
1
2
9 7 9 4 0 -1
8 8 9 2 0 2
tilted_haar_y4
-0.033332  996.963196  64
-1.232369e-001  -3.064874e-001  -9.152896e-002  -4.965290e-002  -3.893985e-003  -1.859031e-001  2.308338e-001  -9.427918e-002  3.815767e-001  2.445131e-001  1.767170e-001  4.478357e-002  1.183256e-001  1.899345e-001  8.204088e-002  -6.602534e-002  1.601192e-001  7.655782e-002  5.960928e-002  2.851338e-001  2.724308e-001  -3.194832e-003  1.750859e-002  1.350800e-001  1.361559e-001  1.348646e-001  1.088455e-001  1.669913e-002  1.353954e-001  2.155571e-001  -3.014537e-002  9.351351e-002  -3.226896e-003  -1.033728e-001  -6.447162e-002  -2.188006e-001  -4.669900e-002  -1.797858e-001  -3.538734e-003  -7.302452e-003  -1.121433e-001  -3.094547e-002  -2.334630e-001  -2.051431e-001  -2.348809e-001  -1.602307e-001  -9.763623e-002  -2.057780e-001  -1.546259e-002  3.248767e-002  -1.815074e-002  -4.984969e-002  -9.434979e-002  4.772375e-002  -3.969072e-001  -4.382991e-001  9.918194e-002  -1.503023e-001  -1.506246e-001  -5.208499e-001  -5.579828e-001  -2.880718e-001  -4.091983e-001  -2.733031e-001  
0
1
2
5 15 14 6 0 -1
5 17 14 2 0 3
haar_y3
-0.114031  302.400055  64
-3.295134e-001  4.057136e-001  2.460231e-001  5.191873e-001  -2.059222e-001  6.508889e-001  2.840543e-001  3.126597e-001  -1.000548e-001  -1.743635e-001  8.230071e-002  -7.038701e-002  4.215443e-001  -7.884684e-003  4.749658e-002  2.406433e-001  2.600357e-001  -9.983174e-002  2.599443e-001  7.532448e-002  1.119363e-001  2.164182e-001  7.104930e-002  3.360743e-002  2.308330e-001  1.686088e-001  6.232896e-002  2.810907e-003  3.725322e-002  2.657343e-002  -5.157417e-002  5.985765e-003  -1.811222e-001  -2.388387e-001  -2.346337e-001  -1.380734e-001  -1.634046e-003  -7.025803e-002  -4.815634e-002  1.185638e-001  9.574728e-002  3.145149e-002  7.364774e-002  5.795801e-002  1.525543e-001  2.386230e-001  1.598499e-001  2.347510e-001  1.724119e-001  2.016906e-001  5.183086e-002  -1.091107e-001  -1.754144e-002  9.211218e-002  1.113526e-001  -1.322060e-001  1.469823e-001  2.096852e-001  3.003793e-001  2.382384e-001  3.964770e-001  1.770463e-001  1.477558e-001  -1.287711e-001  
0
1
2
4 0 11 3 0 -1
3 1 11 1 0 3
tilted_haar_y3
-0.039270  836.078613  64
-3.044535e-001  -2.871422e-001  -4.386814e-001  -4.106371e-001  5.338971e-003  -6.773019e-001  -1.692821e-001  -1.985840e-001  7.578451e-002  -1.036496e-001  -2.740243e-001  -4.117962e-001  6.837463e-002  1.217598e-001  1.710902e-001  9.796931e-002  4.089641e-002  2.103570e-001  2.200800e-001  1.837115e-001  1.368351e-001  1.699666e-001  1.777985e-001  1.852480e-001  8.847412e-002  1.811435e-001  1.678548e-002  1.038890e-001  2.085355e-002  4.038448e-002  1.081026e-001  -6.686836e-002  -7.869222e-002  2.888819e-002  1.231879e-002  -1.720783e-001  -4.799734e-002  -7.798740e-002  -2.634354e-002  -6.550432e-002  -9.791861e-002  -2.575894e-002  -2.049105e-002  -1.304823e-001  -1.104322e-002  -3.340531e-003  -1.750264e-002  -1.493619e-001  5.351654e-002  9.755543e-003  -2.954445e-001  -1.918130e-001  -1.882459e-001  5.870557e-002  -1.490883e-001  1.068680e-001  -2.825569e-001  -5.876255e-002  1.195244e-001  1.008926e-002  -1.227486e-001  -4.678445e-001  -2.494259e-001  -5.132724e-001  
0
1
2
1 14 9 9 0 -1
1 17 9 3 0 3
haar_y3
-0.083501  303.680725  64
-5.402638e-001  -3.637566e-001  -1.708939e-001  -2.756087e-001  -1.071727e-001  -7.720564e-002  -1.725120e-002  -3.071721e-001  1.742455e-002  9.596084e-002  8.914638e-002  -2.521410e-001  -1.022347e-001  -7.502811e-002  -1.392981e-002  -6.039877e-002  5.647061e-003  1.074748e-001  8.078845e-002  1.044233e-001  5.967245e-002  1.187980e-001  9.862028e-002  6.259692e-002  3.988001e-002  7.092192e-002  -4.927696e-002  7.486990e-003  2.076243e-003  1.969962e-001  -4.882340e-002  5.927766e-002  -1.039529e-001  1.335524e-001  -5.731498e-002  -7.537141e-002  -2.586590e-001  3.863769e-002  -2.357823e-002  -5.318110e-002  -2.781040e-001  -2.289822e-001  -3.476866e-002  -2.817108e-001  5.567468e-002  -5.165257e-001  -1.902043e-002  2.832753e-001  4.523946e-002  2.450269e-001  3.970188e-001  5.301716e-002  -6.262084e-001  -1.810661e-001  3.338913e-001  1.730042e-001  5.157607e-001  -5.507968e-002  -6.994666e-003  -7.577297e-002  6.663024e-001  1.898423e-001  -2.419070e-001  2.415803e-001  
0
1
2
8 1 9 4 0 -1
8 1 9 2 0 2
tilted_haar_y2
-0.048141  496.522858  64
3.549755e-001  4.755288e-001  2.294378e-001  4.247794e-001  3.098014e-001  2.240403e-001  -1.080450e-001  2.103142e-001  1.786121e-001  6.190483e-002  1.176555e-001  -1.223612e-001  -3.669380e-002  1.197286e-001  -3.011126e-001  -1.340773e-001  -1.823338e-001  -2.453911e-001  2.212243e-002  -1.709795e-001  5.039622e-002  -1.993416e-001  -1.348512e-001  6.056997e-002  -1.400476e-001  8.305664e-002  -5.381574e-002  2.751517e-002  -4.256058e-002  6.948902e-002  1.246148e-001  -1.041970e-001  6.738873e-002  -6.347821e-002  2.887041e-002  1.157439e-002  -3.100556e-002  9.708891e-002  2.897105e-002  -3.491277e-002  1.396576e-001  -5.733975e-002  8.385484e-002  1.004129e-001  -8.133919e-002  -6.541664e-002  -1.560778e-001  1.338591e-001  -1.041402e-001  1.467061e-001  -3.141776e-003  2.342221e-001  9.898080e-002  2.071224e-001  6.769111e-001  1.376486e-001  6.763286e-002  8.481495e-001  -8.277778e-002  7.344858e-002  3.257265e-001  7.238234e-002  1.054945e+000  1.478304e-001  
-1.911746 
