24 
0
1
2
3 1 16 9 0 -1
7 1 8 9 0 2
haar_x4
-0.075898  276.520050  64
-8.096934e-001  -2.644530e+000  -2.505068e-001  -7.001768e-001  -3.727341e-001  -1.308894e+000  -3.634743e-001  -1.550794e+000  -1.281521e+000  -6.194189e-001  -5.656503e-001  -7.832216e-001  -3.024704e-001  -5.691001e-001  -7.081741e-001  -3.502389e-001  -6.312966e-001  -2.276947e-001  -3.404999e-001  -4.420777e-001  -5.383635e-001  -3.174210e-001  -4.335784e-001  -4.748628e-001  -3.371856e-001  -4.391732e-001  -2.548357e-001  -5.920345e-001  -4.815755e-001  -4.741581e-001  -4.992416e-001  -6.902154e-001  -6.603524e-001  -7.524902e-001  -4.055117e-001  -3.970508e-001  -1.015457e+000  -5.837488e-001  -9.984465e-001  -6.575788e-001  -6.584557e-001  -4.510407e-001  -7.043631e-001  -1.201984e+000  -3.671982e-001  -1.372635e-001  -9.286126e-001  -3.816232e-001  -7.102636e-001  -6.550419e-001  -9.858629e-001  -4.073863e-001  -4.232249e-001  -6.405705e-001  -1.092607e-001  -3.837110e-001  -5.783640e-001  -3.414090e-001  -1.094227e+000  -3.992226e-001  -3.252108e+000  -6.597630e-001  1.067314e-001  -9.304363e-002  
0
1
2
9 2 14 10 0 -1
16 2 7 10 0 2
haar_x2
-0.159923  178.519302  64
-2.161750e-001  -3.121293e-001  -1.210956e-001  1.552840e-001  1.068320e-001  -7.189066e-001  -1.635366e-001  -1.344038e-001  9.362637e-002  3.949057e-001  -8.002248e-001  2.016700e-001  3.958001e-001  9.477194e-002  8.395331e-002  7.305150e-002  -7.210015e-001  5.243742e-001  -6.955095e-002  2.389711e-001  -3.563492e-001  -3.864883e-001  -5.882708e-002  7.520224e-003  1.449412e-001  -3.323859e-002  1.074945e-001  1.090013e-001  -8.383313e-002  9.091462e-002  -6.880797e-002  7.820563e-002  7.089198e-002  2.054454e-001  1.423411e-001  8.338144e-002  -4.961442e-002  -9.740623e-003  -1.925073e-001  -3.443986e-001  -1.975538e-002  -4.501654e-001  5.854749e-002  1.585176e-001  1.382726e-001  1.500654e-001  1.948687e-001  1.578825e-001  1.863112e-001  2.792422e-001  7.025819e-002  1.964371e-001  1.877410e-001  9.425191e-002  4.972786e-001  -4.815897e-001  -1.427590e+000  -7.692818e-002  1.615715e-001  2.813025e-001  1.640703e-001  7.623189e-002  8.494215e-001  7.894728e-001  
0
1
2
6 2 10 16 0 -1
6 6 10 8 0 2
haar_y4
-0.073604  235.999374  64
7.477421e-001  -6.002132e-001  -1.009033e-001  7.142770e-001  5.927592e-001  1.666938e-001  -2.915954e-001  1.348162e-002  -8.302786e-001  -3.898709e-001  -5.776899e-001  6.514633e-002  -1.951436e-001  2.393578e-002  -7.248113e-001  -1.182715e-001  -3.091648e-001  -2.173196e-001  -1.727959e-001  -2.612115e-001  -3.416782e-001  2.919158e-001  3.194419e-002  -2.450171e-002  1.233824e-001  1.138913e-001  2.973888e-002  -3.926650e-002  4.720299e-002  2.342460e-001  2.727250e-001  -1.341288e-001  2.253232e-001  3.653979e-001  -8.881017e-002  5.841265e-002  1.654256e-001  2.821742e-001  7.083693e-002  1.376199e-001  1.633273e-001  1.819109e-001  -2.902563e-001  1.001232e-001  3.352217e-001  -4.402168e-002  -3.095849e-001  -8.582604e-002  1.660274e-001  -1.969736e-001  9.743984e-002  -5.129755e-001  2.233739e-001  -1.280197e-001  3.080814e-001  -5.391400e-001  -2.737774e-002  3.853656e-002  -4.507405e-001  -8.455669e-001  1.491399e-001  -6.159132e-001  -4.052543e-001  3.529599e-001  
0
1
2
4 1 16 7 0 -1
8 1 8 7 0 2
haar_x4
-0.086854  254.847794  64
-3.566045e-001  -1.185802e-001  -2.731294e-001  3.584829e-001  6.086591e-001  2.779058e-001  4.885088e-001  2.791124e-001  4.402619e-001  -2.273222e-001  2.060086e-002  3.100761e-001  -7.657140e-002  1.950379e-001  -2.926262e-001  2.637820e-001  -1.211809e-001  -2.637358e-001  -1.832130e-002  8.588538e-002  -2.923443e-001  -1.605264e-001  -1.781839e-001  -1.261998e-001  -1.734447e-001  -2.808739e-002  -9.382412e-002  -1.234421e-001  -1.414105e-002  -1.665531e-001  -7.276501e-002  3.186075e-002  4.397340e-002  1.883708e-001  -1.219404e-001  2.299647e-001  -1.351634e-002  1.516628e-001  -1.461656e-001  1.739611e-001  1.275855e-001  4.789245e-001  -1.160047e-001  4.143687e-001  2.197842e-002  -1.014578e-001  5.533480e-003  2.528233e-001  1.757868e-001  -2.658675e-002  2.665108e-001  4.664801e-001  1.197085e-001  5.417510e-004  5.098787e-001  4.677710e-001  4.237182e-001  -1.052453e+000  8.554229e-001  6.314126e-001  1.177088e+000  1.040177e+000  3.984756e-001  3.664384e-001  
0
1
2
14 0 6 16 0 -1
16 0 2 16 0 3
haar_x3
-0.091309  412.432587  64
-9.481692e-001  -1.916156e-001  2.173961e-001  2.185210e-001  -5.964226e-001  -8.988105e-001  -4.867119e-001  -8.018415e-002  -4.670772e-001  1.426818e-001  -5.273148e-001  1.509154e-001  -2.374783e-001  8.363570e-002  -2.075067e-001  -4.952610e-002  1.155227e-001  -1.094409e-001  1.372073e-001  -1.588857e-001  1.072138e-001  7.005414e-002  1.128572e-002  3.072411e-001  2.619727e-001  1.779726e-001  1.006823e-001  -1.878092e-001  -3.547947e-002  7.199819e-002  1.205541e-001  -1.167487e-001  1.230908e-001  4.867849e-002  1.715695e-001  1.797795e-001  7.389429e-002  -5.325685e-003  1.724818e-001  2.207325e-001  -3.112008e-001  1.800772e-001  2.002020e-001  1.019381e-001  5.725504e-002  5.079064e-002  1.424892e-001  -6.750047e-003  -2.676980e-002  -5.254327e-002  -7.720093e-002  -3.744009e-001  -3.924007e-001  2.479984e-001  -4.563954e-002  -3.200741e-001  -6.656966e-001  1.775911e-002  -6.990858e-001  1.901533e-001  -4.563597e-001  -4.095107e-001  7.602801e-002  -3.952133e-001  
0
1
2
5 3 15 12 0 -1
5 7 15 4 0 3
haar_y3
-0.086835  160.591919  64
-5.038739e-001  -4.969282e-001  -2.098645e-001  -1.769445e-001  7.136706e-002  4.821463e-003  -1.165577e-001  4.994591e-001  3.554957e-002  4.799879e-002  -1.633130e-001  4.182392e-002  1.554821e-001  1.762627e-001  1.692407e-001  1.042186e-001  3.136832e-001  2.090667e-003  -6.518242e-002  2.626434e-002  3.203443e-001  -1.414642e-002  -4.641492e-003  -3.374859e-002  -1.610447e-001  -1.828492e-001  1.893205e-002  -1.806358e-001  -2.788613e-001  -1.021827e-001  -1.417503e-001  -8.979481e-002  -2.478308e-001  -2.113700e-001  -1.347783e-002  -3.415755e-001  -1.464161e-001  4.795957e-001  1.253025e-001  2.175501e-001  1.997372e-001  7.323059e-002  2.240852e-001  -2.610220e-001  -7.475428e-002  3.350526e-001  1.272985e-001  1.251545e-001  2.874070e-001  2.798309e-001  4.184366e-002  -3.030379e-001  4.710709e-001  2.807872e-001  3.177247e-001  -6.210721e-001  1.000470e+000  -7.031538e-003  3.810460e-001  -7.456747e-001  3.271730e-001  1.115898e-001  1.126395e+000  1.356562e+000  
0
1
3
8 2 12 10 0 -1
8 2 6 5 0 2
14 7 6 5 0 2
haar_x2_y2
-0.140064  251.331024  64
1.084631e+000  2.616392e-001  5.181233e-001  8.021457e-002  1.122623e+000  5.579976e-001  -1.600095e-001  8.753124e-003  4.374768e-001  5.009022e-001  -1.193888e-001  3.617801e-001  3.468714e-002  4.865291e-001  -1.497243e-001  8.566486e-002  2.987947e-001  -3.079694e-001  -1.310585e-001  -1.456255e-001  5.135136e-002  -5.714994e-002  -3.369874e-001  7.803035e-002  -2.944583e-001  -3.711341e-002  -1.795621e-001  -1.164450e-001  -2.037932e-001  1.783552e-001  -7.919174e-002  -3.201653e-001  -2.308483e-001  -4.803501e-002  -2.280358e-002  -1.040044e-001  -1.673771e-002  7.428017e-002  9.740649e-002  4.467391e-002  -1.367283e-002  1.268938e-001  4.455964e-002  1.643942e-002  3.061481e-001  -7.785467e-002  1.107964e-001  1.481419e-001  5.946218e-002  2.245549e-001  9.883247e-003  2.467468e-001  -1.260307e-001  1.376759e-001  3.085648e-001  2.510768e-001  4.321660e-001  -2.064279e-001  -2.795361e-001  -1.810206e-001  -1.161112e+000  -3.835148e-001  -4.133011e-001  1.332791e-002  
0
1
2
9 4 6 10 0 -1
12 4 3 10 0 2
haar_x2
-0.075624  349.716766  64
5.988966e-001  2.526515e-002  5.406446e-001  -9.646715e-002  4.486824e-001  4.746979e-001  -2.965287e-001  -5.887048e-001  -2.069269e-001  2.032520e-002  -5.331408e-001  2.132270e-002  -7.799931e-001  9.312113e-002  -2.490919e-001  7.239079e-002  6.818589e-002  -5.088724e-002  -2.844697e-001  1.311968e-002  -3.545225e-002  -1.668856e-001  -1.878517e-001  -2.633311e-001  -1.583413e-001  -1.488447e-001  1.153350e-002  2.200534e-001  -3.141796e-001  -1.443247e-001  1.158302e-001  2.085641e-001  -2.417571e-002  -1.662739e-001  -7.287436e-002  1.511988e-001  6.609770e-002  5.922472e-002  3.287875e-001  -4.121593e-002  -1.566948e-001  -4.370221e-002  1.425019e-001  -2.489389e-001  2.072473e-001  1.929217e-001  -2.097349e-001  1.401041e-001  4.458745e-002  3.156180e-002  -1.238562e-001  8.777989e-002  2.090755e-001  7.673945e-002  -8.135707e-002  3.347213e-001  2.275219e-001  2.523761e-001  5.690361e-001  8.693110e-001  5.532255e-001  2.224815e-001  1.010278e+000  7.897844e-001  
0
1
3
4 3 14 8 0 -1
4 3 7 4 0 2
11 7 7 4 0 2
haar_x2_y2
-0.079613  251.693497  64
-4.432999e-001  -4.156453e-001  -2.765958e-001  -1.999235e-001  -1.349204e-001  -1.122637e-001  4.436163e-002  2.805769e-002  1.217225e-001  7.233881e-002  -4.967396e-002  1.478336e-001  1.722448e-002  6.982955e-002  -9.994827e-003  1.391573e-001  3.461122e-001  -1.436828e-002  2.020806e-001  -2.816838e-002  1.078213e-001  -3.448561e-002  2.322344e-001  3.683082e-003  -1.570383e-002  -4.460627e-002  -6.561719e-002  -1.255665e-001  -7.967127e-002  -2.213341e-001  -1.613209e-001  -1.468003e-001  -3.563653e-001  -6.906997e-002  -3.040442e-001  -1.501235e-001  -1.800733e-001  -1.912817e-001  8.401930e-003  -2.491031e-001  1.183503e-001  -2.768256e-001  1.911689e-001  8.443503e-002  -9.028648e-002  -9.274223e-003  3.008511e-001  -9.873601e-002  5.680609e-001  5.148363e-001  4.552802e-001  1.632446e-001  4.195917e-001  8.703900e-001  6.899699e-001  9.422089e-001  8.258564e-001  4.400853e-001  8.149939e-001  8.997052e-001  7.210687e-001  6.568274e-001  4.151106e-001  1.172258e+000  
0
1
2
5 13 12 7 0 -1
9 13 4 7 0 3
haar_x3
-0.111524  310.219879  64
-6.306953e-001  -1.298443e-001  5.592342e-002  -3.804215e-001  -1.333824e-001  -5.492954e-001  -5.337822e-001  9.110998e-002  -4.802940e-002  4.428042e-001  -1.210102e-001  3.107579e-001  -2.376100e-002  1.878506e-001  2.685318e-001  4.249777e-002  3.467999e-001  5.471221e-002  9.419134e-002  3.678467e-002  1.572874e-001  -6.792128e-002  1.315657e-001  3.589987e-001  1.129903e-001  4.419110e-002  6.003351e-004  5.156533e-002  1.400124e-001  7.255961e-002  1.822493e-001  -1.421507e-002  2.298658e-002  -9.459387e-002  -1.720902e-001  1.142317e-002  -2.971406e-001  -2.464235e-002  -1.242932e-001  -1.781253e-001  -1.513900e-001  4.454078e-002  1.068381e-001  -2.115736e-001  -4.797634e-001  -4.296320e-001  3.043177e-001  1.099613e-002  -1.130044e-001  -1.775607e-001  -1.269598e-001  -2.146007e-001  1.211174e-001  -2.489340e-001  -1.182314e-001  2.864674e-001  3.631498e-001  3.173604e-001  3.299968e-001  8.982608e-003  -1.638956e-001  -4.331461e-002  3.619264e-001  -5.803165e-001  
0
1
2
0 0 7 8 0 -1
0 4 7 4 0 2
haar_y2
-0.083424  307.338654  64
-1.097058e+000  -3.523328e-001  -7.842799e-001  9.604172e-002  -2.216682e-001  -2.908417e-001  -1.650194e-001  5.930450e-002  2.253527e-001  -2.384833e-001  4.578348e-002  -1.656208e-001  9.598465e-002  1.038980e-001  6.330261e-002  8.387500e-002  -2.148442e-002  2.505782e-001  2.184818e-002  1.107580e-001  3.042164e-002  7.289145e-002  -3.018652e-003  1.525114e-001  -1.862157e-001  -1.191898e-001  -8.566624e-002  -1.883781e-002  -3.252058e-002  2.030974e-001  -3.603619e-002  9.463098e-002  9.022532e-002  -9.632245e-002  2.089073e-001  -4.516287e-002  1.560157e-001  8.429939e-002  1.318287e-001  7.224148e-002  9.508655e-002  -7.246720e-002  -2.880701e-001  4.015137e-002  1.164447e-001  -1.526871e-001  1.510703e-001  -7.078633e-002  3.730885e-001  3.743751e-001  -1.723108e-001  3.315732e-001  1.927021e-001  -3.252642e-001  1.370141e-002  1.198901e-001  -5.032349e-001  5.822718e-001  -2.291260e-001  -8.278330e-001  -3.552088e-001  2.213748e-002  5.293744e-001  -2.147953e-001  
0
1
2
8 5 9 6 0 -1
8 8 9 3 0 2
haar_y2
-0.007109  617.946655  64
-3.809081e-001  1.435391e-001  1.909409e-002  -2.493743e-001  -4.052071e-002  -4.461287e-001  -6.145206e-002  -1.352910e-001  -3.032351e-001  -1.183179e-001  2.039107e-002  3.415239e-001  -2.322396e-003  1.567980e-001  1.737084e-001  9.658696e-002  1.277803e-001  1.826611e-001  8.548339e-002  1.416349e-001  1.251720e-001  4.954619e-002  1.295408e-001  -3.497374e-002  2.417498e-002  8.670492e-002  -2.325199e-002  1.129020e-001  -2.192349e-003  -4.383158e-002  2.785669e-002  5.385955e-002  -6.604935e-002  -1.707639e-001  -1.483468e-001  5.079694e-002  -1.699935e-001  1.377502e-001  2.363057e-002  -2.520662e-001  -1.006683e-001  1.367621e-001  2.309364e-001  -1.241121e-001  1.395439e-001  2.847380e-001  -1.011019e-002  3.323031e-001  4.195229e-001  -2.784470e-001  -5.530672e-001  -3.578538e-001  -4.852399e-001  1.197499e-001  -2.019554e-001  -3.067485e-001  -5.969908e-001  -3.350741e-001  -9.316999e-001  -1.170033e+000  -7.520958e-001  -8.119999e-001  -1.535540e-001  -1.329663e+000  
0
1
2
19 13 5 4 0 -1
19 13 5 2 0 2
tilted_haar_y2
-0.037177  605.731262  64
-6.346391e-001  -3.637109e-001  -9.471843e-001  -8.817138e-001  -3.003936e-001  -4.124087e-001  -2.229462e-001  -2.015486e-001  -2.639914e-001  -4.345056e-001  -2.473929e-002  -2.030167e-003  -2.178182e-001  4.459167e-003  -1.123706e-001  -1.346603e-001  1.540677e-001  1.514597e-001  -5.482374e-002  1.247278e-001  2.122035e-001  5.174240e-002  2.821970e-001  1.351928e-002  9.242951e-002  -9.260349e-003  1.210534e-003  2.233265e-001  2.502639e-001  1.407028e-002  -1.882038e-003  8.723241e-002  -1.322383e-001  -1.977467e-001  -5.706475e-003  3.026847e-001  1.999329e-001  1.278965e-001  4.292347e-002  -8.476493e-002  -1.659240e-001  -1.055952e-001  -1.698432e-001  1.448813e-001  3.478756e-002  -2.982645e-001  -1.952029e-001  -2.503954e-001  -2.364175e-001  -1.440353e-001  3.219284e-001  -3.747407e-001  -2.555962e-001  -4.105271e-001  1.637016e-001  -6.596807e-001  1.785494e-002  -2.547200e-001  -1.247132e-001  9.060169e-002  3.663968e-001  9.385282e-003  -1.518879e-001  -2.907346e-001  
0
1
2
0 0 8 18 0 -1
2 0 4 18 0 2
haar_x4
-0.107307  185.634064  64
-4.276036e-001  3.252632e-002  -4.876426e-001  2.453690e-001  -7.615249e-001  -7.563600e-001  -2.935050e-001  2.364672e-002  -5.228230e-002  3.976233e-001  -2.720450e-001  8.630916e-002  -1.566232e-001  -1.157571e-001  -1.283791e-001  7.719159e-002  4.944972e-002  -9.340383e-003  -1.065481e-001  -4.101972e-002  -8.716876e-002  5.190931e-002  8.482589e-002  -6.491657e-002  7.675663e-002  -1.222979e-001  1.370210e-002  -2.558091e-002  -8.069444e-002  -6.479232e-002  9.995213e-002  -4.099886e-002  1.750892e-001  2.969771e-001  2.052853e-001  1.456527e-001  6.495903e-002  -6.460714e-003  -7.256270e-002  2.250909e-001  3.911687e-001  9.563752e-002  -2.692350e-001  -2.778135e-001  -2.345876e-001  6.083751e-001  6.363920e-001  7.189747e-001  -6.722485e-001  -7.922225e-002  -1.371749e-001  3.985028e-001  1.145333e+000  9.722232e-001  5.275048e-001  -1.008137e-001  2.862365e-002  1.700405e-001  1.788886e-001  1.596493e-001  3.218955e-001  -1.955189e-001  7.433236e-001  4.626384e-001  
0
1
2
9 0 9 9 0 -1
12 0 3 9 0 3
haar_x3
-0.074765  287.172119  64
-2.455612e-001  3.786227e-001  -1.533153e-001  2.708677e-001  2.377669e-001  -2.014830e-001  2.911992e-001  1.252980e-001  -6.373405e-002  2.885888e-001  7.881777e-001  2.781490e-001  1.803310e-001  2.156898e-001  1.766067e-001  2.829781e-001  -4.061922e-002  3.559880e-003  -2.763847e-001  1.880510e-001  -3.386160e-001  -1.612202e-001  -2.777614e-001  -8.420166e-002  -1.581025e-001  -2.393418e-001  -7.413749e-002  -1.687172e-001  9.145933e-002  -1.127246e-001  -9.630796e-002  1.938900e-001  1.200433e-001  1.161987e-001  8.351497e-002  2.039062e-001  1.458494e-001  9.388207e-003  -5.663060e-002  1.787392e-002  -1.745190e-002  1.810159e-001  -2.223535e-001  -1.635754e-002  4.164943e-003  3.205131e-002  -1.468250e-001  9.836345e-002  -4.208279e-002  -2.766677e-001  -8.533449e-002  -1.798469e-001  -1.396140e-001  -3.060576e-001  -2.494367e-001  -1.399472e-001  -1.877824e-001  -4.098246e-001  -1.980855e-001  8.262445e-001  -6.555678e-001  -9.103844e-001  -6.209095e-001  -6.664836e-001  
0
1
2
13 8 10 6 0 -1
18 8 5 6 0 2
haar_x2
-0.073443  409.691711  64
-6.805615e-002  2.782505e-001  4.935660e-001  5.175014e-002  -8.334082e-002  -6.049873e-002  -4.182936e-001  -1.389690e-001  1.684484e-002  7.013590e-002  5.817373e-002  -4.355030e-003  -5.204609e-001  -1.253057e-001  -1.324585e-001  -2.831077e-001  -1.331117e-001  -2.726254e-001  -5.073067e-001  -2.865852e-001  -3.517353e-001  -1.082637e-001  -3.405546e-001  -1.586545e-001  6.305047e-002  -2.661102e-001  -3.395364e-002  -1.029771e-001  1.259893e-001  -1.791663e-001  -1.837349e-001  -2.820694e-002  2.051934e-002  1.025734e-002  2.540487e-001  1.447311e-001  1.059910e-001  1.080815e-001  1.949449e-001  2.804925e-001  1.676906e-001  1.698477e-001  2.693802e-001  2.071779e-001  2.525886e-002  3.307113e-002  -1.843747e-001  -1.542224e-002  2.949131e-002  2.198925e-001  -4.456879e-001  -1.152878e-002  6.695539e-003  -5.296182e-001  -2.068928e-001  -2.839428e-002  -1.634425e-001  1.311319e-001  -6.277763e-001  -2.790957e-001  -5.935072e-001  -3.118955e-001  -2.500956e-001  -4.643113e-002  
0
1
3
7 15 14 8 0 -1
7 15 7 4 0 2
14 19 7 4 0 2
haar_x2_y2
-0.116171  291.371521  64
1.674742e-001  6.048647e-001  -5.307906e-001  4.890861e-001  -3.544878e-001  7.250969e-001  5.650766e-001  3.115838e-001  5.339283e-001  4.019897e-001  6.284274e-001  3.108514e-001  8.730199e-002  -4.068365e-002  -8.411783e-002  1.047400e-002  6.027730e-002  -1.015256e-002  2.186442e-001  8.812547e-002  -1.286264e-001  -2.048353e-001  -7.865943e-002  -1.992686e-002  7.801036e-003  -1.410844e-001  -2.182330e-001  -7.534646e-002  -1.020825e-001  4.824533e-003  -8.196525e-002  7.070609e-002  2.260166e-001  1.678262e-001  1.136922e-001  2.488502e-001  -6.505034e-003  5.774176e-002  -1.246950e-001  -4.355838e-002  1.158684e-001  -1.903758e-002  -3.340673e-001  2.440905e-001  -3.785357e-001  2.139937e-001  -3.411022e-001  -2.899037e-001  -1.687584e-001  -9.632263e-002  -1.725153e-001  -2.011755e-001  -7.703303e-003  -2.812782e-001  -1.839628e-002  9.707546e-002  -7.429870e-001  3.696916e-002  1.761712e-001  -8.542593e-001  -2.462643e-001  2.398418e-001  4.416821e-001  3.718183e-001  
0
1
3
10 7 8 14 0 -1
10 7 4 7 0 2
14 14 4 7 0 2
haar_x2_y2
-0.057573  317.835541  64
3.770309e-001  6.300650e-001  -4.540503e-002  -6.352271e-002  4.383504e-001  4.358024e-001  4.122255e-001  -2.157185e-002  6.673557e-002  -3.597079e-001  -1.883375e-001  -1.231477e-001  -1.408030e-001  -3.418527e-001  -1.098699e-001  1.957790e-002  -1.025543e-001  -2.119256e-001  1.236280e-003  -1.621448e-001  5.068762e-002  -6.175754e-002  -1.219857e-001  1.517813e-001  -3.782670e-002  -9.431797e-002  3.833405e-002  2.450051e-001  7.849094e-003  4.102277e-002  -1.455702e-001  2.059988e-002  7.660227e-002  -9.414781e-003  5.261869e-002  1.138466e-001  1.442007e-002  -2.562309e-002  2.445063e-002  -2.555594e-001  1.208984e-001  7.488502e-002  -1.022790e-002  1.307668e-001  -5.717660e-002  2.054493e-001  -1.198879e-001  -6.001209e-002  2.577753e-001  4.434802e-001  4.923024e-001  7.055079e-001  6.960108e-001  -4.995716e-001  4.102435e-001  3.065801e-001  7.932582e-001  4.048179e-001  1.039252e+000  2.245013e-001  8.001735e-001  7.388963e-001  -3.374017e-001  1.196500e+000  
0
1
2
18 0 6 15 0 -1
21 0 3 15 0 2
haar_x2
-0.188988  183.467575  64
-3.255468e-001  -4.464591e-001  2.606541e-001  -1.864493e-001  5.167593e-001  1.041809e-001  2.704805e-001  1.344333e-002  -9.628816e-002  2.791116e-001  7.009006e-002  4.098341e-001  4.628311e-001  1.570739e-001  1.954259e-001  -8.955583e-002  5.775309e-001  2.615600e-001  1.343088e-001  2.937174e-001  3.473876e-001  3.177197e-001  -3.491120e-002  2.072967e-001  1.843362e-001  7.312359e-002  2.074209e-001  2.223967e-001  8.878648e-002  -3.978081e-002  -1.134213e-001  -7.669538e-002  -1.273498e-001  -8.037692e-002  -1.439423e-001  -5.696645e-002  -3.335066e-002  -8.765037e-003  -3.074814e-001  -8.030151e-002  -6.811492e-002  -1.530793e-001  -1.201193e-001  -1.775473e-001  -5.786123e-003  5.833083e-004  -2.643261e-002  1.828413e-001  1.857381e-001  5.967271e-002  -1.717045e-001  -2.534651e-001  5.456633e-002  3.630304e-001  -1.713912e-001  -3.440078e-001  -6.358682e-003  3.558665e-001  -3.932075e-001  -6.091750e-002  8.808128e-001  -4.764946e-001  8.905710e-001  -1.499574e-001  
0
1
2
5 0 16 4 0 -1
5 2 16 2 0 2
haar_y2
-0.130119  275.028656  64
1.687718e-001  6.931276e-001  2.710351e-001  5.787963e-001  8.744303e-001  3.657077e-001  2.094099e-001  4.030781e-001  3.823744e-001  7.955155e-001  -1.297209e-001  -1.001180e-001  5.047792e-001  3.698299e-001  5.531715e-001  -5.764420e-002  3.925357e-001  2.133282e-001  4.348595e-001  3.542025e-001  2.290212e-001  2.327685e-001  -4.538522e-002  6.825890e-002  -1.680736e-002  4.936299e-002  -9.200350e-002  -5.770678e-002  -7.818641e-002  -1.980105e-001  -8.526087e-002  1.074948e-002  -5.926572e-002  -1.394499e-001  3.222402e-002  -1.807853e-001  -2.731139e-002  -1.118708e-001  7.026628e-002  9.838186e-002  -1.285030e-001  -1.814113e-002  2.219256e-002  -1.863845e-001  -9.172287e-002  1.148597e-002  -1.810005e-001  1.592439e-001  1.409548e-001  -5.925599e-001  -3.699803e-002  -1.106293e-001  5.210873e-001  1.858024e-001  -3.137987e-001  -5.404590e-001  -8.078639e-003  6.342722e-002  -6.636240e-001  -5.024539e-001  -2.707486e-001  2.992761e-002  5.291677e-001  -3.708931e-002  
0
1
2
17 0 4 12 0 -1
14 3 4 6 0 2
tilted_haar_y4
-0.053438  396.916473  64
-8.489546e-001  -3.597108e-001  -2.867692e-001  -1.504511e-001  -3.070385e-001  -3.343049e-001  -1.138152e-001  -4.261270e-002  8.915172e-002  7.664854e-002  2.144478e-001  6.342662e-003  2.892871e-001  1.573329e-001  9.208059e-002  1.012507e-001  4.603812e-002  1.295578e-001  4.679519e-002  2.613158e-001  6.484234e-002  2.327252e-001  -3.963192e-003  1.170457e-001  2.604837e-002  7.394889e-002  2.372266e-001  2.163043e-001  -1.449022e-001  3.764090e-002  3.757091e-002  1.804671e-002  -4.750548e-002  -2.005729e-002  3.607762e-002  -1.750092e-001  5.633343e-002  -4.624420e-002  -1.208098e-001  1.303390e-001  -3.073083e-001  -2.199023e-001  5.619074e-002  -8.035232e-002  -3.391876e-001  1.472686e-001  -6.408557e-002  -1.400387e-001  -1.309950e-001  -5.478543e-002  -1.967010e-001  -4.393580e-001  -4.998397e-001  -5.364965e-002  -7.011680e-002  -3.382735e-001  3.739154e-001  1.120407e-002  -2.827706e-001  -1.886772e-001  -3.888009e-001  -1.031090e-003  2.774160e-001  -1.492722e-001  
0
1
2
7 3 14 5 0 -1
7 3 7 5 0 2
tilted_haar_x2
-0.210730  144.452087  64
3.096517e-001  1.491041e-001  6.440498e-001  3.126686e-001  5.358632e-001  -7.990046e-002  4.635332e-001  2.384439e-001  -1.304706e-001  -2.368757e-001  3.965310e-002  -1.464825e-001  8.221785e-003  -1.926258e-001  -2.711398e-001  8.629331e-002  -2.040173e-001  -9.278631e-002  -2.222425e-002  -3.740585e-002  9.813643e-003  5.099167e-002  -1.378041e-001  1.221140e-001  -7.546197e-002  2.957202e-001  1.709207e-001  1.141374e-001  2.593419e-001  -2.378284e-002  2.111275e-002  2.569707e-001  2.014712e-002  -2.295249e-002  -1.327498e-001  -7.784454e-002  -4.136690e-002  -1.357633e-001  -1.808187e-001  -4.213948e-001  -1.644803e-001  1.310246e-001  -4.544001e-001  3.850854e-001  9.375051e-002  6.988724e-002  -1.215963e-001  -2.003082e-001  -9.999799e-002  -1.906597e-001  -5.078760e-002  -3.116340e-001  5.299520e-001  -9.374697e-002  -3.634233e-001  -1.576781e-001  -4.531638e-001  -9.809177e-002  -5.298886e-001  2.041300e-001  -6.992906e-001  -4.446149e-002  4.078825e-001  -8.671899e-002  
0
1
2
8 2 12 5 0 -1
14 2 6 5 0 2
haar_x2
-0.097157  336.756317  64
-4.681681e-001  -5.247417e-001  -3.382426e-001  4.131961e-001  3.071208e-002  4.116061e-001  3.723448e-001  6.313149e-002  8.797577e-003  3.064599e-002  6.248300e-002  2.067257e-001  3.167877e-001  1.369990e-002  1.968690e-002  -4.656991e-002  5.905415e-002  2.133740e-001  2.233188e-001  1.319028e-001  -9.690636e-003  9.207366e-002  8.742016e-002  3.513043e-002  -7.269491e-003  4.307443e-002  -6.441094e-002  1.562974e-001  2.303632e-001  -1.983582e-001  4.784330e-003  -1.885286e-001  -2.508916e-001  -4.123922e-001  -1.608599e-001  3.208888e-002  -2.537013e-001  -1.649238e-001  -1.896147e-001  -1.278609e-001  8.784335e-002  -1.790499e-001  -3.673678e-002  1.035579e-001  -6.408876e-002  1.712358e-001  1.166036e-001  9.984186e-002  9.217623e-002  2.956918e-001  8.107954e-002  2.506393e-001  -7.723930e-002  4.188268e-001  9.400878e-002  1.190543e-001  -1.192719e-001  6.045067e-002  4.872736e-001  -2.457034e-001  -2.910450e-001  -2.507341e-001  -3.053705e-001  -9.785538e-001  
0
1
2
7 0 6 9 0 -1
10 0 3 9 0 2
haar_x2
-0.018066  586.670349  64
-2.644144e-001  -1.443488e-001  -3.520533e-001  -3.556973e-001  -5.264479e-001  1.486384e-001  -3.817104e-001  -2.849856e-001  -2.251248e-002  2.135463e-002  3.800745e-002  -3.072872e-002  -3.210918e-001  1.352493e-001  3.736702e-001  8.028594e-002  7.904142e-002  2.166216e-001  -2.419479e-002  -7.116996e-002  4.187346e-003  9.182519e-002  -8.903087e-002  1.720490e-001  -1.149737e-001  2.590289e-001  9.945808e-002  1.270687e-001  8.363069e-003  1.100056e-001  1.989051e-001  1.910195e-001  1.358297e-001  -5.168262e-002  2.694227e-001  -3.050375e-003  6.976661e-002  -9.527703e-002  -2.423428e-003  -1.388361e-001  3.959908e-002  -1.743949e-001  1.414543e-001  -7.122226e-002  -4.164416e-001  -2.666385e-001  -2.872015e-001  -2.708824e-001  9.126946e-002  -3.216507e-002  -6.145169e-001  -1.698113e-001  -1.918376e-001  3.648815e-002  -2.271806e-001  3.368778e-002  4.392252e-002  -3.606265e-001  2.133721e-001  -6.969261e-001  -4.169755e-001  5.409819e-001  -8.807604e-001  -4.926477e-001  
-1.963153 
