6 
0
1
2
15 2 9 11 0 -1
18 5 3 11 0 3
tilted_haar_x3
-0.175158  151.390381  64
-5.138013e-001  -7.822847e-002  2.490768e-002  -1.845744e-001  -1.742084e-001  1.337306e-002  1.627803e-001  1.810257e-001  2.056964e-001  -1.403895e-001  2.298491e-001  2.030568e-001  -1.812967e-001  1.309987e-001  1.472844e-001  3.636723e-002  6.566197e-002  -4.183837e-002  -1.122370e-001  -1.426722e-001  -2.897293e-001  -2.783656e-001  -4.294348e-001  -3.263180e-001  -5.757217e-001  -5.020307e-001  -7.590460e-001  -8.300987e-001  -9.513086e-001  -7.830312e-001  -6.999366e-001  -8.305104e-001  -7.942392e-001  -7.371294e-001  -4.797576e-001  -7.096780e-001  -6.205888e-001  -6.900957e-001  -6.760751e-001  -2.527694e-001  -3.759572e-001  -4.260175e-001  -4.793148e-002  -3.388910e-001  -1.495398e-001  -8.853367e-002  1.279752e-001  -2.323452e-001  -2.264060e-001  -1.251844e-001  -7.742619e-003  -1.566802e-001  2.043512e-002  -3.065988e-001  1.818077e-002  4.346494e-001  -6.161876e-001  -4.976860e-002  2.176442e-001  7.919376e-002  -1.518317e-003  -5.361140e-002  -1.982275e-001  -3.358490e-001  
0
1
2
6 0 6 24 0 -1
8 0 2 24 0 3
haar_x3
-0.124807  288.036896  64
-1.808426e+000  -4.944188e-001  -1.063632e+000  -7.758378e-001  -4.866117e-001  -4.971881e-001  -7.359364e-001  -9.189676e-001  -4.224935e-001  -3.617939e-001  -2.091416e-001  -7.188501e-001  -5.094383e-001  -9.689769e-001  -2.912526e-001  -1.464201e-001  -2.580342e-001  -1.952775e-002  -1.877519e-001  7.212751e-002  6.506070e-003  1.624645e-001  1.838661e-001  9.178139e-002  1.478489e-001  2.668738e-001  3.135269e-001  1.958449e-001  2.340017e-001  2.597930e-001  1.789058e-001  9.840971e-002  2.430418e-001  1.406410e-001  8.091303e-002  1.030955e-001  2.160100e-002  5.311156e-002  -7.692049e-002  -1.006348e-001  -5.675024e-002  -2.165030e-001  1.453044e-001  -1.995445e-001  -1.795833e-001  -4.627026e-001  -8.682832e-002  -3.835407e-001  -2.236004e-001  -5.879290e-001  -5.336556e-001  -2.998989e-001  -2.995629e-001  -5.059115e-001  -8.980089e-001  -5.810800e-001  -9.558486e-001  -1.413266e+000  -5.268785e-001  -4.153906e-001  -4.060433e-001  -8.669305e-001  -3.510426e-001  -1.458781e+000  
0
1
2
19 15 3 6 0 -1
19 15 3 3 0 2
tilted_haar_y2
-0.050710  481.422913  64
-1.234496e+000  -9.172474e-001  -9.742417e-001  -9.481816e-001  -1.109158e+000  -7.192340e-001  -1.158241e+000  -1.028350e+000  -6.791422e-001  -7.676685e-001  -7.677868e-001  -4.448962e-001  -4.073355e-001  -1.525297e-001  -1.956649e-001  -1.114174e-001  5.960764e-002  5.676098e-002  -2.707168e-003  -4.959569e-002  1.061097e-002  2.822198e-002  3.036447e-001  4.038629e-002  1.043932e-001  7.630650e-002  4.059737e-002  8.878458e-002  1.944338e-001  1.217682e-001  1.384981e-001  8.163350e-002  8.672247e-002  1.766932e-001  2.781568e-001  3.139187e-001  1.787430e-001  3.776662e-001  1.648985e-001  1.352165e-002  2.447310e-001  1.142661e-001  8.792475e-002  1.044586e-001  -3.457237e-001  -4.336444e-001  -1.669722e-001  -6.035941e-001  -5.331265e-001  -2.769812e-001  -4.295586e-001  -7.998008e-001  -3.665005e-001  -4.525771e-001  -6.780947e-001  -3.476443e-001  -9.858065e-001  -1.594026e-001  -9.553487e-001  -1.063210e+000  -9.674074e-001  -9.050711e-001  -5.651271e-001  -1.255854e+000  
0
1
3
8 1 8 20 0 -1
8 1 4 10 0 2
12 11 4 10 0 2
haar_x2_y2
-0.110614  262.705475  64
-8.782961e-001  -1.012726e+000  -1.273576e+000  -7.239642e-001  -7.526348e-001  -7.342554e-001  -1.288800e-001  -4.871216e-001  2.451460e-002  -6.267656e-003  -1.553383e-001  -6.104052e-002  8.854657e-002  -9.593279e-002  1.224825e-001  1.500746e-001  8.537044e-002  4.997940e-003  2.196646e-001  1.540420e-001  2.016598e-001  1.191955e-001  2.786607e-001  1.909182e-001  7.812922e-002  2.979948e-001  9.265712e-002  -1.687600e-002  6.582836e-002  1.425951e-001  4.542678e-002  9.858084e-002  3.048675e-002  2.552422e-001  5.987696e-002  -4.785312e-002  4.275606e-002  2.392084e-002  1.563725e-002  -1.888352e-002  2.156723e-001  -2.157428e-002  -3.334281e-001  -5.571826e-001  -2.581059e-001  -5.280254e-001  -2.868553e-001  -7.997736e-001  -5.921285e-001  -8.247684e-001  -1.183827e+000  -6.646025e-001  -1.399490e+000  -1.378390e+000  -7.721680e-001  -1.148704e+000  -1.477205e+000  -8.899497e-001  -1.118668e+000  -1.031768e+000  -6.375026e-001  -6.740837e-001  -9.216523e-001  -1.739391e+000  
0
1
3
0 0 12 10 0 -1
0 0 6 5 0 2
6 5 6 5 0 2
haar_x2_y2
-0.128292  259.137573  64
-5.204357e-002  4.897000e-001  -3.914463e-001  -9.576388e-002  1.689642e-002  1.017569e-001  2.891235e-001  -5.307133e-002  -5.620377e-002  -1.488330e-001  2.597520e-001  -9.770891e-002  7.578789e-002  -6.578662e-002  -2.031354e-001  4.685389e-001  1.150054e-001  3.566181e-001  2.863526e-001  2.558365e-001  2.961853e-001  3.832893e-001  2.561096e-001  2.977529e-001  8.020025e-002  2.268719e-001  1.060562e-001  7.286229e-002  1.837874e-001  1.250717e-001  -2.935756e-003  1.185447e-001  -5.269815e-002  7.378986e-002  -1.646644e-001  -9.438902e-002  -7.856976e-002  -2.306118e-001  -2.903323e-001  -5.392852e-002  -4.550958e-001  -3.118747e-001  -6.517031e-001  -6.496028e-001  -5.741698e-001  -2.939384e-001  -6.323398e-001  -1.109617e+000  -9.840954e-001  -6.876611e-001  -8.400915e-001  -9.317572e-001  -8.409942e-001  -9.828523e-001  -2.272024e-001  -2.105438e-001  -1.136002e+000  -1.612180e-001  -9.774308e-001  -7.825399e-001  -8.795378e-001  -9.618523e-001  -3.968857e-001  -1.217242e+000  
0
1
2
16 4 4 15 0 -1
18 4 2 15 0 2
haar_x2
-0.037117  527.225037  64
-1.344970e-001  -4.252595e-001  -1.467955e-001  6.838540e-002  2.506195e-001  -2.843789e-001  -4.791980e-001  -2.277130e-002  2.690893e-002  1.655306e-001  -1.810029e-001  -1.661483e-001  -1.509140e-003  -6.976403e-002  -3.837816e-001  -3.438394e-001  -3.843224e-001  -4.197906e-001  -3.720905e-001  -5.525607e-001  -4.348586e-001  -1.286239e-001  -9.122488e-002  -1.369706e-001  9.557224e-002  1.315893e-001  9.712568e-002  1.535685e-001  1.682911e-001  2.155094e-001  3.230587e-001  2.066990e-001  2.090908e-001  1.783623e-001  2.166479e-001  2.047912e-001  3.790604e-001  2.025446e-001  1.968085e-001  2.627093e-001  2.282121e-001  6.186822e-001  6.105015e-001  1.960018e-001  -3.115900e-001  -2.014454e-001  -1.701694e-001  1.538808e-002  -3.208723e-001  -6.445125e-001  -2.287168e-001  -6.682274e-001  -5.721051e-001  -4.480559e-003  -3.544390e-001  -6.215631e-001  -4.022881e-001  -8.514112e-001  -1.262895e-001  -1.957793e-001  -5.218839e-001  -4.835848e-001  -6.923265e-001  -1.704652e+000  
-2.135604 
