6 
1
2
8 5 9 6 0 -1
8 7 9 2 0 3
haar_y3
-0.058730  468.826141  64
-2.166907e+000  -1.283285e+000  -1.347843e+000  -1.202702e+000  -1.395591e+000  -1.683060e+000  -1.563224e+000  -1.573612e+000  -1.720305e+000  -1.125113e+000  -1.083365e+000  -1.294718e+000  -1.060728e+000  -1.086043e+000  -1.081082e+000  -7.631669e-001  -6.916476e-001  -6.482534e-001  -4.573181e-001  -6.565825e-001  -1.302122e-001  -4.117534e-001  -2.098775e-001  -1.778409e-001  -1.439966e-001  -3.509052e-001  -2.282623e-001  -3.361713e-001  -1.804912e-001  -1.149515e-001  -2.688485e-001  -2.866589e-001  -2.809087e-001  -2.093747e-001  -2.914441e-001  -3.380608e-001  -4.892043e-001  -3.304816e-001  -5.220174e-001  -5.922799e-001  -6.099439e-001  -4.515266e-001  -6.523411e-001  -7.189933e-001  -8.640510e-001  -8.521014e-001  -8.639821e-001  -9.448586e-001  -9.420328e-001  -9.929853e-001  -1.034759e+000  -7.257022e-001  -1.155534e+000  -1.348877e+000  -9.369563e-001  -4.366871e-001  -1.046639e+000  -7.172621e-001  -9.378900e-001  -1.407626e+000  -7.326750e-001  -1.546242e-001  -6.545609e-001  -9.697292e-001  
1
2
14 3 9 6 0 -1
17 3 3 6 0 3
haar_x3
-0.088781  291.480103  64
3.403478e-001  2.936939e-001  3.907907e-001  3.464040e-001  8.243108e-001  6.971800e-001  3.266678e-001  3.422866e-001  2.791944e-001  5.313491e-001  7.227070e-001  2.804286e-001  5.433292e-001  1.589902e-001  3.534854e-001  1.864981e-001  3.915780e-001  1.793887e-001  5.486018e-002  2.801828e-001  1.949005e-001  -8.139200e-002  -6.949300e-002  -1.996737e-001  -2.901982e-001  -5.875584e-001  -5.616707e-001  -4.333313e-001  -5.754214e-001  -5.553911e-001  -3.331462e-001  -4.059186e-001  -2.615429e-001  -3.624743e-001  -1.971668e-001  -3.176133e-001  9.096998e-002  -1.918088e-002  8.350952e-002  2.256822e-001  1.705804e-001  3.965762e-003  1.846421e-001  3.339489e-001  9.806319e-002  3.068671e-001  4.207363e-001  5.648169e-001  2.580788e-001  4.447654e-001  3.651508e-001  3.048518e-001  2.586673e-001  5.086325e-001  4.825552e-001  3.452108e-001  9.336936e-001  -3.103906e-001  6.610079e-001  4.811887e-001  -1.173747e-001  1.366641e-001  5.880255e-002  -3.235011e-001  
1
2
7 0 3 18 0 -1
8 0 1 18 0 3
haar_x3
-0.034515  822.814758  64
-1.911270e+000  -3.387455e-001  -7.159045e-001  -2.978759e-001  -9.690981e-001  -5.602775e-001  -4.728999e-001  -2.469289e-001  -3.872662e-001  -6.621712e-001  -1.580572e-001  -3.004573e-002  -4.635621e-002  -1.726593e-001  -8.306452e-002  -2.717819e-001  -3.862464e-001  -1.848544e-001  1.927914e-002  2.371914e-001  2.648853e-002  6.514402e-002  1.476769e-001  3.931062e-002  2.159326e-001  2.567449e-001  2.982988e-001  1.050294e-001  5.270759e-002  1.807756e-001  1.034569e-001  2.067910e-001  4.089454e-002  1.081273e-001  1.630206e-001  3.487207e-002  -5.319600e-003  6.814127e-002  -1.659521e-001  -1.564453e-001  -6.606354e-002  -8.136388e-001  -8.351327e-001  -3.496398e-001  -7.121723e-001  -4.887862e-001  -1.211160e+000  -9.938821e-001  -6.615237e-001  -7.635717e-001  8.294426e-002  -1.680369e+000  -1.154501e+000  -1.025485e+000  -1.206363e+000  -6.277577e-001  -1.116192e+000  -6.614003e-001  -1.002559e+000  -1.023755e+000  -5.158154e-001  -7.148399e-001  -3.179913e-001  -1.593620e+000  
1
3
0 0 10 10 0 -1
0 0 5 5 0 2
5 5 5 5 0 2
haar_x2_y2
-0.122645  283.473816  64
2.894114e-001  1.047495e+000  8.217759e-001  3.114391e-001  2.657161e-001  2.180664e-001  1.350990e-001  4.615986e-001  2.859955e-001  4.078084e-001  2.708422e-001  1.652575e-001  2.582403e-001  2.845881e-001  5.836287e-001  2.575852e-001  1.565624e-001  9.354703e-002  2.507187e-001  4.252821e-001  5.445008e-001  3.757220e-001  4.696502e-001  5.046167e-001  3.330387e-001  2.174695e-001  4.376348e-001  4.454912e-002  1.925362e-002  7.447701e-002  1.228662e-001  -2.234379e-002  -1.353612e-002  -2.063055e-001  -2.590007e-001  -4.449879e-001  -4.838548e-001  -2.849106e-001  -4.286048e-001  -5.085903e-001  -2.112387e-001  -1.752182e-001  -3.706651e-001  -4.062485e-001  -3.084341e-001  -3.074227e-001  -4.537089e-001  -3.521149e-001  -7.699603e-001  -3.735257e-001  -8.034447e-001  -1.567461e-001  -4.929979e-001  1.714345e-001  -3.800602e-001  -4.780697e-001  5.574244e-002  -1.728819e-001  -1.104171e+000  -4.751861e-001  -2.439806e-001  -5.511501e-001  -2.977794e-001  -5.634261e-001  
1
2
18 11 6 13 0 -1
21 11 3 13 0 2
haar_x2
-0.183046  175.946030  64
-1.693031e-001  -1.205206e-002  1.874994e-001  7.291650e-001  4.878699e-001  4.987092e-001  3.993061e-001  -3.761518e-001  1.797001e-001  3.767355e-001  4.422263e-001  3.871366e-002  5.189824e-001  7.478380e-001  5.233548e-001  2.149329e-001  7.308790e-001  2.455603e-001  4.928457e-001  2.986478e-001  1.314238e-001  2.285410e-001  1.682716e-001  3.197253e-002  4.159581e-002  5.340947e-002  5.166527e-002  -1.514594e-001  -5.538978e-002  -9.283777e-002  -1.086888e-001  -3.989263e-001  -3.205824e-001  -3.761111e-001  -3.076609e-001  -3.342851e-001  -4.140119e-001  -2.020585e-002  -7.971916e-004  1.214825e-001  2.485122e-001  2.102247e-001  3.079358e-001  1.388917e-001  2.728545e-001  8.365100e-001  6.705868e-001  8.963143e-001  8.496566e-001  9.129908e-001  7.179942e-001  5.316104e-001  7.014588e-001  1.009497e+000  1.150202e+000  4.064316e-001  1.024149e+000  8.058788e-001  7.637134e-001  9.250873e-001  5.899917e-001  8.862935e-001  7.787073e-001  1.376759e+000  
1
2
9 15 6 9 0 -1
11 15 2 9 0 3
haar_x3
-0.051614  492.914398  64
-9.989966e-001  -6.765761e-001  -2.864390e-001  -6.697180e-001  -7.266262e-001  -7.012768e-001  -1.093204e+000  -3.030786e-001  -5.322264e-001  -4.094273e-001  -3.131191e-001  -3.909834e-001  -3.608641e-001  -2.788020e-001  4.441607e-002  1.086053e-001  1.681325e-001  1.252553e-001  1.285464e-001  1.383980e-001  1.976599e-001  7.584162e-002  9.822428e-002  3.664591e-001  2.157583e-001  1.955842e-001  3.658694e-002  2.899579e-001  1.478690e-001  1.063301e-001  2.977917e-001  -6.702087e-002  -4.009122e-002  -7.200047e-002  -1.391423e-001  -1.372813e-001  -1.290912e-001  -2.841820e-001  -3.342375e-001  -4.894203e-001  -5.913708e-001  -6.940102e-001  -5.988010e-001  -1.100302e+000  -1.026389e+000  -4.996104e-001  -1.133524e+000  -1.071368e+000  -8.221381e-001  -1.402561e+000  -7.791547e-001  -1.063264e+000  -4.748592e-001  -5.244558e-001  -1.126664e+000  -6.397576e-001  -1.127108e+000  -5.504560e-001  -8.114121e-001  -7.961681e-001  -5.421375e-001  -3.828585e-001  -5.780184e-001  -1.339983e+000  
-2.225165 
