26 
1
2
0 4 23 10 0 -1
0 9 23 5 0 2
haar_y2
-0.047466  167.528458  64
-8.090392e-001  -1.018148e+000  -3.984363e-001  -5.249950e-001  -5.135107e-001  -4.808757e-001  -5.304727e-001  -3.207319e-001  -6.755763e-001  -3.884599e-001  -2.095156e-001  -3.354945e-001  -2.226048e-001  -3.515090e-001  -2.693852e-001  -5.059611e-001  -3.687760e-001  -2.718470e-001  -1.552312e-001  -8.758781e-001  -8.850554e-001  -5.884374e-001  -5.973813e-001  -3.615306e-001  -5.485618e-001  -2.479982e-001  -7.711555e-001  -4.353449e-001  -1.089395e+000  -4.203783e-001  -4.660979e-001  -5.937142e-001  -3.709747e-001  -4.185729e-001  -3.650516e-001  -5.518503e-001  -9.478999e-001  -4.748763e-001  -7.176140e-001  -3.354969e-001  -7.016658e-001  -6.677269e-001  -7.363327e-001  -3.830471e-001  -4.560222e-001  -5.669975e-001  -1.433771e-001  -3.905970e-001  -7.563357e-001  -2.900696e-001  -2.235098e-001  -9.144068e-002  -4.622009e-001  -3.018073e-001  -4.427633e-001  -3.137760e-001  -5.262955e-002  -2.181876e-001  -6.751540e-002  -1.746930e+000  -1.170066e-001  -4.192246e+000  -3.366041e-002  -2.134994e+000  
1
2
0 6 10 12 0 -1
0 10 10 4 0 3
haar_y3
-0.065276  259.593842  64
-4.390344e-001  -4.250877e-001  1.763053e-001  -5.163411e-002  -1.325394e-001  1.577478e-001  2.512106e-001  9.348098e-002  3.262997e-001  -1.537951e-001  -3.006212e-001  -1.987511e-001  1.652071e-001  1.550408e-001  -1.091732e-001  1.517467e-001  6.675038e-002  1.407968e-001  -1.836566e-001  2.638249e-001  3.321097e-002  1.785772e-001  -4.875641e-002  1.885497e-002  1.279519e-001  7.902819e-002  1.005967e-001  1.530809e-001  5.326466e-002  8.113666e-002  1.637679e-001  2.767278e-001  2.226540e-001  1.329523e-002  -5.141703e-001  1.048203e-001  -1.681457e-002  5.144483e-002  -2.366107e-001  2.393794e-002  -2.888979e-002  4.475589e-002  -2.744219e-001  -5.539161e-002  -5.347954e-002  1.517897e-001  -4.962719e-001  9.192321e-002  -1.614976e+000  -1.173650e+000  -3.352170e-002  -5.886278e-001  5.948948e-002  -8.938934e-001  -1.843041e+000  6.648526e-002  -4.079540e-001  -1.063417e-001  -1.942302e-001  -3.384443e-001  -2.429882e-001  2.181893e-001  -2.653477e-002  -9.866264e-001  
1
2
5 1 15 6 0 -1
10 1 5 6 0 3
haar_x3
-0.086940  209.495392  64
-6.827342e-001  -2.720610e-001  2.336182e-001  -1.249853e-001  5.601465e-001  -1.443177e-001  2.131524e-001  9.049705e-002  1.297291e-001  1.212833e-001  2.666171e-001  -1.628069e-002  2.447321e-001  -1.101398e-002  1.364368e-001  5.129085e-002  6.403631e-002  -3.310117e-002  -5.243503e-002  5.861079e-002  -6.810717e-002  3.800287e-002  5.443539e-002  -1.660234e-001  -3.465755e-002  -9.821576e-002  -3.058213e-001  2.926352e-003  -1.776707e-001  -1.184286e-001  -1.009146e-001  7.973003e-003  1.040453e-001  -2.036730e-001  2.555918e-001  3.035836e-002  7.860124e-002  5.582066e-002  3.026328e-002  -2.755734e-001  1.368814e-001  1.153188e-001  3.214146e-001  1.974278e-001  3.245656e-001  5.497167e-001  2.503433e-001  5.453859e-001  1.767018e-001  1.505200e-001  -1.460211e-002  1.892803e-001  -2.214766e-001  6.942580e-001  1.173733e+000  -3.590213e-001  6.412413e-001  -1.454652e+000  9.110807e-001  5.237493e-001  8.969620e-001  7.975415e-001  4.788238e-001  5.763490e-001  
1
2
3 10 3 14 0 -1
3 17 3 7 0 2
haar_y2
-0.112556  319.512817  64
-6.058195e-002  -6.094362e-002  -8.012768e-003  4.156976e-001  4.101221e-001  8.219030e-001  3.934934e-001  5.075662e-001  3.520527e-001  1.193658e-001  3.277428e-001  -3.020203e-002  5.884132e-001  3.294317e-001  3.440084e-001  1.217421e-001  1.420563e-001  -7.005382e-002  3.251096e-002  -2.308293e-001  -7.884670e-002  6.922820e-002  -3.713460e-002  -1.038431e-001  -1.889704e-001  7.798894e-002  1.239259e-001  -6.130926e-002  2.212573e-001  -8.183736e-002  1.870339e-001  4.696310e-002  1.753072e-001  2.338801e-001  1.006856e-001  7.639439e-002  -4.998731e-002  -3.088008e-001  -2.646566e-001  -1.622119e-001  -4.731874e-001  -6.113055e-001  -3.049810e-001  -2.269339e-001  2.357934e-003  -6.845050e-001  -1.998456e-001  -3.281347e-001  -1.301359e-002  -1.742585e-001  -7.147364e-002  -6.847925e-002  1.027475e-001  5.192309e-001  4.623854e-001  1.368159e-001  4.963039e-002  1.304127e-001  -7.985909e-002  5.007013e-001  -1.295326e-001  1.759533e-001  2.039009e-001  1.013838e+000  
1
2
10 11 9 6 0 -1
10 13 9 2 0 3
haar_y3
-0.091829  377.321411  64
5.515226e-001  1.334639e+000  5.442669e-001  1.545071e-001  2.657922e-001  9.729840e-001  1.084101e+000  3.452610e-001  4.215993e-001  3.489068e-001  -7.205141e-002  1.680409e-001  6.539297e-001  -8.207765e-002  5.829619e-001  3.266415e-001  -3.832101e-002  6.338177e-001  1.626474e-001  1.271892e-001  3.561057e-001  7.629908e-002  2.301390e-001  4.192250e-001  2.550301e-001  2.722191e-001  3.735829e-001  1.413488e-001  5.502578e-002  -5.398954e-002  1.206948e-002  -4.407753e-002  -2.122325e-001  -1.425228e-001  -2.726649e-001  -1.528704e-001  -1.873746e-001  -9.980711e-002  -4.183127e-002  -2.218425e-002  -1.197817e-001  -8.190883e-002  5.831761e-002  9.103343e-002  3.795077e-002  -1.696629e-001  3.236951e-001  -2.538618e-001  1.675853e-001  1.345594e-001  9.922152e-002  1.509598e-001  4.377082e-001  -5.094261e-002  1.537269e-001  3.776580e-001  2.222073e-002  1.416949e-001  2.418827e-001  7.536872e-002  1.439563e-002  2.623748e-001  5.233679e-001  7.129821e-001  
1
3
9 6 8 10 0 -1
9 6 4 5 0 2
13 11 4 5 0 2
haar_x2_y2
-0.038173  575.258789  64
-4.371390e-001  -1.895060e-001  5.666727e-002  -5.280066e-001  -6.278191e-001  -2.255077e-001  -4.566845e-001  9.860805e-002  -1.729265e-001  -2.395507e-001  -3.512408e-001  -1.588396e-001  -3.755284e-002  -1.731351e-001  -1.066834e-001  1.700662e-001  7.149834e-002  4.949830e-002  1.449164e-001  2.967054e-001  1.089787e-001  2.448706e-001  3.532046e-001  1.008212e-001  2.389702e-001  1.179671e-001  2.702596e-001  1.565967e-001  1.274517e-001  1.699526e-001  1.043559e-001  -1.847055e-002  -1.181479e-001  -7.123037e-002  7.008169e-004  -2.525103e-001  -2.151228e-001  -8.511407e-002  -8.195991e-002  -9.035034e-002  -3.257023e-001  -2.342899e-001  -3.829160e-001  -8.080593e-002  -4.249065e-001  1.600817e-001  -2.390748e-001  -6.030928e-001  -4.319672e-001  -2.768098e-001  -2.378031e-001  -2.488571e-001  -1.929455e-002  -4.270381e-001  -3.157484e-001  1.053423e-001  1.413542e-001  2.984221e-001  -2.751636e-001  -4.686490e-001  -8.832917e-001  4.282018e-001  1.143596e-001  -3.068273e-001  
1
2
9 1 10 7 0 -1
14 1 5 7 0 2
haar_x2
-0.110248  333.962585  64
-6.108070e-001  -3.651892e-001  -4.671911e-001  -1.038148e-001  6.165967e-002  1.764990e-001  3.502286e-002  -3.911370e-001  1.344942e-002  5.905446e-002  1.845468e-001  -3.632188e-001  2.698382e-001  1.424474e-001  1.279601e-001  1.248643e-001  6.480668e-002  1.657041e-001  1.509472e-001  1.211370e-001  1.602479e-001  3.386605e-001  8.954623e-003  1.880408e-001  7.497291e-002  2.360737e-002  -7.353188e-002  -1.017143e-001  -1.872784e-002  7.478879e-002  -1.502697e-001  -2.239576e-001  -6.273692e-003  -2.985490e-002  -5.336772e-001  -1.874250e-001  -2.968133e-001  -1.022287e-001  -3.508012e-001  -6.375019e-002  -7.080649e-002  7.041703e-003  -2.911124e-002  2.107763e-001  9.501716e-002  -9.371293e-002  1.886764e-001  1.465780e-001  2.243322e-001  4.509537e-001  2.398666e-001  2.984473e-001  4.334053e-001  2.646096e-001  1.965266e-001  -5.649935e-002  -2.386109e-001  -1.449946e-001  1.461339e-001  -9.141166e-002  8.684643e-002  5.133980e-002  -6.528533e-001  -5.021149e-002  
1
2
10 15 6 9 0 -1
12 15 2 9 0 3
haar_x3
-0.045805  601.501526  64
-5.633892e-001  -9.414747e-001  -2.582527e-001  -4.099316e-001  -2.954873e-001  -2.173463e-001  -5.058647e-001  -8.312015e-002  -1.954395e-001  -5.604013e-001  -5.460154e-002  8.450510e-002  -8.559678e-002  8.472083e-003  1.323151e-001  4.325781e-002  1.498099e-001  1.867270e-001  9.339119e-002  -1.659215e-002  1.129186e-001  6.138118e-002  1.517824e-001  1.343219e-001  1.346527e-001  -3.047864e-002  4.109053e-002  1.048055e-001  4.003865e-002  -2.023217e-002  2.328234e-002  7.341132e-002  1.606257e-001  1.745563e-001  -1.002578e-001  1.555165e-001  9.882601e-002  -5.485036e-001  6.207495e-002  3.165726e-002  1.428826e-001  -2.606628e-001  3.796775e-001  -5.132084e-001  -2.045450e-001  -5.088271e-001  -1.386081e-001  6.488291e-002  -2.599754e-001  -3.437233e-001  -5.236890e-001  -7.243291e-001  -2.151079e-001  -3.303128e-001  -6.992545e-001  1.469126e-001  -2.265940e-001  -9.441533e-001  -5.507523e-001  -3.732834e-001  -4.317069e-001  -3.098826e-001  -3.340555e-001  -1.305425e+000  
1
3
1 5 18 6 0 -1
1 5 9 3 0 2
10 8 9 3 0 2
haar_x2_y2
-0.057530  401.587799  64
-7.571380e-001  -1.479330e-001  -6.537818e-001  -3.654825e-001  -6.056542e-001  -2.582865e-001  5.493303e-002  -1.165092e-001  -3.705747e-001  -9.275990e-002  -1.038662e-001  1.225826e-001  3.901554e-002  2.021932e-001  7.360119e-002  1.604930e-001  9.461924e-002  9.404597e-002  7.341631e-002  -2.315650e-001  4.514389e-002  1.534354e-001  1.652430e-001  -3.327003e-002  1.085983e-001  8.966696e-002  1.304463e-001  9.004162e-002  1.502506e-001  -3.129609e-002  6.636240e-002  1.827414e-001  5.791910e-002  7.198317e-002  7.061072e-002  1.439183e-001  1.643000e-001  -1.112283e-001  -1.119955e-002  2.132138e-002  -4.441810e-002  4.516578e-002  -9.100560e-002  -5.482832e-001  1.370196e-001  -1.778729e-001  -5.110664e-001  -2.650407e-001  -2.928148e-001  2.226751e-003  -4.699353e-001  -1.793179e-001  3.317304e-002  -5.246643e-001  -4.511749e-001  -2.890032e-001  -4.940695e-001  -4.484049e-001  -2.306351e-001  -7.180897e-001  -4.925005e-001  -8.424188e-001  -1.944954e-001  -9.644084e-001  
1
2
8 4 12 7 0 -1
11 7 6 7 0 2
tilted_haar_x4
-0.097541  224.611877  64
3.976751e-001  2.424933e-001  6.425100e-001  6.563369e-001  3.490454e-001  5.978709e-001  4.888783e-001  -1.151856e-001  2.215215e-001  6.077363e-001  1.331705e-001  7.655650e-002  3.694220e-002  3.523245e-003  -1.150611e-001  -1.516535e-001  -1.752173e-001  -4.000020e-002  -8.540226e-002  -1.358221e-001  -9.966325e-002  -2.192266e-001  -3.205940e-001  -1.602142e-001  -9.939879e-002  -2.165537e-001  1.548442e-002  -1.675070e-001  -4.984475e-002  -1.471608e-001  -1.368697e-001  -1.776076e-001  -1.256948e-001  1.347620e-001  1.008355e-001  1.240004e-001  4.231793e-003  1.122052e-001  -1.010768e-001  -1.976109e-002  -1.370488e-001  1.415303e-001  1.536474e-001  1.837427e-001  4.332619e-001  2.155608e-001  -5.947648e-002  1.872925e-001  -8.241217e-002  4.192841e-001  -3.375390e-001  1.131276e-001  1.632421e-001  5.630431e-001  5.666527e-001  6.634343e-001  4.301597e-001  2.372667e-001  6.619304e-001  7.890618e-001  -2.327617e-001  2.284331e-001  5.156847e-001  2.168260e-001  
1
2
6 7 9 6 0 -1
9 7 3 6 0 3
haar_x3
-0.077579  370.606140  64
1.056100e-001  -1.814500e-002  -1.673128e-001  -1.016602e-001  1.509450e-002  8.410119e-002  2.122774e-001  5.628925e-001  5.384863e-002  1.711912e-001  3.143248e-001  1.614012e-001  1.246080e-001  2.885268e-001  7.438471e-002  3.263823e-001  1.657244e-001  3.280472e-001  7.531208e-002  9.870478e-002  3.369436e-002  9.910113e-002  1.942534e-001  -9.917903e-002  -1.130699e-001  -1.350903e-001  -2.231090e-001  -1.865274e-001  -3.502996e-001  -2.464050e-001  -2.157592e-001  -2.684535e-001  -1.500485e-001  -1.899013e-001  -2.179738e-001  -1.842749e-001  -6.499765e-002  2.068659e-001  4.398432e-002  -1.564893e-001  -1.626960e-001  2.466474e-001  6.676061e-002  1.895688e-001  4.487799e-001  3.049677e-001  8.298379e-002  -6.864756e-002  -6.293678e-002  -2.672225e-001  1.291461e-001  2.415416e-001  1.928642e-001  8.665867e-002  -2.489461e-001  -4.476883e-001  1.313923e-001  -2.195964e-001  1.381083e-001  1.075425e-001  1.934070e-001  -3.286310e-001  -1.423350e-001  -2.427985e-001  
1
2
20 0 3 8 0 -1
18 2 3 4 0 2
tilted_haar_y4
-0.107016  400.062836  64
2.598347e-002  7.169492e-001  1.393252e-001  1.310086e-001  2.792524e-001  5.369757e-002  2.838225e-001  3.227940e-002  4.864529e-001  8.682721e-001  7.032738e-001  1.734462e-001  9.924904e-002  8.225859e-001  -4.696443e-002  1.089599e-001  -7.225251e-002  3.451743e-001  3.096233e-001  2.528117e-001  2.001371e-002  -3.450799e-002  9.795525e-002  -3.482802e-002  2.117146e-001  -1.383587e-001  -1.182130e-001  -1.553558e-001  -2.220163e-001  -1.873934e-001  -2.920319e-001  -1.432457e-001  -1.527892e-001  -8.660483e-002  -2.071557e-001  -1.579296e-001  -3.802462e-002  1.310688e-001  -3.412931e-003  -1.883035e-001  2.210292e-001  -1.397471e-002  2.243608e-002  -1.538947e-001  2.382338e-002  1.182474e-001  -1.147080e-001  2.601357e-001  1.416708e-001  1.670535e-001  9.983957e-002  4.636518e-001  1.756907e-001  3.596402e-001  4.266299e-001  3.510524e-001  -6.280474e-002  7.842219e-001  4.494157e-001  3.867270e-001  2.073258e-001  -2.041331e-001  5.268329e-001  6.081456e-002  
1
2
15 7 6 9 0 -1
17 7 2 9 0 3
haar_x3
-0.053726  578.549683  64
-1.009752e+000  -3.063056e-001  -4.006392e-001  -3.741364e-001  -5.677245e-001  -7.453567e-001  -4.178135e-001  -4.488740e-001  -5.869105e-001  -1.139059e-001  -1.637909e-001  -1.439533e-001  -1.535336e-001  -3.017104e-001  -2.708021e-001  -3.238284e-001  5.219145e-002  3.190348e-002  -1.390706e-001  -4.780406e-002  3.442926e-001  1.161879e-001  6.707860e-002  -8.270249e-002  5.201476e-002  3.915930e-002  -9.224809e-002  1.747700e-001  6.859413e-002  -7.476511e-002  -4.034919e-002  8.357972e-002  6.771205e-002  9.900671e-002  1.482319e-001  1.652216e-001  1.456515e-001  2.579732e-002  9.396265e-002  1.010812e-002  4.213057e-003  1.099918e-001  1.050439e-001  1.281739e-002  -6.561790e-002  4.190681e-001  3.277734e-001  -1.367776e-001  5.161317e-003  -8.066712e-002  2.783427e-001  -5.297411e-002  2.613327e-001  4.148613e-001  -6.153062e-002  3.122056e-002  2.589790e-002  -6.545669e-002  -4.584172e-001  1.339765e-001  -4.277430e-001  -4.907237e-001  -5.485250e-001  -3.330466e-001  
1
3
18 10 6 14 0 -1
18 10 3 7 0 2
21 17 3 7 0 2
haar_x2_y2
-0.104911  256.014221  64
2.058598e-001  -1.845580e-001  7.354544e-001  7.779568e-001  5.799927e-001  2.219613e-001  4.275541e-001  2.438831e-001  1.467601e-001  3.458296e-001  1.398486e-001  2.579308e-001  1.458229e-001  3.243761e-001  1.778184e-002  9.034166e-002  -5.651377e-002  1.339760e-001  5.605228e-002  1.423121e-001  6.113197e-002  5.874595e-002  -7.054910e-002  1.899448e-002  -1.166020e-001  -2.530915e-002  -9.466878e-002  -1.187341e-001  -2.703597e-001  -2.489780e-001  -6.334461e-002  -2.394595e-001  -8.459184e-002  -1.574169e-001  -1.191952e-001  -3.345927e-002  1.531863e-001  9.033474e-002  -3.487659e-002  3.305948e-001  1.167251e-001  3.167222e-001  2.265618e-002  3.191526e-001  4.250273e-001  5.888306e-001  -5.823268e-003  5.634777e-001  4.846629e-001  4.522124e-001  1.639738e-001  1.243570e-001  5.723678e-001  1.175090e+000  6.613925e-001  5.069561e-001  3.034329e-001  6.749992e-001  1.826435e-001  1.076564e-001  1.618105e-001  2.683094e-001  4.503236e-001  1.308778e-001  
1
2
3 21 21 3 0 -1
3 22 21 1 0 3
haar_y3
-0.031685  691.956726  64
-2.772639e-001  -5.650226e-001  -7.916813e-002  -3.286002e-001  -4.210444e-001  -2.498327e-001  8.034249e-002  1.660590e-001  -2.956617e-002  2.040601e-001  -5.585009e-001  -1.729161e-001  -2.687840e-001  -1.811400e-002  7.652842e-003  -1.481738e-001  6.520032e-002  -8.828428e-002  6.059305e-002  5.513142e-003  1.759462e-001  -1.859452e-003  3.466940e-002  1.500701e-001  1.285297e-001  3.041086e-001  1.989538e-001  8.836064e-002  -4.584614e-003  1.637267e-001  -5.149534e-002  -3.079137e-001  -1.462446e-001  -2.170787e-001  -4.950956e-001  -1.629229e-001  -3.311268e-001  -4.876340e-001  -2.072236e-001  -2.059507e-001  -1.110012e+000  -6.120169e-001  -1.059411e-001  -6.732683e-001  -4.781314e-001  -5.717337e-001  -4.114158e-001  3.653447e-002  -3.972999e-002  -3.890849e-001  -1.881467e-001  -6.522564e-001  4.963564e-001  -9.825613e-002  -4.632917e-001  -3.279083e-001  -8.822060e-003  8.192801e-002  -3.629254e-001  -3.594544e-001  9.538984e-002  -9.877425e-002  2.862318e-001  -2.098736e-001  
1
2
6 6 12 4 0 -1
6 6 12 2 0 2
tilted_haar_y2
-0.078007  371.391754  64
-7.566527e-002  3.503513e-001  -4.106711e-003  -2.091597e-001  4.082883e-001  6.353395e-001  1.839933e-001  -2.927864e-001  -7.619082e-002  1.080640e-001  3.480090e-001  5.203271e-001  9.917045e-002  1.912364e-001  4.004801e-001  1.095657e-001  2.536587e-001  1.995152e-001  7.987749e-002  2.985675e-001  8.899469e-003  1.735352e-002  -3.184461e-002  -6.461916e-002  -8.949848e-002  -2.294803e-001  -1.598883e-001  -1.827689e-001  -2.774767e-001  -3.445007e-001  -2.214856e-001  -2.474645e-001  -2.164692e-001  -1.533361e-001  -1.070596e-001  -1.713629e-004  5.435744e-002  8.329915e-002  -8.079153e-002  -4.253277e-003  1.430771e-002  2.128340e-001  -1.094516e-001  3.833890e-002  2.094606e-001  2.838133e-001  8.237674e-002  1.356172e-001  1.188544e-001  4.019689e-001  1.530765e-001  5.900062e-001  6.415214e-002  2.090551e-001  3.873670e-001  1.728956e-001  -6.435867e-002  -2.869552e-001  -2.432000e-001  -2.523806e-002  -5.341020e-002  5.407855e-001  -4.628170e-001  -4.339141e-002  
1
2
8 1 6 6 0 -1
8 1 6 3 0 2
tilted_haar_y2
-0.092142  349.763733  64
-4.796504e-001  2.290647e-001  5.762997e-002  -2.181186e-001  6.086469e-002  -1.148435e-002  -7.693642e-002  8.918381e-003  2.577196e-002  3.199434e-002  -1.452632e-001  -8.122523e-002  1.826433e-001  -3.397230e-002  1.678969e-002  8.201988e-002  -1.333270e-001  8.792269e-002  1.487885e-001  1.390424e-001  8.728422e-002  2.974450e-002  2.365055e-001  8.765536e-002  6.176809e-002  -6.740148e-002  7.103192e-002  8.851821e-002  -7.042944e-002  -7.201745e-002  -8.291200e-002  -5.725717e-002  -3.192600e-001  -1.670442e-001  -3.422123e-001  -4.540930e-001  -4.866640e-001  -2.884202e-001  -1.124653e-001  -1.472545e-001  9.590766e-002  1.093028e-001  9.879132e-002  3.108077e-002  2.541886e-001  2.537275e-001  2.735455e-001  4.646710e-001  2.685673e-001  3.488076e-001  3.808058e-001  4.287857e-001  -1.131447e-001  5.159963e-001  2.856553e-001  -1.193142e-001  -1.955517e-002  1.680123e-001  3.778057e-001  2.964422e-001  -1.855126e-001  -3.002737e-001  -2.593963e-001  1.382738e-001  
1
2
7 16 10 8 0 -1
7 18 10 4 0 2
haar_y4
-0.116688  278.232605  64
8.268852e-001  -2.400852e-001  6.436242e-001  -3.264146e-001  4.256905e-001  2.984346e-001  7.410343e-001  -1.192763e-001  4.239591e-001  2.947566e-001  1.233420e-001  5.254548e-001  1.925769e-002  4.330875e-002  1.267571e-001  2.597374e-001  3.483806e-001  6.719325e-002  9.266598e-002  1.337403e-001  3.033739e-002  -8.465139e-003  1.265591e-001  2.016738e-001  6.124320e-002  4.943023e-002  2.276383e-002  -6.472281e-002  -1.450329e-001  -4.095095e-002  -3.280911e-001  -1.370744e-001  -1.005668e-001  -2.531885e-001  -2.078931e-001  -1.112737e-001  -7.862281e-002  5.440940e-002  9.193183e-002  6.809981e-002  1.934262e-001  2.114086e-001  -4.643518e-002  -6.055197e-002  -7.248590e-002  2.083913e-001  2.480458e-001  2.441953e-001  -5.298875e-002  3.835368e-001  1.190101e-002  1.071965e-001  3.319837e-001  -3.236686e-002  6.008439e-003  4.600670e-001  5.117090e-001  -1.136044e-001  4.781077e-001  -6.175570e-001  9.871804e-001  2.140765e-001  5.828775e-001  1.349463e+000  
1
2
13 15 11 8 0 -1
13 17 11 4 0 2
haar_y4
-0.072863  420.599243  64
-8.633299e-001  -3.679388e-001  1.155237e-001  -4.592174e-001  -3.148152e-001  -4.729974e-001  -2.518077e-001  -3.696001e-001  -3.733447e-001  -3.416524e-001  -2.962133e-001  -6.738266e-002  -6.868835e-002  -3.447231e-001  -1.083535e-001  1.041228e-001  6.503722e-002  -1.127975e-001  2.360938e-001  1.580485e-001  1.130746e-001  2.093865e-001  -7.989465e-002  2.671691e-001  2.190140e-001  2.036282e-001  1.571659e-001  7.390694e-002  -2.609822e-002  1.080070e-001  2.330987e-002  1.825138e-001  -1.881887e-001  6.663240e-002  1.821508e-002  -7.059361e-002  -1.190319e-001  -1.767759e-001  -8.061951e-003  1.166890e-001  -6.528883e-004  2.215665e-001  -3.348374e-001  -1.349714e-001  8.885884e-002  -1.967334e-001  -2.335648e-001  -9.067579e-002  -3.056370e-001  -1.934674e-001  -6.098836e-001  -1.288570e-001  3.952747e-001  -4.230333e-001  3.707023e-002  -7.166094e-001  3.734054e-001  -3.642810e-001  -1.976475e-001  -1.398294e-001  -1.265263e-001  -1.118767e+000  -5.208878e-002  -4.582743e-001  
1
2
11 1 7 2 0 -1
11 1 7 1 0 2
tilted_haar_y2
-0.026617  1186.356201  64
-5.186657e-001  -6.288978e-001  -2.714070e-001  -2.335190e-001  1.045876e-002  -4.110396e-001  8.676025e-002  -4.516251e-002  2.066223e-002  2.938736e-001  3.436650e-001  1.055557e-001  2.223497e-001  2.623764e-002  9.967386e-002  1.725399e-001  3.384033e-001  3.607884e-001  2.987712e-001  3.976635e-002  1.395748e-001  3.276575e-002  1.215446e-001  -2.717603e-002  1.516816e-001  8.957160e-002  8.323038e-002  1.396939e-001  -4.135498e-002  -4.153892e-002  -1.161597e-001  -2.932309e-002  -1.277791e-001  -1.604426e-001  -2.649182e-001  -7.169355e-002  -2.672176e-001  -3.791406e-001  -3.684056e-001  -3.178753e-001  -1.236544e-001  -4.071165e-002  9.974847e-002  -1.998626e-001  6.779980e-002  7.121474e-002  1.277451e-001  1.667298e-001  -9.727545e-002  1.797243e-001  -1.375165e-001  1.014024e-001  -2.343226e-001  -2.112350e-001  -3.084238e-001  2.179673e-001  -4.261562e-002  7.820463e-001  1.708795e-001  -3.160505e-002  -2.694111e-001  2.103582e-001  -6.808425e-002  4.012738e-001  
1
2
7 0 6 13 0 -1
9 0 2 13 0 3
haar_x3
-0.073380  484.310028  64
-5.753754e-001  -3.407346e-001  -1.270536e-001  -4.394380e-001  3.039454e-002  3.054490e-002  -2.631165e-001  2.633148e-001  4.997813e-002  5.757473e-004  -1.779305e-001  -4.478518e-002  -7.380224e-002  1.026956e-001  -1.187573e-001  -1.102617e-001  1.678933e-001  2.352127e-001  -3.051544e-003  3.109523e-002  3.686391e-001  3.692957e-001  2.183305e-001  7.879592e-002  1.043341e-001  1.555966e-001  1.611696e-001  1.115583e-001  2.839800e-001  1.142894e-001  7.564375e-003  -1.573273e-001  -4.417359e-002  5.749126e-002  -2.666568e-003  -1.860836e-001  -1.563805e-001  -1.309047e-001  -8.884395e-002  -8.711456e-002  -1.678094e-001  -2.630214e-001  -3.104750e-001  -2.394693e-001  -3.188875e-001  -3.011907e-001  -2.454626e-001  -8.490445e-002  -2.003644e-001  -3.698023e-001  -5.482988e-001  -2.814180e-001  -3.086770e-001  -1.977867e-001  -3.501827e-001  -8.245989e-002  3.171547e-001  1.128986e-001  -2.596780e-001  3.073840e-001  2.237848e-003  -3.752755e-001  1.569989e-001  -4.941433e-002  
1
2
10 4 9 6 0 -1
13 4 3 6 0 3
haar_x3
-0.086353  326.467316  64
3.436469e-001  1.853440e-001  3.646983e-001  4.693407e-002  2.146296e-001  3.482838e-001  2.339538e-001  3.327572e-001  3.193658e-001  2.271139e-001  2.454253e-001  2.507912e-001  7.833050e-002  5.967154e-002  2.378111e-001  3.440863e-002  -2.374018e-003  6.733440e-002  2.168855e-001  -4.101047e-002  1.079421e-001  4.545726e-002  1.572067e-001  7.952931e-002  -3.287658e-002  -3.724555e-002  -7.648329e-002  1.395688e-001  2.100675e-002  -2.178270e-001  -1.486380e-001  -2.278957e-001  -2.812920e-001  -1.875171e-001  -2.395715e-001  -4.472308e-001  -2.051823e-001  -2.168484e-001  -9.962062e-002  -2.054674e-001  -8.414668e-002  -1.780305e-001  -5.188254e-002  6.240319e-002  3.506598e-002  1.525305e-001  4.550847e-002  3.466510e-001  1.679576e-001  2.179154e-001  4.154211e-001  6.680614e-002  6.994639e-001  1.451142e-001  1.158425e-001  3.199408e-001  -3.444384e-001  8.035262e-001  1.234321e-001  1.852005e-001  2.165817e-001  3.315925e-001  -3.413194e-002  -1.243220e-001  
1
2
5 10 4 10 0 -1
7 10 2 10 0 2
haar_x2
-0.040019  805.976135  64
-4.909148e-001  2.949550e-001  2.376225e-001  -2.913190e-001  2.246014e-001  1.730143e-001  -1.973990e-001  -2.782777e-001  -3.013688e-001  -2.658202e-001  -2.028340e-001  -2.674947e-001  1.609194e-001  -1.063729e-001  -1.351789e-001  -2.521862e-002  2.361176e-001  1.578064e-001  -2.912157e-002  5.345104e-003  2.890976e-001  2.706167e-001  2.120278e-001  5.860518e-002  1.670104e-001  2.541287e-001  1.415463e-001  2.093964e-001  1.462647e-001  1.292798e-001  -7.686252e-002  -1.331889e-001  -5.365085e-002  -2.834626e-001  -1.441566e-001  -2.835880e-001  -1.395569e-001  1.361615e-001  -7.761368e-002  1.422651e-001  -1.973305e-001  -2.432258e-001  -7.070455e-002  -1.343863e-001  -9.352098e-002  1.707267e-001  -3.210840e-001  -5.140883e-002  -2.483716e-001  1.533909e-001  -2.445133e-001  -4.396473e-001  -6.793984e-001  -1.740602e-001  -6.092321e-001  1.961868e-001  3.869598e-001  -8.434585e-002  2.618540e-001  -5.629034e-001  -2.858809e-002  -1.100632e-001  9.926494e-001  5.554647e-002  
1
2
6 9 8 6 0 -1
6 12 8 3 0 2
haar_y2
-0.070745  614.126770  64
5.285700e-001  1.650068e-001  3.778611e-001  1.009174e+000  3.207131e-001  -2.271400e-002  2.866507e-001  -4.815742e-001  3.962714e-001  -6.409214e-002  1.335839e-001  -1.436818e-001  -6.206655e-002  -4.292417e-001  2.013296e-001  2.582850e-001  1.901035e-001  2.948241e-001  8.460496e-002  -6.987821e-002  -4.038092e-002  -6.860887e-002  8.605212e-003  -3.029061e-001  -2.673905e-001  -1.143585e-001  3.110368e-002  -7.318083e-002  4.172391e-002  -1.298949e-001  2.145365e-002  2.020105e-002  -1.506395e-001  -1.940817e-002  1.555266e-001  6.984266e-002  1.086573e-001  2.709365e-002  1.417506e-001  2.236081e-001  9.226264e-003  4.350988e-003  -5.016566e-002  9.866427e-002  8.571578e-002  6.937138e-003  9.073693e-002  -9.631023e-003  1.674068e-001  2.344281e-002  -5.127134e-003  -4.050924e-002  -2.103516e-001  -5.386737e-001  -7.007563e-001  -2.554252e-001  -5.191944e-001  6.007987e-002  -5.513442e-001  -8.677450e-001  -6.791028e-001  -5.008021e-001  -7.350703e-001  -1.151340e+000  
1
2
13 6 11 6 0 -1
13 8 11 2 0 3
haar_y3
-0.063932  428.267609  64
3.169379e-002  6.908489e-001  -2.692196e-001  2.188169e-001  -5.499963e-002  5.913640e-001  1.135438e-001  4.028997e-001  3.606746e-001  5.141367e-001  6.349909e-002  3.174738e-002  2.513986e-001  3.388692e-001  6.347195e-002  1.746631e-001  -6.083725e-002  4.560473e-002  1.523622e-002  -2.382930e-001  -2.093924e-001  -2.960231e-001  -1.426822e-001  -8.385354e-002  -4.005823e-001  -6.983404e-002  -2.072999e-001  -1.737859e-001  -2.618195e-001  -1.389677e-001  -1.739216e-001  2.271195e-002  -3.280494e-002  1.995238e-002  1.933441e-001  3.185706e-002  2.355797e-001  -1.575605e-002  1.287601e-001  1.570382e-001  1.600929e-001  1.516175e-001  4.073276e-002  2.580242e-001  1.362466e-001  -3.793197e-003  -1.223716e-001  2.298413e-002  4.009827e-001  -2.343643e-001  2.910726e-001  3.198835e-001  2.095399e-001  -2.770734e-001  -2.190310e-001  -2.607174e-001  4.000008e-001  -1.815940e-001  -3.389780e-001  -7.600052e-001  -1.359110e-001  -1.111262e-001  1.250440e-001  -6.624388e-001  
1
2
14 0 10 24 0 -1
14 6 10 12 0 2
haar_y4
-0.174759  121.479263  64
-1.353180e-001  -2.535202e-001  -1.137996e-001  9.141912e-002  -1.539734e-001  -4.247471e-001  -5.821771e-001  -1.081534e-001  3.155320e-001  -3.395766e-002  -1.641054e-001  -1.507218e-001  -4.652727e-001  -3.890530e-001  -1.529368e-001  -1.741323e-001  -2.598757e-001  -4.277542e-001  5.603736e-002  -1.758961e-001  3.322798e-002  -3.548823e-001  -3.253929e-002  -1.332696e-001  -8.016054e-002  -3.218983e-002  -5.579162e-002  2.292117e-001  -5.679157e-002  1.502454e-001  9.538637e-003  1.698601e-001  2.322515e-001  1.492145e-001  6.616934e-002  1.092209e-001  -9.416155e-002  1.707873e-001  2.857294e-001  2.054747e-001  3.082563e-001  1.480016e-002  9.146327e-003  1.969848e-001  -5.524018e-002  1.817447e-001  2.050745e-001  1.401160e-001  -1.173897e-001  -1.745891e-001  4.981446e-002  2.247529e-002  -4.669537e-002  -1.055210e-001  -6.177211e-002  -2.254947e-001  -2.255390e-001  -5.127085e-001  -3.327708e-001  -4.366384e-001  -2.546844e-001  -3.385946e-001  -5.495605e-001  -6.431623e-001  
-2.092541 
