4 
0
1
2
7 5 5 16 0 -1
7 13 5 8 0 2
haar_y2
-0.103309  293.003967  64
-1.491966e+000  -1.045805e+000  -1.158542e+000  -8.935143e-001  -9.601655e-001  -8.902193e-001  -8.097870e-001  -1.049145e+000  -9.758145e-001  -8.953017e-001  -6.665818e-001  -6.766388e-001  -5.585090e-001  -5.429547e-001  -5.002150e-001  -4.504546e-001  -4.941332e-001  -3.338336e-001  -3.383053e-001  -3.026131e-001  -2.993970e-001  -1.663253e-001  -3.783181e-002  -2.732052e-002  -1.221086e-001  2.841567e-002  8.146904e-002  1.526583e-002  -7.427604e-002  -5.996034e-002  -1.652536e-001  -1.015807e-001  -8.532852e-002  -1.858321e-001  -6.746571e-002  -2.720986e-001  -3.715296e-001  -3.568323e-001  -4.571399e-001  -5.554501e-001  -4.589539e-001  -4.498761e-001  -5.986940e-001  -6.564001e-001  -8.148862e-001  -5.929383e-001  -7.678504e-001  -8.630653e-001  -6.722750e-001  -7.241131e-001  -8.019061e-001  -7.575506e-001  -8.437653e-001  -9.270358e-001  -6.949801e-001  -1.078064e+000  -1.364373e+000  -1.136302e+000  -1.154576e+000  -8.214937e-001  -1.000783e+000  -8.313314e-001  -1.003665e+000  -1.607763e+000  
0
1
2
0 0 6 14 0 -1
2 0 2 14 0 3
haar_x3
-0.193709  174.411667  64
9.849323e-001  6.673304e-001  7.780452e-001  9.725696e-001  -4.239753e-001  1.165005e+000  8.800604e-001  1.068508e+000  8.662617e-001  1.055892e+000  1.181140e+000  6.464252e-001  1.410750e+000  1.097849e+000  5.329355e-001  6.549630e-001  7.108289e-001  5.876707e-001  9.455991e-001  9.129468e-001  3.053886e-001  4.997181e-001  3.575374e-001  3.711108e-001  3.371186e-001  1.716063e-001  -6.089334e-003  1.047397e-001  -5.446095e-002  -1.973970e-001  -3.346737e-001  -3.125878e-001  -3.919601e-001  -4.696062e-001  -2.236929e-001  -1.396651e-001  -1.424041e-001  -1.083963e-001  1.464580e-001  4.157206e-002  5.936114e-003  1.351942e-001  1.716577e-001  1.688646e-001  2.091473e-001  1.614690e-001  4.236551e-001  3.714225e-001  2.064169e-001  2.952193e-001  4.064449e-001  1.780701e-001  -2.464317e-001  2.357666e-001  2.222160e-001  -3.163131e-001  7.118161e-001  4.045384e-001  2.947406e-001  2.641830e-001  2.348306e-001  5.560647e-002  -1.226472e-001  4.918867e-001  
0
1
2
5 6 15 6 0 -1
5 8 15 2 0 3
haar_y3
-0.140775  237.613434  64
1.327748e+000  5.631132e-001  8.943278e-001  1.133831e+000  5.769360e-001  5.163882e-001  7.004049e-001  1.063333e+000  3.427176e-001  6.868209e-001  5.044112e-001  8.065249e-001  5.644913e-001  5.631603e-001  6.177182e-001  4.793373e-001  2.982496e-001  3.173014e-001  3.971578e-001  5.794398e-001  3.292324e-001  3.046424e-001  6.143785e-002  1.822704e-001  1.457699e-001  3.807496e-002  9.464006e-002  -1.074107e-001  -2.138500e-002  -1.044965e-001  -1.955771e-001  -4.834682e-001  -4.797242e-001  -5.499187e-001  -3.928814e-001  -2.747964e-001  -5.325728e-002  -4.292331e-002  4.924429e-002  1.213329e-001  1.193662e-001  1.317813e-001  2.638010e-001  2.903038e-001  2.478150e-001  1.600728e-001  2.731194e-001  4.644538e-001  3.597689e-001  3.974529e-001  2.337051e-001  1.441268e-001  9.048154e-002  4.076139e-002  6.460082e-002  1.607680e-001  2.498073e-001  1.486146e-001  3.017345e-001  2.274872e-001  2.344730e-001  -2.038092e-001  -6.015469e-001  -2.511157e-001  
0
1
3
3 13 18 6 0 -1
3 13 9 3 0 2
12 16 9 3 0 2
haar_x2_y2
-0.059619  471.279419  64
-9.594381e-001  -6.151217e-001  -5.351105e-001  -6.253728e-001  -5.042442e-001  -6.440778e-001  -5.001721e-001  -2.988597e-001  -2.045683e-001  -4.105079e-001  -3.753389e-001  -2.872501e-001  -2.204223e-001  -4.789130e-002  -2.057263e-001  1.389286e-002  2.040583e-002  -1.120887e-001  7.722959e-002  2.002757e-001  9.325568e-002  -1.631970e-002  1.985652e-001  3.314430e-001  1.999049e-001  8.809919e-002  2.392702e-001  2.518301e-001  2.064645e-001  2.461492e-001  1.336571e-001  2.353591e-001  2.819100e-001  2.021615e-001  3.037414e-001  1.221201e-002  2.200357e-001  1.510251e-001  -4.546512e-002  -9.099846e-002  3.907755e-002  -6.164624e-002  -1.093684e-001  -2.850554e-001  -2.003827e-001  -9.356323e-002  -4.262260e-001  -4.294848e-001  -4.998083e-002  -5.144606e-001  -6.439264e-001  -7.008036e-001  -6.879198e-001  -7.693735e-001  -6.012306e-001  -7.102310e-001  -6.500881e-001  -8.893743e-001  -8.180951e-001  -1.111625e+000  -7.580918e-001  -1.331839e+000  -4.743919e-001  -1.892402e+000  
-1.999430 
