16 
1
2
8 4 9 6 0 -1
8 6 9 2 0 3
haar_y3
-0.067957  517.655273  64
-1.567213e+000  -7.576726e-001  -4.814614e-001  -8.062311e-001  -7.073565e-001  -6.785231e-001  -5.955816e-001  -6.359832e-001  -8.630905e-001  -6.506527e-001  -8.057660e-001  -4.268415e-001  -8.261309e-001  -7.106980e-001  -7.576199e-001  -8.792969e-001  -4.539499e-001  -9.249725e-001  -5.113007e-001  -4.445652e-001  -3.486469e-001  -4.154777e-001  -4.326250e-001  -4.091206e-001  -5.042396e-001  -3.219101e-001  -4.983672e-001  -6.542444e-001  -4.820649e-001  -4.041195e-001  -5.811262e-001  -4.469658e-001  -3.893428e-001  -4.831697e-001  -4.319309e-001  -3.338378e-001  -1.998678e-001  -2.934512e-001  -1.696334e-001  -3.601159e-001  -2.027686e-001  -3.596681e-001  -2.604787e-001  -3.570408e-001  -1.838539e-001  -4.663541e-001  -2.905638e-001  -2.903045e-001  -5.270103e-001  -7.308658e-001  -9.776669e-001  -5.505163e-001  -3.159892e-001  -3.002962e-001  -4.204027e-001  -9.307466e-001  -1.762296e-001  -6.623448e-001  -7.406934e-001  -7.230108e-001  -7.434511e-001  -4.064943e-001  -1.935828e+000  -1.129493e+000  
1
2
18 0 6 9 0 -1
18 3 6 3 0 3
haar_y3
-0.104000  295.680542  64
-1.025232e+000  -7.682836e-002  -4.769377e-001  -7.597953e-002  -2.950420e-001  -1.055794e+000  -7.811211e-001  -6.975039e-002  -6.535996e-001  -1.404086e-001  -1.986870e-001  -1.013303e-001  -2.393769e-001  -1.373927e-001  -1.447043e-001  9.063799e-002  -9.719338e-002  -1.906343e-001  -2.113103e-001  -2.920719e-001  2.190837e-002  2.815708e-002  -1.497115e-001  4.145088e-002  -3.084326e-002  1.150185e-001  -1.560379e-002  -4.812425e-002  6.228954e-002  -1.664402e-001  2.669555e-002  3.812842e-002  9.303904e-002  2.139588e-001  8.017623e-002  4.001037e-002  -1.136611e-001  1.629749e-001  1.765366e-001  3.902929e-001  3.700414e-001  3.927623e-002  -9.072957e-002  2.733299e-001  -1.942295e-002  1.615479e-001  -1.566226e-001  -2.875258e-002  -1.636062e-001  7.562155e-002  -2.512031e-002  4.487747e-001  -1.554754e-001  -5.308356e-002  3.717029e-001  2.992548e-001  -4.505969e-001  -9.272105e-001  -8.870983e-002  1.330198e-001  -2.660558e-001  -8.278730e-003  -1.055891e-001  -5.786303e-001  
1
2
4 5 15 6 0 -1
4 8 15 3 0 2
haar_y2
-0.017697  345.230469  64
6.792168e-002  3.580095e-001  3.247021e-001  5.605622e-001  2.366432e-001  1.203874e-001  3.076086e-001  2.070009e-001  2.025967e-001  3.109744e-001  1.073446e-001  1.279331e-001  -9.377489e-003  1.792620e-001  -5.389453e-002  -9.700426e-002  -2.472437e-001  -7.402769e-002  -2.206137e-001  -7.349529e-002  -2.642938e-001  -1.282200e-001  -1.840991e-001  -1.648785e-001  -1.702662e-001  -2.120489e-001  -1.774749e-001  -3.271250e-001  -9.040716e-002  1.490540e-001  1.058028e-001  8.620553e-002  1.804050e-001  1.253932e-002  -2.932514e-004  -5.140708e-002  -4.218502e-003  -5.439708e-003  1.840429e-001  4.117799e-001  2.310504e-001  4.550232e-002  -1.282489e-001  4.936299e-002  1.855597e-001  9.782490e-003  3.364060e-001  6.119938e-001  2.908413e-001  4.580785e-002  5.974957e-001  8.900465e-003  -3.263458e-001  8.368070e-001  4.086912e-003  1.186011e+000  9.916821e-001  4.166071e-001  1.929600e-001  8.021842e-001  -1.969332e-001  5.010889e-001  3.629894e-001  6.098773e-001  
1
2
21 12 3 12 0 -1
21 18 3 6 0 2
haar_y2
-0.114499  287.742920  64
-5.356559e-002  -1.510053e-001  3.631776e-001  1.246536e-001  6.373547e-001  -3.898424e-002  1.732896e-001  7.237393e-001  1.902710e-001  6.036627e-001  3.779417e-001  5.901424e-001  8.843467e-002  1.516733e-001  1.795934e-001  4.128197e-001  2.573907e-001  1.576754e-001  -1.473196e-001  3.676291e-002  2.352893e-001  9.883014e-003  6.040271e-002  7.692796e-002  1.707216e-001  8.798973e-002  1.324939e-001  2.599195e-002  -2.095436e-002  1.436360e-001  -1.346407e-001  3.319117e-002  -6.828994e-002  -2.868154e-001  -1.585316e-001  -3.230728e-001  -1.634078e-001  -3.617238e-001  -1.892842e-001  -1.586474e-001  -2.513968e-001  -9.062918e-002  1.279134e-001  -4.122228e-002  -1.571311e-002  3.398380e-001  3.365600e-001  1.699876e-001  5.477086e-001  4.339127e-001  -4.722993e-002  4.018016e-001  1.019620e-002  1.925918e-001  5.874561e-001  7.713052e-001  5.247393e-002  2.458352e-001  3.141770e-001  -2.277550e-001  6.169317e-001  5.325353e-001  3.151395e-001  -4.733235e-001  
1
2
4 9 9 11 0 -1
7 9 3 11 0 3
haar_x3
-0.114692  304.690277  64
-2.385933e-001  -1.543100e-001  -2.968944e-001  7.275702e-002  -1.755673e-001  2.423650e-001  7.791203e-002  2.841393e-002  2.995621e-001  -2.359334e-001  4.182825e-002  4.290750e-001  2.599233e-001  2.951637e-001  1.581783e-001  3.498039e-001  5.966585e-001  2.294142e-001  2.060778e-002  2.386814e-001  4.880501e-002  1.810620e-001  1.289630e-001  1.062728e-001  -1.436771e-001  -1.729600e-001  1.269496e-002  -1.943412e-001  -2.551202e-001  -2.129444e-001  -1.926207e-001  -3.300139e-002  -1.905538e-001  -7.229508e-002  -1.874046e-001  -4.493508e-002  -2.200087e-001  7.841214e-002  -8.649693e-002  2.728033e-002  -1.675719e-001  -1.978171e-001  -6.290784e-002  -6.993343e-002  9.923384e-002  3.170397e-001  -6.024118e-002  1.554687e-001  2.772416e-001  4.133037e-001  3.696200e-001  -6.064674e-002  4.804853e-001  7.973248e-002  2.445004e-001  2.631944e-001  3.739329e-001  2.236133e-001  2.623890e-001  3.962702e-001  1.094918e-001  -1.314735e-001  -7.312422e-002  -4.060124e-001  
1
2
7 0 9 6 0 -1
10 0 3 6 0 3
haar_x3
-0.047530  432.641479  64
-5.324385e-001  -6.688780e-001  -3.745300e-001  -2.807328e-001  8.432114e-003  -4.276101e-001  -5.043851e-002  -4.440585e-001  -3.701655e-001  -4.367386e-001  -6.424818e-002  -2.384642e-002  2.646925e-002  3.776240e-002  -1.662512e-002  -6.054474e-002  1.408396e-002  -6.079168e-003  -7.262657e-003  3.557383e-002  -2.572898e-002  5.600383e-003  -2.783743e-002  1.950138e-002  -6.026288e-003  1.536049e-001  5.181898e-002  2.451802e-001  1.603720e-001  3.279478e-001  -1.422583e-001  1.680149e-001  2.276435e-001  8.623162e-002  9.702333e-002  1.812999e-001  2.686746e-001  1.485557e-001  5.034938e-002  1.571580e-001  -1.764903e-001  -2.498194e-001  1.763586e-001  -2.195949e-002  6.022229e-002  -3.595033e-001  -2.882875e-001  -9.286399e-002  -1.214808e-001  -2.382584e-001  -2.613868e-001  -1.057616e-001  -1.607068e-001  -5.088050e-001  -3.406141e-001  2.781489e-001  -6.593335e-002  -3.745142e-001  -8.654248e-001  -2.464793e-001  -7.233087e-001  -9.222053e-001  -8.164685e-002  -7.263361e-001  
1
3
5 4 12 6 0 -1
5 4 6 3 0 2
11 7 6 3 0 2
haar_x2_y2
-0.061155  357.727325  64
-2.735862e-001  -2.784671e-001  -3.151733e-003  -2.389373e-001  -1.557661e-001  2.549603e-001  -1.123900e-001  2.078401e-001  -2.723003e-002  2.133452e-002  2.685603e-001  3.441094e-001  2.354687e-001  1.019229e-001  2.282543e-001  1.884628e-001  -5.108828e-002  2.227387e-001  1.815471e-001  1.004151e-001  -6.109985e-002  1.016731e-001  -2.612026e-002  -1.010744e-001  -1.702705e-001  -1.840829e-001  -1.737154e-001  -3.115696e-001  -1.863805e-001  -3.226293e-001  -2.296333e-001  -3.620340e-001  -3.084520e-001  -2.432690e-001  -5.283487e-003  -1.011259e-001  -1.733125e-001  -2.608728e-001  8.111826e-002  1.520768e-001  -9.505956e-003  1.402866e-001  -1.387600e-002  1.306549e-001  -2.793897e-001  7.670898e-002  1.119618e-001  2.680449e-001  -5.371412e-002  1.552923e-001  3.913269e-001  3.952946e-001  1.220543e-002  9.051635e-001  5.040947e-001  2.772825e-001  4.696601e-001  7.968552e-001  3.391530e-001  5.273286e-001  3.835798e-001  2.073800e-002  4.754501e-001  1.360080e+000  
1
2
9 1 9 6 0 -1
12 4 3 6 0 3
tilted_haar_x3
-0.107058  228.110504  64
-5.890263e-001  -4.085832e-002  -9.923641e-002  3.247116e-001  8.882111e-002  1.765088e-001  3.301874e-002  7.317596e-002  2.209079e-001  8.904064e-002  1.829328e-001  3.067706e-001  2.354180e-001  3.065042e-001  3.506498e-002  3.449303e-001  1.498858e-001  1.455764e-001  3.103142e-002  2.156490e-001  -1.501068e-001  1.386330e-002  2.892802e-002  2.262491e-002  5.222665e-003  -2.596995e-001  -1.253700e-001  -2.554114e-001  -1.142208e-001  -2.699766e-001  -1.134910e-001  -3.889051e-001  -9.230991e-002  -1.543352e-001  -1.024808e-001  -1.564221e-001  9.862160e-002  -2.900061e-001  3.196761e-002  5.132995e-002  1.144672e-001  -1.397350e-001  2.152671e-001  -1.621994e-001  -6.008320e-002  1.958302e-001  9.332428e-002  -1.663981e-002  2.498441e-001  6.632686e-002  5.922925e-001  2.148810e-001  5.450051e-001  3.369836e-001  5.073547e-001  2.980089e-001  2.562333e-001  4.150023e-001  1.016583e-002  5.475681e-001  2.763261e-001  -4.249948e-002  4.844024e-001  1.043458e+000  
1
2
13 1 4 10 0 -1
13 1 4 5 0 2
tilted_haar_y2
-0.095946  340.712402  64
-6.390600e-001  2.659244e-001  -4.439547e-002  -4.113129e-001  -4.730231e-001  -3.820847e-002  6.601142e-002  -4.600183e-002  -2.542369e-001  -3.138225e-001  -2.846282e-001  -5.502930e-002  -2.646574e-001  6.526775e-002  -9.298943e-002  -9.525857e-002  -2.849084e-002  2.671301e-002  -6.608313e-002  1.545995e-001  -1.214296e-001  -1.433899e-002  -1.144414e-001  -5.603819e-002  1.953958e-001  2.121758e-001  1.482125e-001  2.296463e-001  1.723282e-001  1.823822e-001  2.412162e-001  2.656453e-001  5.187798e-002  1.170791e-001  1.255548e-002  7.851637e-002  5.986248e-002  2.219210e-001  1.841565e-001  9.423097e-002  5.603810e-002  5.353646e-002  -2.001699e-001  -1.112460e-001  -2.073276e-001  8.997440e-002  1.266246e-003  -1.189301e-001  -3.998621e-001  -2.475613e-001  -9.218924e-002  -3.378342e-001  -2.430628e-001  -3.981780e-002  -3.006454e-001  -6.780161e-002  -4.231628e-001  -6.890151e-001  -3.457027e-001  -6.437159e-001  -6.212994e-001  -4.200017e-001  -2.111252e-001  -1.241922e+000  
1
2
10 0 3 18 0 -1
10 9 3 9 0 2
haar_y2
-0.072462  373.923401  64
-2.800871e-002  4.239730e-001  3.734033e-001  1.943693e-001  4.893681e-001  5.299344e-001  1.891238e-001  1.871870e-001  -6.533991e-002  3.373490e-001  -6.436748e-002  3.281974e-001  9.215575e-002  1.307705e-001  2.301396e-002  -3.520913e-002  -1.874568e-001  -1.516344e-002  6.719007e-002  2.549829e-002  1.703259e-001  -7.586481e-002  -2.535029e-002  -1.455804e-002  8.114421e-002  -5.012902e-002  -3.279997e-001  -1.402871e-001  -1.752696e-001  -1.685865e-001  -8.404759e-002  -1.428411e-001  -1.154628e-001  -1.261514e-001  -2.030624e-001  -1.952698e-001  4.939874e-002  -1.920848e-001  -1.111789e-001  -2.565003e-001  -2.435864e-001  1.335212e-001  3.624130e-002  1.295269e-001  -7.841634e-003  -1.523954e-002  1.501085e-001  1.057559e-001  -9.930787e-002  1.763463e-001  1.694437e-001  3.768073e-001  8.480738e-001  7.937640e-001  6.397173e-001  8.514112e-001  6.048541e-001  4.771639e-001  6.906050e-001  5.424626e-001  5.740933e-001  6.294783e-001  1.004283e+000  9.241391e-001  
1
2
5 8 15 15 0 -1
5 13 15 5 0 3
haar_y3
-0.272763  124.583382  64
7.043513e-002  -3.576558e-001  1.493427e-001  -5.214508e-002  -1.084455e-001  -6.988586e-002  -4.975902e-001  -1.905970e-001  -1.324772e-001  -2.685350e-001  -4.435821e-002  -4.165247e-001  -1.766769e-001  -8.180401e-002  1.481429e-001  -1.768478e-001  -4.029695e-001  -2.977638e-001  -1.013076e-001  -3.713449e-001  -1.360596e-001  -4.685333e-002  1.132698e-001  -5.070989e-002  1.893681e-002  2.049789e-002  -1.491078e-001  -4.000185e-002  5.307597e-003  -6.005114e-003  1.116700e-001  4.944729e-002  2.695530e-002  -9.781625e-002  8.613941e-003  -1.795071e-001  3.247069e-001  2.174693e-001  1.820258e-001  1.882713e-001  1.875139e-001  3.099440e-001  2.179186e-001  2.519665e-001  1.200726e-001  1.066687e-001  -6.244003e-002  1.971210e-001  -2.114922e-001  -1.263393e-001  -2.663285e-001  -1.605441e-001  -3.152081e-001  -5.240306e-001  -4.758846e-001  -7.561889e-002  -7.667884e-001  -3.490719e-001  -8.172067e-001  -3.411340e-001  -6.645159e-001  -5.698680e-001  -6.439446e-001  -1.264037e+000  
1
2
13 14 7 3 0 -1
12 15 7 1 0 3
tilted_haar_y3
-0.033592  907.481201  64
-4.081087e-001  -2.895770e-001  -7.658808e-001  -5.266478e-002  -2.514478e-001  -2.208101e-001  -3.005201e-001  -7.102890e-002  -3.113106e-001  -3.494139e-001  -2.312636e-001  -1.571386e-001  7.343391e-002  -2.588448e-001  -4.459271e-001  -2.420494e-001  -2.316940e-001  -1.657207e-001  -1.088685e-001  -3.184046e-001  1.816426e-003  1.319794e-002  4.950149e-002  1.277366e-001  7.902040e-002  5.525858e-002  1.799324e-001  1.895777e-001  1.856062e-001  -3.775008e-002  1.761241e-002  2.686018e-002  2.020018e-001  2.021393e-002  2.004873e-001  8.932190e-002  2.740357e-002  4.292085e-002  2.361243e-002  2.582789e-002  -1.451816e-001  -1.323340e-001  -5.238717e-002  -4.268353e-001  -2.129625e-001  -1.259513e-002  -2.778998e-001  -1.498505e-002  -5.376136e-001  -6.042134e-002  -8.453484e-001  -7.081265e-001  -3.160121e-001  -5.769607e-002  1.400818e-001  -2.468252e-001  -3.041471e-001  -5.045024e-001  -7.377791e-001  -5.606333e-001  -1.868152e-001  -4.162762e-001  -6.159679e-001  -1.616826e+000  
1
2
8 10 9 6 0 -1
8 12 9 2 0 3
haar_y3
-0.094837  395.911926  64
6.071169e-001  8.655772e-002  3.623358e-001  1.495083e-001  7.038169e-001  4.109675e-001  8.058395e-001  -2.565704e-001  7.650262e-001  3.444434e-001  2.764319e-001  4.366724e-001  2.222356e-001  2.348409e-001  6.056743e-001  2.099335e-001  6.535407e-001  3.750601e-001  3.146585e-001  2.567554e-002  6.475385e-002  -2.819285e-001  -6.919932e-002  1.456160e-001  1.715633e-001  2.219855e-002  2.373715e-001  -1.385554e-001  6.995083e-002  4.184190e-002  1.120809e-002  5.955261e-002  -5.253353e-002  -1.513020e-001  -2.897814e-002  -2.059665e-001  -2.362666e-001  -2.563924e-001  -3.058874e-001  -1.326495e-001  2.578453e-003  7.717759e-002  8.048459e-002  5.239761e-002  -3.297567e-002  -6.403818e-002  1.576191e-001  1.567303e-001  2.890912e-001  4.939615e-002  2.758761e-001  1.765235e-001  8.772318e-002  1.374978e-001  7.011430e-001  5.793571e-001  -3.823376e-001  1.443474e-001  7.984609e-002  7.082982e-001  7.689694e-002  -6.333274e-002  6.184489e-002  -4.461066e-001  
1
2
14 0 4 9 0 -1
16 0 2 9 0 2
haar_x2
-0.040938  729.585388  64
-5.315094e-001  -3.843074e-001  1.175951e-001  -1.102633e-001  -1.742108e-001  -4.357691e-001  -3.902548e-001  -6.536338e-002  -2.183376e-001  1.343776e-001  5.102208e-002  1.358827e-001  1.247114e-001  1.996320e-002  2.024982e-002  6.373926e-002  1.289913e-001  1.739191e-001  -5.024049e-003  1.913583e-001  2.236870e-001  2.962312e-001  1.168100e-001  3.202258e-001  1.722664e-001  1.431932e-001  1.457592e-001  6.212849e-002  -6.703576e-002  3.195364e-002  -2.067735e-001  -1.469135e-001  -2.061217e-001  -3.343802e-001  -2.338946e-001  -4.382673e-001  -3.734395e-001  -2.165753e-001  -1.975811e-001  -5.715996e-002  -2.717219e-001  1.248371e-001  -9.780534e-002  -2.240947e-001  -3.887603e-002  -7.065986e-002  -2.160561e-002  -2.042971e-001  1.175382e-001  2.258128e-001  -1.105367e-002  8.915929e-002  2.018282e-001  3.989826e-001  9.614834e-002  -1.889331e-001  3.543183e-001  -1.048051e-001  -6.687289e-002  1.418183e-001  1.264520e-001  1.036761e-003  -2.197587e-001  -3.341861e-001  
1
2
2 0 15 2 0 -1
2 0 15 1 0 2
tilted_haar_y2
-0.032213  870.384277  64
-7.316975e-001  -1.990000e-001  -3.328097e-001  1.061543e-001  -4.589275e-001  -3.681623e-001  -2.014367e-001  -2.275103e-001  3.423536e-001  -4.629544e-001  6.131011e-002  -2.345163e-002  -2.116654e-002  -8.651479e-002  7.522044e-002  -2.509424e-001  -3.195311e-003  -1.124818e-001  -1.776025e-001  -3.169093e-001  1.918874e-001  2.389004e-002  -1.374871e-001  -1.962271e-001  2.306913e-003  -1.014333e-001  1.045618e-001  1.727819e-001  -4.169326e-002  -1.641880e-003  1.355453e-001  1.259497e-001  3.052942e-002  7.517405e-003  9.411540e-002  1.958025e-001  5.027737e-002  1.418158e-001  1.310364e-001  1.248872e-001  2.099120e-001  2.938401e-001  3.270398e-001  4.900620e-003  -2.172177e-001  3.758147e-002  -1.327708e-001  -2.794023e-001  -1.552937e-001  -9.568784e-002  1.481474e-002  8.894023e-003  -9.767996e-002  -4.299053e-001  -3.007695e-001  -6.716549e-001  -4.951981e-001  -6.801012e-001  -1.959755e-001  1.412368e-001  -1.046371e+000  -7.488708e-001  7.235696e-002  -1.040349e+000  
1
2
9 0 6 9 0 -1
6 3 6 3 0 3
tilted_haar_y3
-0.166739  213.759171  64
-1.636899e-001  7.703327e-002  -4.517864e-001  -1.669824e-001  -1.847379e-001  -2.500209e-001  3.009920e-001  8.115987e-002  -2.314879e-002  -7.775693e-002  1.566364e-001  1.257983e-002  4.618281e-001  1.907568e-001  1.683080e-001  3.692444e-001  3.979359e-001  6.101185e-002  2.961980e-002  1.453999e-001  1.205690e-001  1.351477e-001  5.030082e-002  1.432838e-001  2.534228e-001  5.397939e-003  1.594324e-001  -9.626088e-002  -9.227411e-002  -1.074506e-001  -7.221881e-002  -1.168225e-001  -1.374033e-001  -2.761241e-001  -3.081421e-001  -4.158425e-001  -1.195844e-001  -3.007775e-001  -2.212519e-001  -1.479400e-001  -1.161708e-001  -2.506429e-001  -2.770897e-001  1.913938e-001  2.412688e-002  -1.163850e-001  -3.766414e-002  1.869542e-001  -1.920722e-001  1.918965e-001  2.611727e-001  2.613420e-001  3.092697e-001  2.298047e-001  3.236023e-001  6.405448e-001  2.261735e-001  -6.881193e-002  -2.348039e-001  1.937886e-001  3.881763e-002  1.916160e-001  -5.648573e-001  1.284612e-001  
-2.097571 
