20 
0
1
2
8 11 10 3 0 -1
7 12 10 1 0 3
tilted_haar_y3
-0.032759  830.344421  64
-1.208712e+000  -8.570273e-001  -2.581958e-001  -3.365532e-001  -7.196063e-001  -1.292149e+000  -6.750115e-001  -3.664698e-001  -5.958486e-001  -2.277556e-001  -4.757043e-001  -4.623559e-001  -5.200171e-001  -3.624043e-001  -6.620445e-001  -4.216031e-001  -5.324907e-001  -4.592941e-001  -7.733655e-001  -3.000647e-001  -5.338994e-001  -6.432322e-001  -4.116073e-001  -6.716844e-001  -3.089605e-001  -3.785746e-001  -5.357256e-001  -4.540654e-001  -1.872718e-001  -2.589194e-001  -3.456341e-001  -3.641004e-001  -1.920122e-001  -3.805338e-001  -3.997164e-001  -4.221156e-001  -2.845049e-001  -3.537136e-001  -2.645481e-001  -3.359928e-001  -5.776310e-001  -4.735431e-001  -6.841141e-001  -6.975740e-001  -5.391836e-001  -5.431693e-001  -5.530372e-001  -7.546013e-001  -3.601436e-001  -1.115830e+000  -4.153664e-001  -7.133460e-001  -5.416367e-001  -5.698750e-001  -2.587562e+000  -1.699151e+000  -6.135531e-001  -9.683895e-001  -9.342472e-001  -7.157000e-001  -1.675858e+000  -5.247099e-001  -1.196560e+000  -1.421425e+000  
0
1
2
9 8 9 3 0 -1
8 9 9 1 0 3
tilted_haar_y3
-0.035896  916.779907  64
-6.092222e-001  -4.446432e-001  -2.517211e-002  -1.023963e+000  -4.998070e-001  -2.159919e-001  -1.454088e-001  -2.425336e-001  -1.842313e-001  -2.848129e-001  -1.700971e-001  -4.691084e-002  -1.158754e-001  -7.493895e-002  -3.720761e-001  -1.918275e-001  1.784522e-002  2.537360e-002  -1.140523e-003  9.676951e-002  5.012443e-002  2.759478e-001  2.833656e-001  8.669537e-003  1.216467e-001  4.162005e-002  2.129791e-001  1.962110e-001  1.295473e-001  4.070694e-002  4.121371e-002  -2.177911e-001  3.484609e-001  -6.115596e-002  -1.839507e-001  -9.782219e-002  1.120715e-001  5.455308e-003  -3.467675e-002  3.310847e-001  5.047322e-002  7.254389e-002  -1.485088e-001  -3.681815e-001  2.138273e-001  -7.258810e-002  -4.690482e-002  -1.731802e-001  -8.492329e-001  -2.672210e-001  -5.564684e-001  4.727880e-002  -1.718477e-001  -7.389298e-001  -8.763790e-001  -9.201467e-001  -1.245168e-001  -7.048199e-001  -7.326762e-001  -4.189437e-002  -1.127887e+000  -7.473404e-001  -1.395140e-001  -9.708704e-001  
0
1
3
10 4 10 12 0 -1
10 4 5 6 0 2
15 10 5 6 0 2
haar_x2_y2
-0.073055  291.522217  64
2.473427e-001  -4.103050e-002  2.206945e-001  -4.788385e-002  5.434263e-002  -3.159470e-001  -4.367280e-001  1.121324e-001  -5.944363e-001  -8.042241e-001  -4.484139e-001  -5.980194e-001  6.014741e-002  -1.869895e-001  -3.897767e-002  -3.040063e-002  5.536664e-002  -1.553008e-001  -1.458922e-001  -2.015938e-001  4.637804e-002  -9.609399e-002  1.226950e-001  1.653160e-004  9.400685e-002  -3.207440e-002  -3.159496e-002  2.606339e-001  2.371470e-001  1.959848e-001  1.332241e-001  1.536164e-001  2.124566e-001  1.611376e-001  1.105579e-001  1.627325e-001  2.087118e-001  -6.047024e-002  1.661238e-001  7.113141e-002  -1.178099e-001  -7.345780e-002  -4.999419e-001  -4.170742e-002  -9.880373e-002  -3.579374e-003  -2.453240e-001  -1.508086e-001  6.077534e-002  -1.845656e-001  -1.595643e-002  -5.287236e-001  -1.010050e-001  -6.759654e-001  3.448457e-001  -1.098099e-001  4.785526e-001  -4.280462e-001  -2.731750e-001  -1.742874e-001  -1.049466e+000  -5.559649e-001  -4.023416e-002  -1.411107e-001  
0
1
2
9 0 9 9 0 -1
12 3 3 9 0 3
tilted_haar_x3
-0.158274  183.549835  64
-6.901047e-001  -4.014188e-001  -1.215466e-001  -2.505139e-001  -1.845865e-001  1.744660e-001  -3.534985e-002  -6.906056e-002  1.245829e-001  -2.549613e-001  2.387909e-001  -6.673685e-002  -1.952330e-001  6.029463e-002  2.885476e-001  5.441988e-002  2.119398e-001  1.474464e-001  2.583903e-001  2.239641e-001  2.895355e-001  -7.524343e-002  2.580626e-001  1.759028e-001  -8.708625e-002  1.391171e-001  -1.051406e-001  -3.196839e-001  6.694656e-002  6.595532e-002  -2.339922e-001  -5.029964e-002  -1.068661e-001  -7.194944e-002  -2.186015e-001  -1.900733e-001  -1.234011e-001  -2.241176e-001  -1.273018e-001  -2.256835e-001  -2.776028e-001  -1.686567e-001  -1.735133e-001  5.292591e-002  -1.616408e-001  1.326123e-001  1.934822e-001  4.506854e-001  1.371782e-001  5.092502e-001  3.997560e-001  2.744439e-001  4.574769e-001  2.046502e-001  1.606799e-001  3.324577e-001  -6.009325e-002  1.004531e-001  3.164982e-001  -7.363201e-002  6.174397e-001  8.790465e-002  -1.927546e-001  9.172201e-002  
0
1
2
15 4 9 6 0 -1
15 7 9 3 0 2
haar_y2
-0.061553  370.989136  64
2.592220e-001  -1.745039e-002  5.962492e-001  8.909671e-002  5.170806e-001  6.973088e-001  2.145767e-001  6.916838e-001  2.993330e-001  2.159662e-001  4.565472e-001  2.688367e-001  2.000533e-001  3.188609e-001  3.258423e-001  -1.772541e-002  -1.527822e-001  -2.574436e-001  -1.560811e-001  -2.065433e-001  -2.083344e-001  -2.780154e-001  -2.921997e-001  -8.312973e-002  -1.476165e-001  -3.477180e-001  -1.724307e-001  -1.836418e-001  -2.719915e-001  -1.406910e-001  -1.670646e-002  1.650035e-001  7.760071e-002  9.999644e-002  1.961123e-001  -8.674482e-003  -2.516196e-002  2.081864e-001  7.634176e-003  8.760794e-002  1.768429e-001  2.767597e-001  8.634762e-002  2.899629e-001  1.449252e-001  3.934388e-001  2.220827e-001  -2.318032e-001  2.079636e-001  -5.504211e-002  1.425069e-001  -4.418888e-003  -1.772629e-001  -1.622404e-001  -3.794741e-001  -3.321872e-002  9.672167e-002  -3.068316e-001  -1.685304e-001  -6.698164e-001  -2.749754e-001  7.864057e-003  -9.331168e-002  -7.523876e-001  
0
1
2
15 0 5 8 0 -1
13 2 5 4 0 2
tilted_haar_y4
-0.072238  404.107422  64
-4.336174e-001  -4.246366e-001  3.112530e-001  -4.176076e-001  1.521519e-001  -1.292939e-001  -2.864841e-001  -1.686187e-001  -1.974955e-001  -5.877914e-002  -4.659869e-002  -2.865250e-001  -7.136606e-002  -2.747456e-001  7.901255e-003  -1.242327e-001  5.096314e-002  -7.739243e-002  -1.261014e-002  2.591069e-002  -3.562020e-002  7.921467e-002  3.475983e-001  -6.942667e-002  -1.297837e-001  1.373685e-001  -5.953056e-002  1.005870e-001  -1.036805e-002  1.417575e-001  6.318843e-002  6.384109e-002  2.197415e-001  -2.959409e-003  2.109755e-001  1.245516e-001  -1.113188e-001  1.722699e-001  7.723628e-002  1.092570e-001  2.259001e-001  -1.299615e-002  1.109549e-001  -1.207266e-002  2.291347e-001  7.599192e-002  4.449268e-002  -1.881031e-001  1.668124e-001  -1.594514e-001  -2.487026e-001  1.329523e-002  -2.281844e-001  -3.578390e-001  -5.230122e-001  -4.998819e-001  -1.017623e-001  -3.999448e-001  -9.402085e-001  -1.057109e+000  -9.162186e-001  -1.022517e+000  -5.018212e-001  -1.397455e+000  
0
1
2
16 0 7 8 0 -1
16 4 7 4 0 2
haar_y2
-0.112533  283.520905  64
-7.691197e-001  -1.383365e-001  3.737749e-001  -6.432250e-002  3.019750e-001  4.041868e-002  9.114372e-003  1.017455e-001  3.149879e-002  3.367028e-002  4.404851e-001  1.804916e-001  -6.015043e-004  8.396898e-002  3.719839e-001  2.511562e-001  1.835596e-001  7.085546e-004  1.225763e-001  1.821906e-001  8.197319e-002  1.206167e-001  1.199658e-001  -5.963816e-002  2.195122e-003  -4.897361e-003  -7.540888e-002  -1.497222e-001  -6.009916e-002  -1.327016e-001  1.899207e-003  -1.689211e-001  -2.029949e-001  -4.539630e-001  -1.092548e-002  -1.308126e-001  3.118646e-002  -2.066755e-001  -2.718754e-001  -1.835269e-001  -6.928435e-002  -1.045936e-001  1.447323e-001  3.359522e-001  -3.581744e-002  1.867109e-001  2.513437e-001  2.931783e-001  -5.593649e-002  2.004212e-001  3.430154e-001  1.479831e-001  2.494185e-001  3.636220e-001  6.244755e-001  4.628552e-001  1.657939e-002  3.038841e-001  4.686080e-001  7.676920e-001  -2.613286e-002  1.778716e-001  8.257286e-001  -2.804972e-002  
0
1
2
0 0 6 17 0 -1
2 0 2 17 0 3
haar_x3
-0.128662  190.376358  64
4.253108e-001  5.193498e-001  6.733198e-001  5.239103e-001  4.772254e-001  -1.547749e-001  4.631862e-001  -2.220295e-001  2.687310e-001  6.682956e-001  4.474182e-001  8.169492e-001  5.316761e-001  3.424901e-001  3.961824e-001  1.162074e-002  9.492128e-002  -4.781498e-002  -1.803429e-001  -9.496782e-002  -1.720184e-002  -2.235813e-001  -2.793745e-001  -1.201596e-001  -2.516544e-001  -1.477885e-001  1.127546e-001  -5.646995e-002  1.179290e-001  1.552514e-001  9.091452e-002  3.921071e-002  -7.419500e-002  3.947269e-002  1.523492e-001  -3.259902e-002  -7.623406e-002  -6.573295e-002  -2.470673e-001  1.320346e-002  -1.240376e-001  1.192847e-001  2.234439e-001  2.698767e-001  4.673667e-002  3.846474e-001  6.717954e-001  -2.483161e-001  3.107961e-001  -7.694469e-002  -2.479319e-001  -3.014283e-002  3.935855e-001  -3.746797e-001  4.066054e-001  1.934994e-001  1.630259e-001  -1.983831e-001  1.907014e-001  -7.020897e-001  8.328246e-002  2.409228e-001  -3.876497e-001  -7.859612e-001  
0
1
2
2 0 6 17 0 -1
4 0 2 17 0 3
haar_x3
-0.067928  299.300720  64
-4.267432e-001  -5.017288e-001  -6.380444e-001  -4.960281e-001  -6.951995e-001  -3.346139e-001  -7.602903e-001  -3.393417e-001  -8.504762e-002  -3.405575e-001  -5.720119e-001  -3.667251e-001  -3.168497e-002  9.543525e-002  -1.718270e-001  -2.214032e-001  1.083566e-001  9.723963e-002  1.295344e-001  1.179914e-002  1.654340e-001  1.391302e-001  3.566669e-002  7.153203e-002  1.422866e-001  1.414457e-001  -8.761084e-002  1.311563e-001  1.430332e-001  1.862074e-001  -5.374608e-002  9.237511e-002  8.853224e-002  2.337538e-001  1.855686e-001  5.809610e-002  -1.255592e-001  -1.728685e-001  -1.315425e-001  -1.329650e-001  1.476443e-001  -6.575608e-001  -4.153931e-001  -2.928695e-001  -2.574138e-001  -2.035482e-002  -3.974907e-001  -2.847646e-001  -4.868588e-001  -4.180979e-002  -5.649953e-001  -6.501217e-001  -4.484319e-001  -4.198935e-001  -4.328208e-001  -8.146259e-001  5.723899e-001  -7.215087e-001  -4.816901e-001  -1.527095e-002  -3.712055e-001  -2.283390e-001  -4.291015e-001  -2.577056e-001  
0
1
3
5 6 10 16 0 -1
5 6 5 8 0 2
10 14 5 8 0 2
haar_x2_y2
-0.198855  223.091400  64
9.812121e-001  9.010037e-001  6.187655e-001  8.414763e-001  5.616848e-001  1.200006e-001  5.835407e-001  3.522432e-001  7.141587e-001  8.983107e-001  7.265196e-001  -1.408828e-001  2.823285e-001  2.288516e-001  2.133120e-001  3.682780e-001  3.061024e-001  2.067014e-001  4.553046e-002  2.993971e-001  4.395108e-002  1.658868e-001  1.384863e-002  1.330346e-001  -9.623389e-002  1.290878e-001  2.835667e-001  1.233286e-001  -1.460643e-001  3.019550e-002  6.800451e-002  -2.259769e-001  -2.127282e-002  -1.753692e-001  -2.683719e-001  -5.226947e-002  -2.142875e-001  -1.425512e-001  -9.005808e-002  -1.063261e-001  -8.355976e-002  5.817650e-003  -1.071797e-001  -9.033114e-002  -7.925104e-003  -6.087350e-002  4.716957e-002  1.857637e-001  1.163772e-001  2.980940e-001  5.027268e-003  1.730647e-001  1.234955e-002  1.122601e-001  -1.821152e-001  -1.860553e-001  -1.171591e-001  3.364659e-001  -1.527581e-001  -2.811491e-002  6.297565e-002  2.533827e-001  -1.420651e+000  -8.365873e-001  
0
1
2
8 10 5 12 0 -1
8 16 5 6 0 2
haar_y2
-0.104390  393.585144  64
-2.977379e-001  1.423029e-001  -1.417978e-001  1.577556e-001  4.393393e-001  3.560861e-001  -1.768402e-001  3.002994e-001  -2.550646e-001  3.678489e-002  1.188877e-001  -1.463471e-001  -1.254046e-001  1.108434e-001  1.080870e-001  -4.246580e-002  -1.483893e-001  -1.528641e-001  -1.790607e-001  -1.965471e-001  3.200502e-002  8.197881e-002  9.731168e-003  1.990757e-001  -2.559775e-002  2.667233e-002  -1.687764e-002  2.014880e-001  -9.905538e-002  3.090483e-001  9.741747e-002  -1.203761e-001  2.055140e-001  1.912188e-001  1.504382e-001  4.331548e-003  1.821824e-002  2.727705e-001  8.435162e-003  8.717088e-002  -6.313969e-002  1.756539e-002  -1.537484e-001  -1.405286e-001  -1.394776e-001  -4.373594e-002  5.488721e-002  -2.658755e-001  -2.356419e-001  9.254464e-002  -2.397576e-001  7.820548e-002  -4.580803e-001  -4.651770e-001  7.147236e-002  -1.075123e+000  6.477924e-002  -2.794408e-001  -2.545440e-001  5.216289e-002  -2.932390e-001  -3.739834e-001  -3.635525e-001  -1.503246e+000  
0
1
2
5 8 9 10 0 -1
8 8 3 10 0 3
haar_x3
-0.111522  333.311951  64
-1.436459e-001  7.086141e-004  -3.138513e-002  1.571819e-001  -1.563116e-001  2.848167e-002  1.525884e-001  1.790821e-001  2.473706e-001  2.332453e-001  1.274668e-001  2.588105e-001  3.552646e-001  8.386290e-002  2.582082e-001  2.536473e-001  6.834329e-002  9.400675e-002  1.335792e-001  2.071142e-001  -2.490588e-002  1.300988e-001  3.089584e-001  1.531166e-001  2.863200e-001  -5.948940e-002  5.650615e-002  -9.695834e-002  4.284667e-002  -2.278352e-002  3.596298e-002  3.464121e-002  -1.012063e-001  -2.308053e-001  -5.703138e-002  -5.034878e-002  -4.010165e-001  -4.015624e-001  -1.411056e-001  -2.678382e-001  -2.178785e-001  -1.243846e-001  -4.566824e-001  -1.536994e-001  -2.170237e-002  -2.410208e-001  -1.558828e-001  -4.416815e-001  -9.685969e-002  -4.168468e-001  1.573679e-001  1.765139e-001  -3.047109e-001  1.375750e-001  -3.168986e-002  -5.311302e-001  -3.407587e-001  -2.481378e-001  1.097738e-001  4.704416e-002  -5.323275e-002  9.755015e-002  4.933448e-001  -3.817994e-001  
0
1
2
3 1 15 6 0 -1
8 1 5 6 0 3
haar_x3
-0.134959  214.048492  64
3.297547e-001  6.578881e-002  3.814416e-003  4.917057e-001  2.571262e-001  5.414525e-001  3.661054e-001  3.933741e-001  3.016488e-001  8.955824e-002  3.128837e-001  3.368333e-001  -1.416950e-001  1.517389e-001  -2.118739e-001  -2.007836e-002  7.276145e-002  -2.204088e-001  -2.639018e-001  -6.291244e-001  -2.097657e-001  -2.300172e-002  -2.980605e-001  -1.791933e-001  -1.598544e-001  -3.743325e-001  -3.992118e-002  4.623797e-002  -2.924000e-001  -8.912873e-004  6.202041e-002  -7.089172e-002  3.243338e-002  -8.644199e-002  4.818525e-002  1.226189e-001  1.739954e-001  2.259287e-001  2.635081e-001  1.033231e-001  1.897980e-001  1.326789e-001  -3.348311e-002  4.407007e-002  1.647403e-002  7.167412e-002  -2.217737e-001  -1.762976e-001  1.368493e-001  1.164893e-001  3.904332e-002  -2.978900e-002  -5.402597e-002  -1.773889e-001  6.901392e-002  1.536456e-002  1.682187e-001  4.089010e-001  1.932722e-001  -2.745124e-001  -3.362406e-001  1.899722e-001  7.674584e-001  1.930317e-001  
0
1
2
16 10 6 9 0 -1
19 10 3 9 0 2
haar_x2
-0.081746  365.532501  64
7.411790e-001  3.980115e-001  2.907640e-001  -1.631770e-001  2.521117e-001  5.027833e-001  6.713653e-001  3.430480e-001  -1.831387e-001  6.430463e-001  2.945293e-002  -3.121297e-002  -2.052033e-002  -1.021762e-001  1.971410e-001  2.254855e-001  -8.856750e-002  8.991505e-002  1.498767e-001  -1.090091e-001  -1.567255e-001  3.296003e-001  -2.766990e-002  -2.459932e-001  -9.728602e-002  -1.812022e-001  -2.189067e-001  2.947934e-002  -1.969544e-001  -2.167164e-001  -3.128949e-001  -1.270217e-001  -1.014577e-001  8.046971e-003  -2.361199e-004  2.487581e-002  2.055757e-001  1.829479e-001  -3.231930e-002  1.382464e-001  2.022226e-001  2.896418e-001  3.275783e-002  -1.046942e-002  1.212101e-001  1.584692e-001  -4.649965e-002  1.016530e-001  8.259290e-002  2.376853e-002  2.559935e-001  -8.898500e-002  -2.442223e-001  -3.670571e-001  1.177056e-001  -2.665433e-001  -9.617165e-002  -2.281383e-001  -1.249606e-002  -6.143919e-002  -4.826968e-001  -4.026673e-001  -9.179645e-001  -2.980715e-001  
0
1
2
3 3 18 8 0 -1
3 7 18 4 0 2
haar_y2
-0.041379  209.272293  64
-8.554783e-002  1.866684e-002  -1.312889e-001  1.404222e-001  1.638150e-001  6.845422e-002  1.249245e-001  -1.530034e-001  -3.385006e-002  -6.707618e-002  1.049153e-001  1.568997e-001  2.532482e-002  1.460337e-001  2.897138e-003  1.418107e-002  4.024575e-002  5.636453e-003  -6.525331e-002  3.547240e-002  2.790354e-002  -3.716554e-002  4.188378e-002  -5.460161e-002  1.081296e-001  -3.057197e-002  1.064342e-001  4.104320e-002  -1.899688e-003  -5.093927e-002  -2.678684e-001  -2.262999e-001  -1.799603e-001  -5.100331e-001  -1.397553e-001  -5.462175e-002  -3.009934e-001  3.125987e-002  -2.063765e-001  -3.010437e-001  2.555509e-001  -2.906306e-001  3.689066e-002  3.296558e-001  3.266371e-001  -8.891785e-002  2.597326e-001  -1.538700e-001  3.807108e-001  3.066173e-001  4.036479e-001  6.438928e-001  6.603222e-001  6.272402e-001  9.410365e-001  1.323478e+000  5.419050e-002  4.526375e-001  8.732330e-001  7.587494e-001  -6.099968e-001  2.947094e-001  3.235909e-001  1.168390e+000  
0
1
2
3 3 7 12 0 -1
3 7 7 4 0 3
haar_y3
-0.128575  223.670044  64
2.608131e-001  2.966663e-001  2.813081e-001  4.180022e-001  1.259593e-002  -2.170928e-002  -5.007496e-002  1.358550e-001  1.618040e-001  4.075126e-001  1.421732e-001  -1.463507e-001  1.400157e-001  6.345794e-002  -4.686770e-002  4.341341e-002  2.184373e-001  1.232966e-002  -4.458624e-001  -1.301534e-001  -1.338440e-001  -3.836517e-001  -2.206348e-001  -3.644806e-001  -4.045847e-002  -3.628268e-001  -2.589555e-001  -3.914009e-001  -2.397646e-001  -7.123433e-002  2.675759e-002  7.164721e-002  -6.529152e-002  2.763024e-002  1.760930e-001  1.415765e-001  1.942753e-001  1.034256e-001  1.753448e-001  2.043991e-001  2.076675e-001  2.046091e-001  3.392721e-001  3.455617e-002  6.747269e-002  1.117579e-001  -9.328420e-002  -1.322826e-001  -2.695584e-002  1.108659e-001  -8.324229e-002  -1.296888e-001  -2.257712e-001  -3.783900e-001  1.160038e-001  -4.134278e-001  -1.685083e-001  -1.660429e-001  -5.116791e-002  -6.073329e-001  1.581833e-001  8.871172e-002  -5.890664e-001  4.738665e-002  
0
1
2
4 10 5 14 0 -1
4 17 5 7 0 2
haar_y2
-0.149654  253.504120  64
1.005303e+000  8.277816e-001  9.100828e-001  2.297917e-001  5.364125e-001  3.744719e-001  7.021241e-001  5.649843e-001  3.980078e-001  2.921898e-001  5.268475e-001  4.190892e-003  2.721443e-001  -1.783864e-001  9.125765e-002  -2.577781e-001  -4.938577e-002  9.917841e-003  -1.390435e-001  -6.194823e-002  5.116840e-002  -1.424121e-001  -2.002795e-001  -1.090125e-001  -3.539921e-001  -2.500472e-001  -1.081678e-002  -7.899792e-002  -8.517975e-003  -7.046548e-002  -2.249116e-002  -5.928545e-002  -6.089760e-002  8.913720e-002  6.681725e-002  5.943455e-002  -7.240234e-002  -4.623473e-002  -1.643435e-003  -4.925026e-002  1.248700e-001  -1.244090e-001  1.101173e-001  -7.025442e-002  -2.162637e-002  2.410136e-001  1.523877e-001  -1.703771e-001  -1.156563e-001  4.127659e-001  2.857214e-002  -3.095872e-001  -1.798525e-001  2.999272e-001  2.144803e-001  5.494585e-002  5.212292e-001  -1.488383e-001  -3.509227e-001  7.127970e-001  5.190758e-002  3.528764e-002  -2.821788e-001  6.383488e-001  
0
1
2
11 5 6 9 0 -1
14 5 3 9 0 2
haar_x2
-0.086280  429.846710  64
8.015693e-001  1.019372e+000  5.032312e-001  2.463619e-001  4.873063e-001  8.632908e-001  3.288155e-001  3.188748e-001  4.552370e-001  3.550538e-002  -8.981004e-002  2.313986e-001  -1.321486e-001  3.194435e-002  3.944769e-001  -1.784180e-001  3.862230e-002  2.812271e-002  1.639073e-001  2.716591e-002  -9.191342e-002  1.264469e-001  -1.699017e-001  -4.989672e-002  4.658492e-002  6.107134e-003  -2.799500e-002  1.712523e-001  -2.764527e-002  9.258442e-002  3.895632e-002  -1.157369e-001  -8.531559e-002  -1.646515e-003  -5.349517e-002  -8.672917e-002  -6.038142e-002  -7.482412e-002  -9.310796e-002  -2.121324e-001  -2.241226e-001  -2.435344e-001  -1.360678e-001  3.687083e-002  -1.446631e-001  -2.928147e-002  7.035234e-002  2.106340e-001  -2.166996e-001  -1.699290e-001  9.969242e-002  1.247063e-001  3.748365e-001  3.051066e-001  -2.396009e-002  7.056425e-001  2.175261e-001  -8.265527e-002  4.351172e-001  1.984899e-001  6.655878e-001  1.152641e+000  7.758055e-001  8.872634e-001  
0
1
2
10 14 9 9 0 -1
13 14 3 9 0 3
haar_x3
-0.080218  337.119507  64
-7.935642e-001  -2.751139e-001  -2.924649e-002  -1.015551e-001  -4.370710e-001  -2.558177e-001  -1.881941e-001  -1.179157e-001  -1.882129e-001  -7.057165e-002  6.829639e-002  4.635987e-001  1.294580e-001  1.752762e-001  1.797455e-001  9.908964e-002  1.223457e-001  1.687578e-001  1.506788e-001  4.982478e-003  2.698861e-001  2.370895e-001  6.674658e-002  9.350417e-003  1.223391e-001  -1.588122e-001  1.186843e-001  -8.396767e-002  7.428099e-002  -4.050345e-002  9.018387e-002  -1.242148e-002  -5.498853e-003  -1.005672e-001  -5.427784e-002  -4.326749e-002  -6.508477e-003  3.383798e-002  2.773852e-002  -2.218322e-002  1.296157e-001  -2.368300e-001  -1.000681e-001  -7.484271e-002  -2.096610e-001  -2.363698e-001  -1.851896e-001  -4.012083e-001  -2.439065e-001  -3.018265e-001  -6.504710e-001  9.966924e-003  -2.361699e-001  -2.087824e-001  -5.396799e-001  7.253100e-002  -7.473859e-001  -4.937567e-001  -3.461454e-003  -3.143213e-001  -6.614737e-001  -3.278085e-001  -6.704128e-001  -7.825308e-001  
0
1
2
9 0 12 5 0 -1
15 0 6 5 0 2
haar_x2
-0.108216  292.321991  64
-4.745190e-001  -8.556334e-001  -1.226971e-001  3.919606e-002  -2.302480e-001  8.125680e-002  -5.286213e-002  7.265456e-002  -1.833121e-001  -9.935946e-002  -2.940128e-001  -2.531630e-001  -1.293232e-001  2.226312e-001  -1.238538e-003  4.218019e-002  -1.177095e-001  -1.127773e-001  5.032497e-002  3.263918e-002  8.251604e-002  2.772327e-001  1.445443e-001  -3.362883e-003  -1.115144e-001  2.829859e-002  -1.571541e-001  1.346869e-001  -5.109053e-002  -1.935996e-001  -1.474802e-001  -4.115691e-002  -1.916743e-001  -1.667629e-001  -2.399696e-001  -1.787401e-001  -4.539694e-002  -1.249486e-001  -7.181625e-003  1.173981e-001  3.128531e-001  2.610576e-001  3.294742e-001  3.353064e-001  1.999866e-001  4.875793e-002  2.785256e-001  1.370669e-001  2.344635e-001  7.330832e-003  -1.755367e-004  4.093781e-001  1.240490e-001  1.776400e-002  -2.255606e-002  -1.801345e-001  -3.739751e-001  1.287207e-001  -5.963638e-002  -2.977839e-001  -2.452685e-001  -9.406697e-001  -7.930797e-001  -2.925459e-001  
-2.015215 
