4 
1
2
4 9 12 5 0 -1
8 9 4 5 0 3
haar_x3
-0.088504  326.534363  64
-8.748370e-001  -5.080987e-001  -4.439173e-001  -1.071083e-001  2.264896e-001  2.681749e-001  1.747995e-001  1.086096e-001  5.433142e-001  7.504448e-002  -4.713221e-002  2.284607e-001  2.710955e-001  2.512792e-001  2.371891e-002  1.912829e-001  3.158043e-002  1.144322e-001  1.370940e-001  -5.264895e-002  -1.007457e-001  -5.455421e-002  -2.847682e-001  -2.397632e-001  -3.590919e-001  -4.191069e-001  -5.824665e-001  -7.808372e-001  -9.661853e-001  -1.040485e+000  -9.769619e-001  -8.922683e-001  -9.358923e-001  -1.011912e+000  -8.864794e-001  -1.041214e+000  -9.067621e-001  -1.074611e+000  -8.575441e-001  -1.009198e+000  -9.647207e-001  -7.558982e-001  -7.113563e-001  -1.116696e+000  -6.504247e-001  -7.598635e-001  -7.605245e-001  -9.687549e-001  -6.841764e-001  -1.082214e+000  -1.146711e+000  -7.075787e-001  -1.066953e+000  -9.917374e-001  -8.020587e-001  -7.099137e-001  -8.620155e-001  -7.824126e-001  -9.748249e-001  -8.495885e-001  -1.373594e+000  -1.203432e+000  -8.754780e-001  -1.497175e+000  
1
2
13 7 8 8 0 -1
17 7 4 8 0 2
haar_x2
-0.083936  324.098816  64
-2.072461e+000  -9.615527e-001  -1.388848e+000  -1.006473e+000  -1.276392e+000  -1.172816e+000  -1.319807e+000  -1.111004e+000  -6.758909e-001  -5.376561e-001  -9.715211e-001  -1.076816e+000  -3.956543e-001  -9.666830e-001  -4.476526e-001  -6.205667e-001  -5.590378e-001  -2.192590e-001  -4.414395e-001  -2.756962e-001  -1.164146e-001  -1.189782e-001  -8.171584e-002  -9.727787e-002  -9.647434e-002  -4.277058e-002  -8.720875e-002  4.986102e-002  6.903495e-002  1.454352e-001  2.531561e-001  4.990633e-001  4.242629e-001  4.005457e-001  3.830355e-001  4.719253e-001  2.573703e-001  3.928319e-001  2.613413e-001  2.753698e-001  1.365199e-002  4.677365e-001  -3.260441e-001  -2.318884e-001  -2.329792e-001  -3.787876e-001  -6.998168e-001  -6.073568e-001  -4.835975e-001  -5.997555e-001  -7.786782e-001  -9.874430e-001  -9.846703e-001  -1.447230e+000  -8.854683e-001  -4.314527e-001  -1.162200e+000  -1.236607e+000  -1.107937e+000  -1.144965e+000  -7.721341e-001  -1.196703e+000  -6.724024e-001  -8.226690e-001  
1
2
0 16 24 8 0 -1
6 16 12 8 0 2
haar_x4
-0.337847  92.213890  64
9.507930e-001  3.589590e-001  4.981109e-001  6.897281e-001  6.954128e-001  7.966036e-001  5.526444e-001  2.460414e-001  7.585939e-001  3.974791e-001  5.585592e-001  6.717859e-001  2.532170e-001  2.847652e-001  3.074292e-001  3.668084e-001  -6.778475e-002  2.669604e-001  1.016933e-001  4.117990e-002  -2.149768e-002  -2.041759e-002  1.717714e-002  -2.377816e-001  -1.159091e-001  -2.860962e-001  -3.533840e-001  -1.878452e-001  -4.326162e-001  -3.879714e-001  -5.442524e-001  -6.375778e-001  -3.545800e-001  -4.888374e-001  -2.938865e-001  -3.930617e-001  -4.437253e-001  -1.020254e-001  -2.632509e-001  -4.860441e-002  -7.267193e-003  -4.749958e-002  2.191718e-001  4.459029e-001  4.419040e-001  4.884632e-001  3.951267e-001  5.291312e-001  1.109567e+000  9.361395e-001  1.129726e+000  8.803416e-001  8.485854e-001  1.162562e+000  1.036043e+000  1.034649e+000  1.015834e+000  1.048401e+000  1.031493e+000  8.134941e-001  8.624498e-001  9.739077e-001  7.840133e-001  -1.894358e-001  
1
2
11 0 4 9 0 -1
13 0 2 9 0 2
haar_x2
-0.046882  662.772217  64
-1.194121e+000  3.953294e-002  -2.390277e-001  1.343194e-001  2.522738e-001  3.852486e-001  3.054143e-001  3.728240e-001  -8.307803e-002  5.006534e-001  4.405860e-001  3.616598e-001  7.870854e-001  6.537969e-001  3.678464e-001  4.278230e-001  3.887991e-001  3.243712e-001  2.284435e-001  3.424470e-001  1.008680e-002  -2.491114e-002  4.168822e-002  -1.515741e-001  -7.330666e-002  -2.176617e-001  -2.250551e-001  -3.175196e-001  -4.724289e-001  -4.823136e-001  -5.540664e-001  -6.336285e-001  -4.726993e-001  -5.634539e-001  -4.555879e-001  -3.756459e-001  -2.713211e-001  -2.548007e-001  -1.307576e-001  -9.818094e-002  -2.409642e-002  9.089489e-002  1.588674e-001  3.568953e-001  5.413483e-001  6.410082e-001  4.825820e-001  4.878236e-001  9.337742e-001  9.192303e-001  8.318231e-001  1.001207e+000  9.117327e-001  9.993677e-001  9.490538e-001  7.007445e-001  8.924040e-001  5.262763e-001  7.461321e-001  6.075152e-001  -4.182865e-001  -3.429353e-001  -4.059395e-001  -4.217730e-001  
-2.146357 
