10 
0
1
2
4 0 11 4 0 -1
3 1 11 2 0 2
tilted_haar_y4
-0.049039  700.734863  64
-1.123262e+000  -1.680883e+000  -7.151229e-001  -5.379702e-001  -5.961442e-001  -6.152501e-001  -6.817821e-001  -8.498027e-001  -5.534717e-001  -8.793686e-001  -5.739451e-001  -4.282590e-001  -3.126969e-001  -5.103365e-001  -3.802883e-001  -4.667307e-001  -2.568948e-001  -2.370782e-001  -1.878213e-001  -1.813912e-001  -1.309968e-001  -1.629948e-001  -1.055637e-001  -1.816579e-001  -1.712297e-001  -4.764852e-002  -2.189496e-001  -2.726364e-001  -1.647303e-001  -2.621498e-001  -1.737689e-001  -3.424370e-001  -3.114069e-001  -4.657874e-001  -4.095947e-001  -3.841654e-001  -3.925219e-001  -5.518478e-001  -3.629938e-001  -5.934197e-001  -4.248905e-001  -4.946825e-001  -6.249267e-001  -5.744971e-001  -5.169370e-001  -3.952759e-001  -5.496624e-001  -5.475823e-001  -4.812313e-001  -4.987589e-001  -4.632616e-001  -5.274425e-001  -5.317843e-001  -5.735536e-001  -5.257053e-001  -6.120062e-001  -5.758094e-001  -5.521593e-001  -5.566401e-001  -4.628822e-001  -8.937610e-001  -3.301099e-001  -8.489952e-001  -9.220947e-001  
0
1
2
16 6 5 9 0 -1
13 9 5 3 0 3
tilted_haar_y3
-0.079608  267.561432  64
-4.038535e-002  2.714875e-002  1.348072e-001  1.746924e-001  1.912145e-001  -7.548598e-002  1.372176e-002  7.824513e-002  -1.253770e-001  6.364879e-002  1.528342e-001  1.516531e-001  1.727971e-001  1.573197e-001  -1.915601e-002  1.312260e-001  7.834014e-002  7.737105e-002  1.326052e-001  -3.849038e-002  7.721222e-003  -1.201036e-002  -1.806418e-001  -8.188783e-002  -1.017528e-001  -8.254874e-002  -2.337062e-001  -1.728614e-001  -4.113924e-001  -3.000568e-001  -1.760275e-001  -1.024480e-001  -7.475469e-002  -1.993764e-001  1.324992e-001  -1.107613e-001  4.681587e-002  1.738621e-003  2.998521e-002  -1.151869e-001  1.943373e-002  1.824623e-001  2.151916e-001  3.668341e-001  3.181948e-001  3.832909e-001  3.051086e-001  3.400791e-001  4.769554e-001  5.839747e-001  3.170209e-001  4.543235e-001  6.470346e-001  6.493829e-001  6.670399e-001  4.602948e-001  7.242599e-001  8.352656e-001  8.426291e-001  -3.324936e-001  5.821753e-001  5.423034e-001  9.323027e-001  8.961064e-001  
0
1
2
13 3 4 18 0 -1
13 12 4 9 0 2
haar_y2
-0.081092  367.539551  64
-3.602970e-001  4.834084e-002  -5.502411e-001  -1.224087e-001  -3.141099e-001  -3.478987e-001  -1.808955e-001  -1.280479e-001  -4.444525e-001  -3.311084e-001  -2.455039e-001  -2.893559e-001  -4.305688e-001  -1.096422e-001  -5.412927e-002  -1.738104e-001  7.550813e-003  -1.405537e-001  -8.975365e-002  1.295546e-002  4.892577e-002  1.182591e-001  8.146220e-002  1.112697e-001  1.595892e-002  1.648782e-001  3.238024e-001  2.575220e-001  2.256552e-001  1.995800e-001  1.745559e-001  2.203543e-001  1.859372e-001  1.622998e-001  1.988913e-001  4.289787e-002  2.226514e-002  -1.451524e-002  5.842633e-002  -6.922602e-002  -1.292442e-001  4.821345e-003  -2.452888e-001  -5.903577e-002  1.645033e-002  -1.009846e-001  -2.560890e-001  -2.301632e-001  -2.042134e-001  -1.116126e-001  -2.702417e-001  -5.515635e-001  -3.692031e-001  -1.495726e-001  -1.178953e-001  -4.979129e-001  1.027903e-001  -2.237013e-001  -1.711681e-001  -1.747783e-001  -7.561910e-001  -1.191500e-001  -4.488684e-001  -5.655475e-001  
0
1
2
11 7 10 8 0 -1
11 11 10 4 0 2
haar_y2
-0.083801  317.268097  64
8.992732e-001  4.500578e-001  6.234360e-001  3.492587e-001  5.918921e-001  3.794555e-001  3.739946e-001  3.911688e-001  5.326977e-001  4.480754e-001  3.178079e-001  3.663772e-001  2.991676e-001  3.454206e-001  2.187040e-001  3.434698e-001  1.764532e-001  1.961159e-001  1.079776e-001  -1.117962e-001  1.245706e-002  -2.285095e-001  -5.649161e-002  1.677159e-002  -3.486801e-001  -2.708862e-001  -1.869191e-001  -9.555271e-002  -1.830809e-001  -1.160016e-001  -1.782589e-001  -3.420681e-002  -1.403440e-001  8.625097e-004  -1.671894e-001  -1.688527e-003  -3.555392e-002  7.154220e-002  5.791347e-002  5.490269e-003  6.853743e-002  4.216600e-002  2.794730e-001  1.987660e-001  3.199603e-001  4.333571e-001  9.201272e-002  -2.189918e-002  2.546992e-001  1.200446e-001  2.658384e-001  -4.211582e-002  1.013505e-001  3.110587e-002  -1.472769e-001  3.355266e-001  -1.775120e-001  4.625850e-003  7.734929e-002  -5.874043e-002  -3.730598e-002  2.877324e-002  1.801828e-001  -3.367160e-002  
0
1
2
17 1 5 21 0 -1
17 8 5 7 0 3
haar_y3
-0.067252  217.091568  64
-2.196921e-001  -3.561403e-001  -6.589077e-001  -2.912570e-001  -6.998735e-001  -3.340225e-001  -3.181815e-001  -3.921052e-001  -3.411957e-001  -3.131935e-001  -2.839171e-001  -3.012816e-001  -2.793790e-001  -1.426623e-001  -2.492037e-001  -2.069821e-001  -1.904192e-001  -1.020568e-001  -1.180174e-001  -8.952781e-003  2.132595e-002  7.461622e-003  1.456569e-002  2.032686e-002  5.546059e-002  1.387322e-001  5.309655e-002  1.533753e-001  5.651164e-002  1.606981e-001  1.724880e-001  4.802218e-003  2.350592e-001  1.635911e-001  6.965939e-002  2.887269e-001  1.945657e-001  1.769415e-001  -2.478952e-002  2.465541e-001  8.146048e-002  1.844924e-001  1.054804e-001  -3.358904e-002  1.785743e-001  3.583188e-001  1.825832e-001  4.784449e-003  -2.255528e-002  3.489607e-001  -5.253575e-002  -8.329695e-002  1.493488e-001  -1.474778e-001  -3.178354e-001  -1.928296e-001  1.220406e-001  4.229382e-001  7.415701e-002  1.727543e-001  -2.266663e-002  -2.803273e-001  2.493405e-001  1.835921e-001  
0
1
2
4 10 6 9 0 -1
7 10 3 9 0 2
haar_x2
-0.060660  434.298553  64
-2.597585e-001  -3.504253e-001  -3.310781e-001  -5.937186e-001  1.490096e-001  -2.494716e-001  3.156286e-002  -2.906849e-001  8.563241e-002  -2.110278e-001  5.899509e-002  2.036965e-001  8.435568e-002  1.132559e-001  9.414043e-002  1.761425e-001  1.220824e-001  2.036848e-001  2.488445e-001  2.347218e-001  2.732545e-001  2.000766e-001  1.115437e-001  3.845140e-002  -5.042427e-002  -7.433068e-002  -1.139257e-001  -1.534427e-001  -1.302077e-001  -1.293986e-001  -1.493750e-001  -1.045897e-001  -1.888789e-001  -1.620329e-001  -2.552209e-001  -1.317251e-001  -2.382372e-001  -8.853025e-002  -1.206835e-001  -2.930787e-001  -2.456433e-001  -1.675108e-001  7.559998e-002  -9.812741e-002  2.911183e-001  1.242848e-001  7.819941e-002  1.211764e-001  3.488018e-001  1.184088e-001  -4.449437e-003  1.107427e-001  1.490158e-001  2.236404e-001  4.130598e-001  4.464559e-001  3.851378e-001  2.660477e-001  5.579194e-001  2.120358e-001  9.825940e-001  3.179545e-001  3.990833e-001  5.176782e-001  
0
1
3
3 0 8 14 0 -1
3 0 4 7 0 2
7 7 4 7 0 2
haar_x2_y2
-0.108240  365.949219  64
-2.663860e-001  1.867514e-001  2.615398e-001  -3.813486e-001  -5.248394e-001  -3.995269e-001  -1.511603e-001  -7.848179e-002  -1.217991e-001  5.604476e-002  -1.845656e-001  -3.495044e-001  1.129221e-001  3.983994e-002  1.096001e-001  -1.037417e-001  6.513476e-002  2.846464e-001  -2.593133e-002  1.305662e-001  1.845666e-001  -5.164072e-002  4.558541e-002  4.588654e-002  2.680703e-001  7.618040e-002  1.535766e-001  9.125923e-002  6.282874e-002  2.187511e-002  1.265917e-001  1.955306e-001  1.093129e-001  8.255874e-002  6.723978e-002  1.995438e-001  -1.905013e-003  2.636607e-002  1.047540e-001  -1.067536e-001  7.838238e-002  -1.214710e-001  4.635555e-002  -2.733317e-002  -1.375703e-001  8.510087e-002  -2.002135e-001  -2.201089e-001  -6.036967e-003  -2.530107e-001  -2.070890e-001  -3.708266e-001  -1.447986e-001  -2.920595e-001  -1.887792e-001  -2.599922e-001  -5.899802e-001  -5.575882e-001  -2.243972e-001  -2.563307e-001  -8.487436e-001  -6.544226e-001  -6.997359e-001  -8.051285e-001  
0
1
2
11 0 4 14 0 -1
13 0 2 14 0 2
haar_x2
-0.061603  516.949280  64
-3.183709e-001  2.873119e-001  1.819663e-002  4.684789e-002  1.589820e-001  6.793203e-002  4.551727e-001  3.348671e-001  1.692639e-001  5.262985e-002  1.248793e-001  3.430881e-001  9.234285e-002  4.974086e-002  1.130686e-001  1.708159e-001  1.074324e-001  2.031271e-001  1.993608e-001  3.958784e-003  9.077352e-002  -7.551873e-002  4.956600e-002  1.625889e-001  7.918797e-003  -1.131693e-002  1.459405e-001  -1.290529e-002  1.069248e-002  -9.315407e-002  -5.350319e-002  -1.312298e-001  -2.225140e-001  -1.995888e-001  -1.910184e-001  -2.826253e-001  -1.684859e-001  -1.183884e-001  -1.821855e-001  -1.449115e-001  -6.630593e-002  4.462142e-002  8.371864e-002  -1.733489e-001  2.205502e-002  1.969735e-001  -2.561227e-001  2.719440e-001  1.292424e-001  1.343118e-001  4.768594e-001  4.311753e-001  4.980116e-001  4.548238e-001  8.774807e-001  3.543821e-001  2.447893e-001  5.982087e-001  4.378636e-001  9.315813e-001  1.040192e+000  6.165699e-001  6.177596e-001  4.343229e-001  
0
1
2
13 0 4 17 0 -1
15 0 2 17 0 2
haar_x2
-0.056763  662.982666  64
-6.132269e-001  -2.758831e-001  -1.068549e-001  -1.355783e-001  2.072039e-002  -7.278311e-002  -1.510458e-001  1.499363e-001  -4.528494e-001  -7.130217e-002  -2.113307e-001  -3.713405e-001  -3.741734e-001  -2.338495e-001  -2.955683e-001  -3.976294e-001  5.110485e-002  -1.800321e-001  -7.965676e-002  -1.256026e-001  -8.644971e-002  -1.652475e-001  -3.457307e-002  7.881308e-002  -7.352860e-002  8.552869e-002  1.166253e-001  -3.767317e-002  7.995293e-002  1.203304e-001  7.465323e-002  1.974693e-001  7.118677e-002  2.014948e-001  2.613378e-001  1.387967e-001  1.907841e-001  7.699066e-002  1.398855e-001  1.102461e-001  8.199145e-002  8.733385e-003  2.444626e-002  4.959326e-002  -1.250075e-001  -1.948214e-001  -1.523315e-002  8.060988e-003  -1.116501e-001  -8.453894e-002  -2.453035e-001  -2.278248e-001  -2.769884e-001  -2.897773e-001  -4.292454e-001  -4.310058e-001  -3.293549e-003  -1.823779e-001  -4.566008e-001  -5.949191e-001  -2.662435e-001  -5.002766e-001  -5.300459e-001  -8.828030e-001  
0
1
2
8 5 9 9 0 -1
11 5 3 9 0 3
haar_x3
-0.046137  288.496521  64
1.930533e-001  -1.189149e-001  -4.736038e-002  6.165010e-003  -1.096267e-001  5.902401e-002  -7.928096e-002  -2.429399e-001  -2.253918e-001  -1.945578e-001  -2.153854e-001  -2.519326e-001  -2.310681e-001  -1.324714e-001  -9.234896e-002  -2.466737e-002  -4.332940e-002  1.104827e-001  -9.933637e-002  7.076684e-002  8.116727e-002  4.675969e-002  -3.784898e-002  -3.480904e-002  -2.387118e-002  1.010795e-002  -7.833830e-002  -3.473680e-002  -2.544998e-003  7.806201e-002  -1.173978e-001  -5.061834e-002  1.425124e-001  -1.073495e-001  1.759426e-001  4.172227e-002  2.404812e-001  3.154905e-001  1.026190e-001  4.938768e-001  1.700391e-001  3.003921e-001  2.909301e-001  7.941360e-001  4.002092e-001  2.565551e-001  6.621464e-001  5.739605e-001  2.139326e-001  1.191895e+000  3.408961e-001  6.367490e-001  7.543378e-001  4.892698e-001  7.793601e-001  1.204939e-001  5.310711e-001  9.218982e-001  7.013515e-001  3.232255e-001  5.068957e-001  5.626380e-001  4.058872e-001  1.131130e+000  
-1.937925 
