2 
0
1
2
6 4 12 8 0 -1
6 8 12 4 0 2
haar_y2
-0.130902  206.794464  64
-2.345653e+000  -1.512625e+000  -1.392486e+000  -1.531675e+000  -1.662497e+000  -1.703900e+000  -1.609417e+000  -1.788953e+000  -1.771906e+000  -1.754764e+000  -1.779224e+000  -1.870105e+000  -1.840977e+000  -1.776323e+000  -1.923120e+000  -1.906671e+000  -1.848216e+000  -1.831216e+000  -2.107875e+000  -1.893036e+000  -2.039491e+000  -1.948806e+000  -1.701655e+000  -1.727394e+000  -1.536373e+000  -1.431723e+000  -1.495809e+000  -1.264305e+000  -8.510087e-001  -6.007350e-001  -3.702216e-001  -1.999300e-001  -3.994629e-002  1.698271e-001  3.746294e-001  4.201535e-001  6.204488e-001  6.564561e-001  7.998223e-001  7.487649e-001  9.471123e-001  1.036496e+000  8.978146e-001  1.029760e+000  9.265707e-001  8.613293e-001  8.711673e-001  9.498179e-001  8.509028e-001  8.377783e-001  8.974255e-001  8.259532e-001  8.162257e-001  8.158226e-001  7.214255e-001  8.251935e-001  9.130680e-001  6.985919e-001  5.967846e-001  4.958813e-001  3.282392e-001  6.767019e-002  1.682342e-001  -3.479825e-001  
0
1
2
8 1 9 11 0 -1
11 1 3 11 0 3
haar_x3
-0.086285  217.174637  64
-2.297100e+000  -1.548222e+000  -1.623784e+000  -1.450542e+000  -1.652691e+000  -1.706132e+000  -1.341506e+000  -1.442767e+000  -1.017282e+000  -1.234712e+000  -1.199991e+000  -1.126384e+000  -1.161025e+000  -1.048666e+000  -1.160893e+000  -1.066455e+000  -9.590814e-001  -8.319135e-001  -1.015342e+000  -7.248891e-001  -5.048661e-001  -3.799952e-001  -1.325092e-001  -2.386330e-002  8.670884e-003  2.202109e-001  2.046491e-001  4.306852e-001  4.580613e-001  5.127625e-001  4.251000e-001  5.811061e-001  8.534223e-001  8.028712e-001  9.395438e-001  8.282596e-001  1.314473e+000  9.961818e-001  9.390625e-001  1.077762e+000  1.023741e+000  1.139173e+000  1.170149e+000  1.272723e+000  1.104466e+000  1.139445e+000  1.169269e+000  1.210088e+000  1.579568e+000  1.032479e+000  1.079164e+000  1.153912e+000  1.024510e+000  7.511627e-001  1.136663e+000  8.459554e-001  9.101808e-001  9.375740e-001  7.812310e-001  2.666566e-001  5.847548e-001  6.575807e-001  7.571628e-002  1.932953e-001  
-2.327723 
