14 
1
2
15 7 9 6 0 -1
15 9 9 2 0 3
haar_y3
-0.037765  596.910095  64
-2.477805e-001  -4.686620e-001  -1.647344e+000  -4.061722e-001  -3.532744e-001  -3.193739e-001  -1.060895e-003  -9.588628e-002  -5.306718e-001  -1.597893e+000  -8.129847e-001  -1.589828e-001  -2.298215e-001  -3.959214e-001  -5.039819e-001  -5.372734e-001  -4.841556e-001  -7.656067e-001  -4.639527e-001  -2.120101e-001  -2.841252e-001  -3.138786e-001  -2.637356e-001  -2.506906e-001  -4.089676e-001  -4.644159e-001  -4.174897e-001  -3.321971e-001  -2.719053e-001  -4.410885e-001  -3.920279e-001  -3.077568e-001  -1.835096e-001  -8.241107e-002  -1.457273e-001  -5.883861e-002  -6.691033e-001  -2.324079e-001  -2.921323e-001  -1.068124e-002  -2.217403e-001  -2.345484e-001  -4.364815e-001  -3.951213e-001  1.797143e-001  -4.843031e-001  -7.818518e-001  -5.638599e-001  -1.508000e-001  -6.389463e-001  -2.839621e-001  -5.846642e-001  -6.841185e-001  -1.026171e+000  -3.457924e-001  -6.882279e-001  -4.834721e-001  -6.044357e-001  -3.112156e-001  -1.148139e+000  -2.754954e+000  -1.273726e+000  -4.345974e-001  -9.587939e-001  
1
3
3 7 20 12 0 -1
3 7 10 6 0 2
13 13 10 6 0 2
haar_x2_y2
-0.206553  147.487305  64
1.036875e+000  7.545998e-001  1.221398e+000  7.408537e-001  2.502100e-001  -1.479332e-001  -6.639206e-002  -1.155281e+000  -7.212297e-001  -1.103722e-002  -4.223918e-001  -3.796849e-001  -4.569853e-001  -3.798109e-001  6.059438e-003  -8.496414e-002  -7.956167e-002  -2.176233e-001  -2.430544e-001  -2.767315e-004  -1.591821e-001  6.452805e-004  -1.760389e-002  -2.938874e-002  3.365841e-001  -2.459949e-001  -5.791792e-002  1.734736e-001  1.025777e-001  2.086430e-001  2.504096e-001  1.085150e-002  6.471148e-002  3.913245e-002  -2.305771e-002  1.158644e-001  1.453878e-001  -6.108295e-002  -6.124818e-002  -2.284862e-001  -3.277161e-001  -9.408017e-002  -1.425315e-002  1.071686e-001  4.228386e-001  1.235670e-002  -4.346310e-001  3.411603e-001  -2.569239e-001  -9.840263e-002  -4.385305e-003  -2.839124e-001  -5.550523e-001  1.962978e-001  4.231888e-002  3.866425e-001  1.018730e-001  3.803287e-001  -2.049605e-001  3.099932e-001  8.484213e-001  1.829670e-001  -2.789499e-001  8.686410e-001  
1
2
11 8 9 6 0 -1
14 8 3 6 0 3
haar_x3
-0.078920  387.106689  64
-2.013497e-001  -2.266911e-001  2.108697e-001  3.383330e-001  -3.739174e-001  2.765673e-001  1.198869e-001  1.898721e-001  1.887873e-001  2.379850e-001  7.011808e-001  4.436818e-001  3.939008e-001  1.583472e-002  3.783295e-001  1.721861e-001  2.338038e-001  4.112540e-001  1.631746e-001  -9.813067e-002  2.631159e-001  2.245064e-001  3.130517e-001  7.341271e-002  3.721267e-002  -7.858943e-002  -2.871676e-002  2.837254e-002  -1.424716e-001  2.482726e-002  -2.976764e-001  -2.290532e-001  -1.775724e-001  4.953733e-002  -3.309263e-001  -3.059005e-001  -5.185903e-002  -4.360387e-001  -4.408277e-002  -1.398495e-001  -1.548486e-001  -2.613521e-001  -2.622811e-001  -2.991559e-001  3.362248e-001  -1.014384e-001  4.576683e-001  -6.630008e-002  -2.282342e-002  6.816017e-001  2.838896e-001  6.516931e-001  1.317939e-001  -1.968875e-001  -9.305809e-002  7.518698e-001  4.911595e-001  -2.235871e-001  5.253046e-001  9.278018e-001  -7.510654e-002  -2.652703e-001  1.987137e-001  4.946447e-001  
1
2
9 2 14 3 0 -1
8 3 14 1 0 3
tilted_haar_y3
-0.043258  527.007080  64
-7.405225e-002  9.827949e-001  -9.456448e-002  3.549324e-001  -1.612201e-001  -1.542481e-001  4.393974e-001  -2.606199e-001  8.043953e-002  1.239819e-001  3.212175e-001  3.558671e-002  -5.871382e-002  -6.948362e-002  1.455789e-001  2.935525e-001  8.830614e-002  5.666429e-002  -1.230979e-002  1.622727e-001  -2.620435e-001  1.349040e-001  4.260485e-002  -1.127419e-001  -2.818134e-001  -1.412615e-001  -9.743766e-002  9.069910e-002  -2.688359e-001  -5.752238e-002  -1.024068e-001  -2.034514e-001  -2.243556e-001  3.388174e-001  -7.441516e-002  -1.129385e-001  1.076239e-001  3.033675e-001  1.918036e-001  2.424732e-001  8.088183e-001  6.617347e-001  5.067556e-002  2.681198e-001  9.888148e-001  -3.567186e-002  8.694943e-001  1.607394e-001  -1.146108e-001  8.528824e-001  -9.919157e-002  8.970509e-001  1.297459e+000  8.796477e-001  -3.087740e-002  4.628764e-001  1.838895e-001  2.969513e-001  2.672550e-001  2.101357e-001  4.493185e-001  1.265998e-001  4.316238e-001  5.939316e-002  
1
3
6 2 4 20 0 -1
6 2 2 10 0 2
8 12 2 10 0 2
haar_x2_y2
-0.055908  606.475952  64
-2.153452e-001  6.633300e-001  9.507099e-001  1.009621e+000  2.943723e-001  -7.437397e-001  -1.528181e-001  4.280888e-001  -6.472315e-002  -4.302569e-001  4.165451e-001  4.146246e-002  3.290143e-001  -9.863864e-002  5.853636e-002  8.912249e-002  -3.040303e-001  -6.664735e-002  -9.952620e-002  6.559621e-002  -2.187973e-001  8.585826e-002  -1.548801e-001  -1.062996e-001  4.195284e-002  -2.207316e-003  2.849720e-001  1.761321e-002  1.071883e-001  9.500637e-002  7.884714e-002  8.550981e-002  -8.433978e-002  1.154433e-001  -8.292041e-002  6.356845e-003  -1.118867e-001  -2.535340e-001  1.764204e-001  2.885363e-001  1.452446e-001  -1.463196e-001  1.757201e-002  1.419489e-001  3.665146e-001  2.147419e-001  1.713545e-002  3.178272e-001  1.065443e-001  -9.515135e-002  1.453343e-001  3.859157e-001  -2.745741e-001  -7.753628e-002  -2.823950e-001  -1.905096e-001  -6.580860e-001  6.895599e-001  -9.885439e-001  -6.188996e-001  -9.775512e-001  -1.010472e-001  -8.596988e-001  -1.369371e+000  
1
2
8 7 9 15 0 -1
8 12 9 5 0 3
haar_y3
-0.167071  196.077454  64
1.508498e-001  3.789710e-001  3.865020e-001  -3.961037e-001  6.721624e-001  -3.321181e-001  8.250387e-001  -1.085675e-001  -3.997045e-001  -7.154925e-002  2.099042e-001  -4.380139e-001  -5.753338e-001  -2.266238e-001  -4.551863e-001  -1.574769e-001  -8.194987e-002  -3.966607e-001  -1.453831e-001  -2.963880e-001  -2.451483e-001  -2.117684e-001  -2.198631e-001  -2.119045e-002  -4.139048e-001  -5.335144e-002  -2.670814e-001  1.672556e-001  -2.093834e-001  3.184498e-001  4.805597e-002  2.229621e-001  1.547121e-001  1.827427e-002  4.632241e-002  1.602693e-001  -4.704373e-002  1.468568e-001  3.159683e-001  3.524838e-001  -3.036949e-005  6.127215e-002  1.921517e-001  4.991728e-002  1.578780e-001  -2.838601e-001  -1.868324e-001  6.655215e-002  1.694964e-001  2.727002e-001  -1.677740e-001  4.316399e-002  -4.995603e-003  3.977084e-001  -5.609987e-002  -2.195617e-001  3.909012e-001  -3.709745e-001  7.318064e-001  -2.534960e-001  -1.704232e-001  -3.903801e-001  -2.360457e-001  -9.221379e-001  
1
2
3 3 18 3 0 -1
3 4 18 1 0 3
haar_y3
-0.048894  442.560822  64
1.788133e-001  5.792671e-001  3.250660e-001  -5.363137e-001  4.367439e-002  -1.699467e-001  2.728076e-001  -3.010647e-001  4.070867e-001  2.544913e-001  1.055496e-001  -7.062306e-002  1.114689e-001  -3.562610e-001  -1.698566e-001  -2.851809e-001  -1.573022e-001  -1.491625e-001  -1.189333e-001  -1.002732e-001  -2.856691e-002  1.986011e-003  -8.062976e-002  -9.110908e-002  -5.541551e-002  4.724219e-002  1.451502e-001  7.651906e-002  7.513634e-002  3.519373e-001  2.738804e-001  1.382706e-001  1.411532e-001  3.602155e-001  1.406140e-001  1.558927e-001  -1.318336e-001  4.851630e-001  7.224725e-002  7.066502e-001  1.746513e+000  2.754538e-001  1.827829e-001  8.311098e-001  1.149075e-002  6.228429e-001  6.350321e-001  -8.605226e-001  6.337054e-001  -3.178346e-001  -2.776798e-001  8.381686e-001  3.780314e-001  6.781623e-001  1.040321e-001  1.113323e+000  2.018053e-001  3.440640e-001  -4.722149e-001  1.094108e-001  3.254613e-001  1.058050e-001  3.288141e-002  1.044341e-001  
1
2
1 3 12 17 0 -1
7 3 6 17 0 2
haar_x2
-0.220889  123.220131  64
-3.183244e-001  -1.093471e-001  -4.570981e-002  2.049944e-001  3.685102e-001  -2.455376e-001  3.995986e-001  -1.312237e-001  1.287591e-001  6.105258e-001  1.061217e-001  2.521452e-001  1.419067e-001  -9.330798e-002  -3.200453e-001  -9.241693e-002  -6.287020e-002  -1.417418e-001  1.727543e-001  -3.100559e-002  3.029982e-001  3.663054e-002  2.061676e-002  -7.805261e-002  2.584561e-003  1.624547e-001  8.073070e-003  -3.758334e-003  -1.261177e-001  2.262975e-002  -2.708760e-001  -6.910251e-002  -2.344783e-001  1.283214e-001  7.499640e-002  -9.102566e-002  1.724294e-001  -3.808292e-001  -5.314769e-002  -2.118634e-001  -3.861272e-001  9.516801e-002  -2.242950e-001  5.826525e-002  2.824893e-001  7.631730e-002  2.434364e-001  7.304006e-002  4.758195e-001  3.878627e-001  1.601730e-001  6.650208e-001  3.323827e-001  6.747829e-001  3.977020e-001  3.246216e-001  1.779185e-001  1.080872e+000  2.070083e-001  9.723432e-001  5.758955e-001  2.408591e-001  1.011407e+000  3.044426e-001  
1
2
0 0 18 13 0 -1
6 0 6 13 0 3
haar_x3
-0.285642  104.277252  64
-9.618825e-001  -2.693426e-001  -4.040731e-001  -5.822797e-001  -1.592185e-002  7.233025e-002  -3.584336e-001  2.979586e-001  1.054795e-001  1.350870e-001  4.257216e-001  3.742739e-001  3.230108e-002  5.143585e-001  -7.159557e-002  -7.055012e-004  6.563687e-002  -5.479969e-002  -2.123999e-001  -1.129242e-002  -1.382820e-002  -2.930448e-002  -1.376088e-001  1.013133e-001  2.705728e-002  1.031239e-001  -1.265011e-001  4.874884e-002  -1.324441e-001  -1.863679e-001  -7.154264e-002  3.233503e-001  1.987711e-002  -4.510491e-002  2.127325e-001  1.962033e-001  1.436493e-001  -2.829532e-001  1.239095e-002  -6.806414e-002  3.308018e-001  -2.138133e-002  2.110417e-001  1.667833e-001  9.433463e-002  -2.527696e-002  3.257839e-001  2.158723e-001  -2.307446e-001  -2.376749e-001  -4.867802e-002  3.114760e-001  -1.796205e-001  -4.974220e-002  -2.267371e-001  1.916646e-001  -3.718251e-001  -5.728695e-001  -8.898732e-002  -2.132496e-001  3.926319e-001  -1.856987e-001  -7.898576e-001  -9.192523e-001  
1
2
18 11 6 9 0 -1
20 11 2 9 0 3
haar_x3
-0.077947  322.367554  64
1.426089e-001  1.212891e+000  1.196635e+000  1.147633e+000  5.392450e-001  -1.517497e-001  -4.847222e-001  8.609154e-001  3.224120e-001  6.726806e-001  1.013203e+000  2.602676e-001  5.706593e-002  7.494777e-002  8.455815e-002  2.144336e-001  9.636237e-002  3.402908e-001  -4.939767e-003  -9.674272e-002  -1.308145e-001  -2.285625e-001  1.795840e-002  -8.681978e-002  -1.335784e-001  -6.290288e-002  -1.125716e-001  -8.689735e-003  1.296493e-002  2.319836e-002  -1.290745e-001  2.105779e-001  -1.584907e-001  2.925376e-001  9.447666e-002  -3.786181e-002  3.566625e-002  1.127331e-002  1.541027e-001  1.466073e-001  6.897446e-002  4.195970e-002  -1.648929e-001  -1.035806e-001  -1.159606e-001  6.244602e-002  1.397095e+000  2.154022e-001  9.469767e-002  -2.990823e-001  3.386539e-001  4.154370e-002  -5.584261e-001  1.232960e-001  7.031672e-002  -6.510264e-002  -1.084115e+000  -3.959678e-001  9.892257e-001  -8.041278e-001  -7.888490e-001  -6.558090e-001  -3.955067e-001  -3.803267e-001  
1
2
16 5 8 3 0 -1
15 6 8 1 0 3
tilted_haar_y3
-0.028816  964.294434  64
-7.836329e-001  -3.916390e-002  -6.716444e-001  -1.057217e-001  1.548826e-001  1.305111e-001  -1.527786e-001  3.189135e-001  -3.251304e-001  1.509402e-001  -3.149910e-002  5.450834e-001  -3.375269e-001  2.382747e-002  -3.719037e-001  -1.083538e-001  -7.907997e-003  2.060852e-002  -8.757903e-002  -1.747509e-001  -2.711529e-001  1.471075e-002  -1.335587e-002  -1.065369e-001  -4.528785e-002  -2.479287e-001  1.662351e-001  5.123113e-002  2.298290e-001  -4.126374e-002  5.180700e-002  -4.794564e-002  -7.322696e-002  5.095538e-002  1.053402e-001  1.741131e-002  1.438804e-001  7.778466e-002  4.027369e-002  -5.956544e-002  2.198211e-001  2.635089e-001  -1.096565e-001  3.738713e-001  1.213224e-001  4.700356e-001  3.902590e-001  1.010644e-001  1.396383e-001  6.938306e-001  -1.155797e-001  3.523062e-001  4.591547e-001  8.333287e-001  -3.896804e-001  7.078737e-001  -7.185767e-001  -1.619686e-001  -3.372421e-001  -7.084664e-001  -1.116244e-001  9.771888e-001  3.552403e-001  -8.083026e-001  
1
2
12 11 7 4 0 -1
12 11 7 2 0 2
tilted_haar_y2
-0.040434  493.549835  64
-1.358918e-001  -5.338636e-002  3.470399e-001  -1.644020e-002  -3.018380e-002  1.521244e-001  3.619753e-001  2.738422e-002  -4.447872e-002  -4.190027e-002  1.312172e-001  2.710685e-001  3.062440e-002  2.815686e-001  2.675395e-001  1.896510e-001  2.070802e-001  -1.888931e-001  -2.019409e-002  1.316529e-001  -2.803303e-001  -2.819777e-001  -8.187596e-002  -2.445183e-001  -3.074406e-001  -1.112337e-001  -2.636099e-001  -2.144927e-001  -1.379414e-001  -9.020001e-002  -1.581393e-001  -1.757611e-002  -3.215311e-002  -7.250964e-002  -7.475562e-002  6.117701e-002  8.178323e-002  1.905043e-001  -5.466137e-002  3.292945e-001  2.972071e-001  4.582492e-001  -7.506086e-002  4.762604e-001  2.265397e-001  6.195639e-004  2.803209e-001  2.277356e-001  7.531794e-001  4.260322e-001  -1.237310e-001  1.321983e-001  1.877602e-001  3.096718e-001  4.526844e-001  1.116354e+000  1.008228e+000  1.479174e-001  -2.160166e-001  9.382567e-001  -3.987195e-001  5.192958e-001  2.957143e-002  -1.502136e-001  
1
2
15 17 9 6 0 -1
15 19 9 2 0 3
haar_y3
-0.053144  539.597656  64
-8.074734e-001  -7.327129e-001  -2.878352e-001  -4.985310e-001  -7.234540e-002  -9.885088e-001  3.460664e-001  -2.688986e-002  6.821257e-002  2.748880e-001  -1.345396e-001  -7.937938e-002  6.585313e-003  -3.924550e-001  -1.519906e-001  -2.357743e-001  -2.146340e-001  -2.249780e-001  -2.915668e-001  -1.158417e-001  -7.027733e-002  7.875909e-003  2.427394e-001  -1.486722e-001  8.027849e-003  1.149068e-001  8.717088e-002  1.012388e-001  4.299485e-002  7.684422e-003  1.896913e-001  2.982169e-003  2.973506e-001  1.552134e-001  1.630913e-001  2.208791e-001  1.360943e-001  -4.617964e-002  9.694782e-002  1.719939e-001  2.989027e-002  -1.086042e-001  -7.633439e-002  -1.649653e-001  2.765624e-001  2.007939e-001  -3.941813e-001  -4.470444e-001  -6.362180e-001  -7.620386e-001  1.088737e-001  -9.248283e-002  9.517042e-002  -2.706864e-001  -4.790244e-001  -3.612224e-001  -6.230090e-001  1.235136e-001  -6.391511e-001  -4.151232e-001  1.393834e-001  -8.539855e-001  -3.634339e-001  -6.120535e-001  
1
2
9 6 8 17 0 -1
13 6 4 17 0 2
haar_x2
-0.184119  163.902267  64
3.511533e-001  1.042856e+000  2.228293e-001  5.422089e-001  4.006693e-001  -1.892706e-001  5.816755e-001  -2.900793e-002  -2.645155e-001  -2.327903e-001  -7.290035e-001  -1.825151e-001  -7.831724e-001  3.769666e-001  -1.397199e-001  -3.080328e-001  -8.099879e-001  -1.871299e-001  -2.184454e-001  -3.014787e-001  1.805739e-001  -8.790769e-002  -4.119540e-001  -8.131737e-002  -7.913115e-003  -1.345577e-001  5.475121e-002  1.464106e-001  5.372332e-002  2.185610e-001  -2.941567e-002  1.686274e-001  1.758904e-002  -8.510322e-002  9.543791e-002  2.437135e-001  1.685773e-001  2.178660e-001  4.667482e-003  2.627508e-002  9.022941e-002  -4.257580e-002  -1.652376e-001  -3.353586e-001  -2.424526e-001  -3.864422e-001  -2.087888e-002  -3.041811e-001  9.933133e-002  -9.844904e-002  -2.792571e-001  1.268544e-001  -7.707693e-002  -3.262562e-001  2.848317e-001  3.124434e-001  -1.132924e-001  9.388504e-001  5.003749e-001  4.528225e-002  7.691317e-001  9.000821e-001  4.497942e-001  3.368390e-003  
-1.937727 
