10 
1
2
12 0 6 11 0 -1
14 0 2 11 0 3
haar_x3
-0.072141  440.586823  64
-1.808307e+000  -6.240770e-001  -1.078032e+000  -1.156820e+000  -8.741615e-001  -8.009222e-001  -6.090181e-001  -6.736115e-001  -5.598338e-001  -6.930532e-001  -7.014728e-001  -3.931946e-001  -4.148814e-001  -2.444422e-001  -2.791490e-001  -1.854247e-001  -2.522812e-001  -2.355570e-001  -2.632329e-001  -2.990220e-001  -2.984709e-001  -1.177305e-001  -2.270531e-001  -2.127300e-001  -4.635782e-001  -3.924265e-001  -1.852695e-001  -2.753320e-001  -4.309276e-001  -5.650657e-001  -2.845367e-001  -4.895383e-001  -5.104850e-001  -6.109727e-001  -5.877553e-001  -3.976052e-001  -6.309831e-001  -6.310554e-001  -4.564272e-001  -7.814164e-001  -7.294939e-001  -1.071327e+000  -7.621542e-001  -5.439689e-001  -8.744292e-001  -2.685786e-001  -4.390725e-001  -6.437370e-001  -6.155965e-001  -5.487007e-001  -5.074215e-001  -9.700623e-001  -1.821098e-001  -3.788203e-001  -5.091709e-001  4.713733e-001  7.912787e-002  -6.695133e-001  2.873756e-002  -4.682351e-001  -4.816464e-001  -9.354317e-001  -1.531757e-001  -9.099149e-001  
1
2
10 4 4 9 0 -1
12 4 2 9 0 2
haar_x2
-0.044465  581.263367  64
1.134348e+000  1.047776e+000  4.196886e-001  1.099467e+000  8.373936e-001  1.007201e+000  3.590035e-001  2.123349e-001  5.870271e-002  -3.772639e-002  -7.207730e-002  4.996566e-002  -1.514803e-001  4.884329e-003  -5.210390e-002  -2.259910e-001  1.952499e-002  1.091968e-001  -3.139420e-002  -3.485070e-001  -2.356480e-001  -4.951389e-001  -1.898207e-001  -1.485542e-001  -3.573109e-001  -2.841719e-001  -3.531759e-001  -2.490578e-001  -2.330165e-001  -4.262208e-002  -1.192501e-003  -8.002450e-002  -4.750970e-002  6.776670e-002  -1.091582e-001  -1.985374e-001  4.406974e-002  1.137020e-001  1.148094e-001  3.809743e-003  1.577992e-001  1.898087e-001  1.433295e-001  2.569232e-001  3.254461e-001  3.596644e-001  1.895749e-001  -2.929141e-001  3.978364e-001  3.899602e-001  2.576228e-002  2.839663e-001  6.187791e-002  3.918729e-001  5.407115e-001  3.442327e-001  5.418192e-001  2.218966e-001  8.377030e-001  3.955760e-001  6.595234e-001  6.742015e-001  7.719415e-001  1.125354e-001  
1
2
6 2 10 4 0 -1
5 3 10 2 0 2
tilted_haar_y4
-0.048199  641.799622  64
-1.106995e+000  -7.879071e-001  -7.910938e-001  -2.478693e-001  3.716234e-001  -1.324424e-001  -4.133572e-002  -8.416247e-002  3.604978e-001  2.698942e-001  2.963072e-001  5.370501e-002  2.288844e-001  -7.983172e-002  1.115310e-001  2.730752e-001  8.628885e-002  4.545644e-002  2.961110e-001  1.948213e-001  2.553855e-001  5.522041e-002  4.763516e-002  -1.073416e-002  1.380358e-002  6.919867e-002  -1.133432e-001  -2.777397e-001  -1.806535e-001  -6.049038e-002  -3.513339e-001  -2.076288e-001  -1.642734e-001  -4.407553e-001  -2.007520e-001  -1.308221e-001  -1.607269e-001  8.111340e-002  -1.145669e-001  -3.820850e-002  -1.172989e-002  3.345580e-001  2.071199e-001  3.602719e-001  1.460512e-001  3.190030e-001  2.678103e-001  4.823297e-001  6.361479e-001  2.903204e-001  8.584689e-001  6.388898e-002  4.952221e-001  2.993107e-001  5.581657e-001  3.539551e-001  2.061413e-002  4.342522e-002  2.005631e-001  1.549609e-001  -1.025698e-001  3.913974e-001  6.180565e-001  -7.869662e-001  
1
2
7 13 9 6 0 -1
7 15 9 2 0 3
haar_y3
-0.074069  319.338989  64
-3.182396e-001  1.149069e-001  4.657221e-001  2.835300e-001  1.095279e-001  1.526492e-001  7.198977e-002  9.757261e-002  3.814068e-001  2.767596e-001  1.534789e-001  1.269768e-001  2.169040e-001  1.944139e-001  1.390001e-001  6.466257e-002  -4.325316e-002  -1.533222e-002  6.327725e-002  -1.787676e-001  -3.417260e-001  -2.711561e-001  -2.582050e-001  -3.627235e-001  -1.809120e-001  -1.146940e-001  2.556121e-002  -1.684200e-002  -5.409761e-003  1.208113e-001  1.164159e-001  2.388404e-001  6.615807e-002  3.037106e-001  1.283949e-001  2.860941e-001  3.672922e-001  2.959051e-001  4.152388e-001  4.444906e-001  6.588731e-001  5.783481e-001  8.850118e-001  4.017950e-001  3.605119e-001  7.268248e-001  6.384603e-001  5.761846e-001  6.007992e-001  6.352009e-002  7.692931e-001  2.444822e-001  4.441649e-001  -1.288485e-001  6.106097e-002  4.630576e-001  3.857758e-001  -6.992129e-002  2.574325e-001  3.952386e-001  1.972922e-001  -6.381603e-001  5.006735e-001  -2.213058e-002  
1
2
18 12 6 6 0 -1
18 12 3 6 0 2
tilted_haar_x2
-0.105140  217.647202  64
-2.858787e-002  -1.267290e-001  1.381864e-001  3.054574e-001  -8.146317e-002  -8.575242e-003  -3.367281e-002  2.353725e-001  3.082938e-002  -3.458581e-002  1.015700e-001  1.155784e-001  7.734179e-002  8.575931e-002  -2.017957e-002  1.878846e-001  4.385100e-002  1.064460e-001  -3.817990e-002  1.264065e-001  -8.433012e-002  4.810470e-002  -4.610745e-002  -1.102423e-001  -1.890617e-001  -2.534368e-001  -1.699803e-001  -2.053815e-001  -1.113208e-001  -2.412917e-001  -2.379703e-001  -2.008460e-001  -2.192843e-001  -2.912868e-001  -1.218070e-001  -1.248156e-001  1.818835e-001  4.994339e-002  1.548061e-002  9.898809e-002  2.258537e-002  -2.181496e-001  3.643997e-001  2.785576e-001  3.937104e-001  3.338560e-001  4.943730e-001  1.868774e-001  5.253998e-001  5.444367e-001  6.886665e-001  8.100049e-001  1.267785e+000  3.027782e-001  7.760897e-001  1.061209e+000  7.385478e-001  1.091627e+000  1.323377e+000  1.115167e+000  1.229750e+000  1.325248e+000  1.193591e+000  1.536329e+000  
1
2
17 11 6 9 0 -1
17 14 6 3 0 3
haar_y3
-0.069682  403.987061  64
-3.433411e-001  -1.935811e-001  -4.520256e-001  -3.921553e-001  2.133972e-002  -4.412659e-001  3.864514e-003  -3.020218e-001  -4.450893e-001  2.830760e-002  -2.605655e-001  1.245309e-001  -1.072365e-001  1.046790e-001  -2.242863e-001  1.983550e-001  1.230771e-001  -1.793005e-002  -4.402862e-003  3.510021e-001  9.343208e-002  1.779667e-001  5.727630e-002  6.389051e-002  2.785454e-001  2.148561e-001  2.244345e-001  2.261212e-001  1.738161e-002  1.184327e-001  2.418573e-001  7.771104e-002  4.050317e-002  3.060321e-002  -5.906948e-002  -1.384260e-001  -1.344537e-001  -2.777026e-001  -1.030477e-001  -2.670220e-001  4.562916e-002  -5.208382e-002  -3.805652e-001  -3.517384e-001  -3.475634e-001  -3.819979e-001  -7.140662e-001  -1.014903e-002  -9.943535e-001  -1.333791e+000  -5.254523e-001  -4.124349e-001  -8.248048e-001  -9.443313e-001  -1.038811e+000  -7.623213e-001  -9.403892e-001  -8.536169e-001  1.589840e-001  -6.028912e-001  -5.596695e-001  -1.052032e+000  -6.811399e-001  -1.093176e+000  
1
3
4 2 16 14 0 -1
4 2 8 7 0 2
12 9 8 7 0 2
haar_x2_y2
-0.129015  194.416504  64
-8.098258e-001  -3.387972e-001  -8.752872e-001  -1.997636e-001  -7.226705e-002  -1.536169e-001  1.447011e-001  5.045781e-002  8.654724e-002  -9.265652e-002  -9.283755e-002  -2.932527e-001  -1.794123e-001  -1.400875e-001  -7.095453e-002  1.662770e-002  5.160313e-002  1.221739e-001  3.361657e-002  -1.823225e-001  -1.429566e-001  -3.532071e-003  1.129165e-001  7.423928e-002  1.669724e-001  4.922889e-002  1.827288e-001  1.504578e-001  2.300473e-001  4.672809e-002  7.218628e-002  2.099488e-001  3.202326e-001  7.626797e-002  2.602406e-001  1.138353e-001  -7.540267e-002  1.611247e-001  2.876317e-002  -2.934547e-002  6.008663e-002  -1.631014e-001  2.602244e-001  -1.494686e-001  -2.191789e-001  -2.536239e-001  -7.205585e-002  -1.917340e-001  -3.287048e-001  -3.373813e-001  -8.618219e-001  -8.120272e-001  -8.931867e-001  -5.350223e-001  -8.305011e-001  -3.559027e-001  -5.514600e-001  -1.094964e+000  -8.946799e-001  1.375681e-001  -1.038393e-001  -5.719949e-003  -5.355309e-001  -1.371960e+000  
1
2
16 5 4 12 0 -1
16 11 4 6 0 2
haar_y2
-0.063558  361.192841  64
7.919762e-001  5.477275e-001  9.636011e-001  4.926079e-001  6.313836e-001  3.583443e-001  2.584969e-001  5.183027e-001  3.556392e-001  2.802606e-001  3.094994e-001  2.656181e-001  5.159530e-001  1.145899e-001  1.097089e-001  1.416983e-001  -3.453711e-003  1.614519e-002  -4.206460e-002  -1.950051e-001  -3.315358e-001  -2.453850e-001  -2.170440e-001  -5.198169e-002  -2.714334e-001  -1.982153e-001  -1.736392e-001  -2.968620e-001  -1.671865e-001  -9.675422e-002  -1.393289e-001  -1.204342e-001  -1.846451e-001  -3.745089e-001  -1.291446e-001  -1.784696e-001  -1.208405e-001  7.956108e-002  4.550608e-002  2.232098e-001  1.249237e-001  1.183547e-001  9.680566e-002  1.104542e-001  1.843982e-001  3.948981e-001  3.495573e-001  5.279281e-001  2.679549e-001  8.799083e-002  4.408478e-001  7.713688e-002  5.890758e-001  2.097321e-001  3.740217e-001  2.629515e-001  -9.453662e-002  2.534777e-002  -4.897403e-001  1.777551e-002  -5.380066e-001  1.244043e-001  2.042092e-001  -3.873281e-001  
1
2
8 7 9 4 0 -1
7 8 9 2 0 2
tilted_haar_y4
-0.036897  820.984802  64
-1.151456e+000  -3.518446e-001  1.394005e-002  -2.079409e-001  7.275300e-002  -2.944016e-001  -1.020989e-002  -2.229194e-001  -3.552952e-001  -8.397423e-002  -1.442853e-001  -4.713564e-002  5.911378e-002  -1.777756e-002  1.130046e-002  1.201315e-001  3.167303e-002  2.973670e-001  6.110713e-002  3.315338e-001  6.865212e-002  1.830539e-001  2.285493e-001  1.530591e-001  1.144305e-001  1.056032e-001  2.076015e-001  1.941869e-001  1.288916e-001  -1.551101e-002  -1.230038e-001  -1.647519e-002  1.788841e-002  -3.338047e-002  1.653827e-002  -2.474980e-001  1.482972e-001  4.402395e-002  9.097281e-003  -1.424609e-001  2.405940e-002  -1.077651e-001  -2.506924e-001  1.073852e-002  -2.209547e-001  -1.483611e-001  -2.201436e-002  -3.431378e-001  -3.195838e-001  -3.649137e-001  -3.973044e-001  -2.587369e-001  -6.806788e-001  -4.263266e-001  -2.883250e-001  -8.490598e-001  -1.221962e-001  -9.829604e-001  -8.055801e-001  -5.870801e-001  -9.387684e-001  -3.575318e-001  -5.705777e-001  -1.570865e+000  
1
2
5 3 18 3 0 -1
5 4 18 1 0 3
haar_y3
-0.050048  451.591461  64
-1.527897e-001  -5.213412e-001  -2.139377e-001  3.124821e-001  5.376738e-002  1.689344e-001  -1.824030e-001  2.746266e-001  4.304136e-001  -6.951991e-002  6.003039e-002  1.096853e-001  3.322177e-001  2.725681e-001  -9.232343e-002  2.050632e-001  7.657690e-002  -7.086513e-002  -2.278243e-002  -9.518762e-002  -1.027454e-001  -2.732845e-001  -3.863477e-001  -2.238937e-001  -1.923797e-001  3.710758e-002  -2.875618e-002  -7.157378e-003  8.280018e-002  1.938613e-001  2.670739e-001  2.897181e-001  2.214883e-001  5.424845e-001  4.033830e-001  6.589777e-001  6.397809e-001  4.309441e-001  5.498541e-001  1.865465e-001  2.536344e-001  6.498855e-001  4.816717e-001  5.599222e-001  4.778938e-001  5.266990e-001  5.621553e-001  5.447619e-001  2.265488e-001  4.676908e-002  2.836172e-002  4.720483e-001  -1.993919e-001  -3.666570e-001  2.718309e-001  4.578842e-001  -1.604626e-001  -1.979606e-001  2.781012e-001  -2.501279e-001  3.537396e-001  6.847418e-001  3.594956e-002  3.575172e-001  
-2.170863 
