12 
0
1
2
4 16 20 8 0 -1
9 16 10 8 0 2
haar_x4
-0.249830  120.645950  64
-3.871981e-001  1.312706e-001  -2.631991e-001  -2.384501e-001  4.372650e-002  -3.624640e-001  -2.087843e-001  -1.220194e-001  -4.662540e-001  -5.880134e-001  -1.863954e-001  -4.531301e-001  -3.904479e-001  -4.784895e-001  -5.429114e-001  -3.642758e-001  -2.379561e-001  -2.021204e-001  -4.256155e-001  -4.024172e-001  -3.619997e-001  -4.520389e-001  -5.778621e-001  -4.922682e-001  -7.069418e-001  -3.656349e-001  -4.511977e-001  -6.557087e-001  -6.075410e-001  -6.799377e-001  -5.995070e-001  -4.481548e-001  -4.242970e-001  -7.174823e-001  -7.768551e-001  -3.213466e-001  -3.250111e-001  -1.460764e-001  -2.413506e-001  -3.880474e-001  -2.382831e-001  -1.430795e-001  -3.255009e-001  -2.317191e-001  6.527063e-002  -1.406615e-001  -1.223148e-001  -4.771614e-001  1.043005e-002  -7.434700e-002  -3.403007e-001  1.942755e-001  -5.355563e-001  -7.291463e-002  -2.712473e-001  -3.169215e-001  -8.703148e-002  -2.350220e-001  4.234214e-001  -6.048538e-001  -5.897878e-001  1.289820e-001  -2.659462e+000  -4.818741e-001  
0
1
2
13 0 6 14 0 -1
15 0 2 14 0 3
haar_x3
-0.086911  443.219757  64
-1.046333e+000  -5.685513e-001  -5.798416e-001  3.444495e-001  -5.267611e-001  2.040634e-001  -1.128871e-001  -1.463979e-001  1.824992e-001  -9.728204e-002  1.444190e-001  2.489696e-002  -2.028229e-002  -1.355362e-001  1.675157e-001  -6.299965e-002  1.206187e-001  -9.729786e-004  5.683647e-004  -2.285708e-002  -2.252002e-002  9.867288e-002  4.205072e-002  1.340727e-001  2.649865e-002  2.473451e-001  2.165150e-001  1.334402e-001  1.370123e-001  1.118972e-001  4.056709e-002  2.329543e-001  9.113770e-002  4.739304e-002  1.700183e-001  -1.537046e-001  4.493707e-002  -1.800997e-001  4.297095e-002  -6.146015e-002  6.171204e-002  -1.528276e-001  7.008482e-002  -2.105704e-001  -3.740420e-001  -3.705810e-001  -3.310592e-001  -3.065956e-001  -3.384886e-001  -3.443398e-001  -5.717911e-001  -7.565231e-001  -2.984477e-001  -3.188249e-001  -5.652161e-001  -2.064186e-001  -3.640912e-003  -1.308578e+000  -6.783885e-001  -1.291061e-002  -8.354382e-001  -6.372351e-001  -4.690471e-001  -9.369653e-001  
0
1
2
1 3 22 12 0 -1
12 3 11 12 0 2
haar_x2
-0.393926  76.819092  64
5.070813e-001  6.124669e-001  4.963704e-001  2.861084e-001  8.475090e-001  3.255572e-001  4.368550e-001  -2.129678e-001  -1.648265e-001  3.356264e-001  9.765239e-002  4.856855e-002  8.313993e-002  -6.373868e-001  -3.656884e-001  -9.914473e-002  -1.946481e-001  -3.018913e-001  1.271279e-001  -4.395250e-001  -1.623365e-001  -7.919271e-002  3.824196e-002  -3.582568e-001  -2.347392e-001  -5.650289e-003  -1.304960e-001  -2.191999e-001  -2.773216e-001  -7.220314e-002  -1.089297e-001  1.518935e-001  1.055220e-001  3.075378e-002  -1.419241e-002  1.075709e-001  1.543849e-001  1.345603e-001  -1.621244e-001  -5.802162e-003  -1.611246e-002  -1.045384e-001  -2.484912e-001  -1.679862e-001  -4.273841e-002  2.679313e-002  -1.160958e-001  2.904169e-002  -2.045245e-001  -4.569502e-002  -2.576073e-002  -3.422003e-001  -1.367621e-001  -8.577446e-002  4.315228e-001  2.980771e-001  7.819549e-002  2.227904e-001  4.358483e-001  5.201594e-001  5.875867e-001  5.178106e-001  8.784001e-001  -4.622547e-002  
0
1
2
7 17 14 6 0 -1
7 19 14 2 0 3
haar_y3
-0.119733  278.782257  64
6.712235e-001  1.251090e+000  9.914317e-002  7.300376e-001  5.777135e-001  3.769663e-001  1.454588e-001  2.916047e-001  2.786589e-001  7.611083e-001  5.494272e-001  3.478376e-001  3.056629e-001  6.575797e-001  9.057429e-002  5.186268e-001  3.966270e-001  2.760618e-001  2.247038e-001  2.755255e-001  1.268745e-001  1.369306e-002  8.451300e-002  8.757927e-002  -6.818109e-003  -2.277938e-001  -1.833261e-001  -2.767175e-002  -1.791228e-001  -3.050632e-001  -1.912314e-001  -2.884688e-001  -1.692840e-001  -1.944311e-001  -2.069249e-001  6.571666e-003  1.171189e-001  7.112955e-002  6.956600e-002  7.134312e-002  1.778672e-001  7.154582e-002  1.531059e-001  9.394313e-002  2.814905e-001  1.183166e-001  3.174207e-001  1.304251e-001  2.459873e-001  2.877814e-001  1.351362e-001  6.197776e-002  4.174113e-002  -2.338027e-001  -6.375220e-001  -3.609907e-002  -5.493473e-001  7.984711e-002  -7.901150e-001  -3.063785e-001  -6.806499e-001  -2.420071e-001  6.430408e-001  -5.189751e-001  
0
1
2
10 8 9 3 0 -1
9 9 9 1 0 3
tilted_haar_y3
-0.037195  853.029907  64
-6.277599e-001  -3.699130e-001  -7.465371e-001  -8.151101e-001  -1.653786e-001  -3.644876e-001  1.552137e-001  -4.444541e-001  -4.068601e-001  -6.400905e-002  6.975111e-003  -1.941295e-001  -8.771759e-002  -5.520067e-002  -7.170938e-002  -1.804249e-001  -8.667149e-002  -4.197960e-002  -1.000008e-001  1.428124e-002  -6.206412e-002  -6.723468e-002  2.547736e-001  1.453292e-001  7.950445e-002  2.587385e-002  2.522906e-001  1.551045e-001  4.429443e-002  6.422988e-002  -5.610052e-003  1.567282e-001  1.106901e-002  -7.954829e-002  3.675937e-002  1.466845e-001  1.979843e-001  2.962698e-001  1.592978e-001  -2.462905e-002  9.012842e-002  1.125113e-001  -2.868276e-002  -3.568719e-001  -1.383508e-001  -1.528324e-002  -2.518658e-001  -4.992374e-001  -5.860239e-002  -5.146327e-001  -9.845377e-001  -6.552567e-001  -2.663996e-001  -4.127806e-001  -4.401696e-001  -6.806604e-001  -7.783868e-001  -1.169785e+000  -6.273837e-001  1.704649e-001  -1.273623e+000  -5.747249e-001  -5.746720e-001  -6.789621e-001  
0
1
3
5 2 12 10 0 -1
5 2 6 5 0 2
11 7 6 5 0 2
haar_x2_y2
-0.094446  226.531799  64
-3.246784e-001  -5.535991e-002  3.014751e-001  8.114593e-003  -2.021068e-001  2.121870e-001  1.021184e-001  -2.302488e-002  1.487154e-001  2.085876e-001  2.946580e-001  2.167001e-001  2.441184e-001  3.015022e-001  1.148556e-001  6.541210e-002  1.695114e-001  4.205647e-002  1.097581e-001  -1.559510e-001  -8.110534e-002  -1.622767e-001  -1.083881e-001  -7.635019e-002  -1.664042e-001  -1.541412e-001  -1.051643e-001  -1.756111e-001  -1.567120e-001  -1.624372e-001  -3.729685e-001  -1.770173e-001  -1.527780e-001  -3.136898e-001  -1.659044e-001  -1.502954e-001  2.209856e-001  -1.659859e-001  4.436174e-002  2.198773e-001  1.649257e-001  1.124093e-001  3.000479e-001  2.397158e-001  1.481622e-001  2.106542e-001  3.780028e-001  4.529875e-002  9.521621e-001  1.961194e-001  5.826432e-001  1.426071e-001  6.023142e-001  9.183841e-001  1.040268e+000  9.153135e-001  8.280663e-001  9.778460e-001  4.224743e-001  5.767928e-001  1.691420e-001  6.011055e-001  7.155451e-001  7.913508e-001  
0
1
2
0 14 16 9 0 -1
4 14 8 9 0 2
haar_x4
-0.197372  144.798615  64
2.343337e-001  2.861143e-002  5.239864e-001  -6.656710e-001  2.421117e-001  5.651232e-001  5.254581e-001  2.459867e-001  3.489836e-001  3.089307e-001  5.796999e-001  5.039464e-001  2.515857e-001  2.760633e-002  -1.660608e-002  1.253089e-001  1.685196e-001  -2.754357e-001  -2.288350e-001  -4.712700e-002  1.038602e-001  -9.636014e-002  -1.351793e-001  -7.118051e-002  -5.153443e-001  -1.461056e-001  -1.124662e-001  -1.193274e-001  -1.833045e-001  -1.492441e-002  1.001913e-001  -2.390563e-002  6.683622e-002  8.135539e-002  1.698778e-001  9.706088e-002  -3.893745e-003  2.574029e-001  4.131590e-002  -1.519727e-001  -1.308790e-001  2.209747e-001  1.321570e-001  -1.653512e-003  2.307779e-001  1.649110e-001  4.339504e-001  1.073717e-002  2.721256e-001  -3.060128e-001  3.799576e-001  2.501832e-001  1.306750e-001  -8.848518e-002  -2.365633e-001  -3.152225e-001  1.900871e-002  -1.298410e-001  -4.847276e-001  -5.599136e-001  -6.247607e-001  -4.092445e-001  -2.915840e-001  -5.736843e-001  
0
1
2
7 10 4 14 0 -1
9 10 2 14 0 2
haar_x2
-0.047223  597.177124  64
-8.581676e-001  -9.368930e-001  -5.406219e-001  -6.014740e-001  -6.247237e-001  -4.558183e-001  -4.007902e-001  -3.483267e-001  -4.892143e-002  -1.552038e-001  -5.357362e-002  1.181819e-001  5.107304e-002  8.650377e-002  1.972297e-001  -1.093301e-003  1.907650e-001  1.687376e-001  6.683680e-002  4.632235e-002  2.130294e-002  7.705867e-002  2.692853e-001  2.372652e-001  1.120325e-001  2.370770e-001  1.042797e-001  4.612624e-002  4.161577e-002  -9.846867e-002  5.270619e-002  -1.463005e-001  -4.413882e-002  -1.184224e-001  -6.629324e-002  -2.181507e-001  -1.079612e-001  -7.024556e-003  -9.613584e-003  -1.177967e-001  7.328207e-002  7.487275e-002  -1.888541e-002  -8.200921e-002  1.259774e-001  7.085923e-002  1.312167e-001  -7.603483e-002  -1.792822e-001  -1.833129e-002  -3.340807e-001  -1.052567e-001  -1.449347e-001  -4.051335e-003  -5.118042e-002  -8.986428e-002  -8.903005e-002  -4.900603e-001  3.307731e-001  3.052993e-001  -6.384434e-001  -2.750695e-001  -2.745854e-001  -1.385332e+000  
0
1
2
7 0 9 6 0 -1
5 2 9 2 0 3
tilted_haar_y3
-0.109444  290.056122  64
-3.378905e-001  -3.289242e-001  1.609358e-001  -2.822873e-002  -6.605061e-002  4.141852e-002  -3.792215e-001  7.215759e-002  -2.679863e-001  1.588378e-001  1.279744e-001  1.600380e-001  1.310932e-001  9.114351e-002  2.727014e-001  1.950659e-002  1.406861e-001  7.951126e-002  2.693146e-001  2.265978e-001  1.140201e-001  1.461136e-001  1.153658e-001  1.192131e-001  1.270886e-001  -1.021418e-001  -1.156991e-001  -1.116288e-001  -4.018510e-002  1.744568e-002  -2.347730e-001  -3.708269e-001  -1.774333e-001  -2.337993e-001  -1.834735e-001  -3.102983e-001  -3.695809e-001  -6.800367e-002  -3.159921e-001  -1.327634e-001  -9.515751e-002  -1.573317e-001  -7.211582e-002  -2.256401e-002  -4.168698e-004  3.529986e-002  1.811603e-001  6.119088e-002  8.310708e-002  2.305753e-001  3.988842e-001  5.367575e-001  4.041492e-001  2.538659e-001  9.854898e-001  4.763861e-001  3.504477e-001  5.827669e-001  6.181617e-001  -4.247259e-001  3.408346e-001  5.984120e-001  8.823211e-002  -5.175206e-002  
0
1
2
5 6 16 4 0 -1
5 8 16 2 0 2
haar_y2
-0.018171  494.098236  64
1.777083e-001  1.726936e-001  4.286007e-001  2.531945e-001  4.356244e-001  2.438744e-001  3.912605e-001  -1.439480e-001  2.092625e-003  4.969262e-002  1.767763e-001  5.007618e-003  -1.192190e-001  -1.432192e-001  -1.782085e-001  -6.543532e-003  -1.575515e-001  -2.280935e-001  -1.082303e-001  -2.699269e-001  3.671063e-002  -2.434744e-001  -3.590323e-001  -7.015164e-002  1.000496e-002  -1.117774e-001  6.896428e-002  -1.602948e-002  6.883061e-002  8.457421e-002  -9.696467e-002  4.265728e-002  4.819883e-002  1.630856e-001  1.943991e-001  -1.262949e-002  2.466070e-001  4.796985e-001  1.870579e-001  3.285886e-001  1.618204e-001  6.282055e-001  1.294839e-001  3.938929e-001  2.321824e-001  4.108613e-001  4.995955e-001  1.877162e-001  3.670056e-001  6.793604e-001  4.095065e-001  -2.078439e-001  -1.128105e-001  2.136562e-001  2.477697e-001  -3.347890e-001  6.977482e-001  -4.504691e-001  -1.278234e-001  1.843498e-002  -1.976009e-001  -1.223785e-001  -1.493528e-001  -2.420778e-001  
0
1
2
1 7 14 4 0 -1
1 9 14 2 0 2
haar_y2
-0.021953  719.759155  64
-5.819784e-001  -1.185183e+000  1.689383e-002  -5.486847e-001  -2.436694e-001  -2.171654e-001  -4.635386e-001  -3.101708e-001  -8.122569e-002  -1.094346e-001  -5.859559e-002  -3.386802e-001  6.882365e-002  -7.980134e-002  -5.855424e-002  1.239021e-001  -5.928686e-002  8.031579e-002  -1.000269e-001  1.411037e-001  1.675780e-001  1.731245e-001  1.881513e-001  1.776815e-001  7.143743e-002  7.861540e-002  1.296121e-001  2.252907e-001  1.583900e-001  1.888860e-001  1.042911e-002  7.339402e-002  -1.002628e-001  7.776579e-002  -1.186556e-001  1.149618e-001  -9.020587e-002  3.782982e-002  8.558957e-002  -2.734970e-002  3.365613e-002  -7.497682e-002  -3.661732e-002  -1.965286e-001  -2.505552e-001  -1.413799e-002  6.416875e-002  6.286117e-002  -4.733745e-002  -4.890606e-001  -7.184220e-001  -3.468656e-001  -2.600909e-001  -4.616933e-001  2.730601e-002  -2.189455e-001  -5.944401e-001  -1.028288e+000  -1.096876e+000  -6.275331e-002  -9.188803e-001  -6.818281e-001  -2.773163e-001  -1.272236e+000  
0
1
2
4 2 6 15 0 -1
6 2 2 15 0 3
haar_x3
-0.070193  426.659393  64
-7.276508e-001  1.774220e-002  -3.219629e-001  -1.930809e-001  4.053498e-001  -8.334135e-002  -4.352801e-001  -5.173339e-002  -2.680880e-001  -2.336513e-001  5.737186e-002  -5.484778e-002  -1.249468e-001  -1.671028e-002  -5.382919e-003  -1.435453e-001  -2.185473e-001  5.640952e-002  1.346910e-001  9.275356e-003  -9.031072e-002  8.050463e-002  3.005536e-001  2.273215e-001  2.694847e-001  1.349559e-001  1.294706e-001  1.799905e-002  3.678119e-002  1.860894e-001  1.958243e-002  -5.783323e-002  -4.812097e-002  -9.086719e-002  8.752239e-002  -8.380245e-003  -1.243430e-001  6.349657e-002  -8.504687e-002  3.877538e-002  -1.182160e-001  -1.452206e-001  1.694842e-001  -8.064894e-002  -2.592613e-001  -2.077007e-001  2.239277e-002  -3.429276e-001  -3.509257e-001  -1.431264e-001  -4.028296e-001  -7.104484e-001  -4.115798e-001  -3.576523e-001  -6.031995e-001  -9.037466e-002  -5.765948e-001  -9.601023e-001  -1.936502e-001  -4.152671e-001  -2.525015e-001  2.371634e-001  -7.549178e-001  -1.450915e+000  
-2.030114 
