8 
1
2
1 5 5 12 0 -1
1 9 5 4 0 3
haar_y3
-0.062034  341.823120  64
-9.301153e-001  -1.334030e+000  -8.895516e-001  -6.547334e-001  -1.175457e+000  -5.917354e-001  -7.357395e-001  -1.132807e+000  -5.816662e-001  -6.933227e-001  -1.012869e+000  -7.000628e-001  -1.053544e+000  -3.340916e-001  -7.243962e-001  -6.328434e-001  -4.767405e-001  -4.773346e-001  -5.483710e-001  -7.155026e-001  -4.955028e-001  -3.562890e-001  -3.336101e-001  -2.820380e-001  -2.946762e-001  -2.607504e-001  -2.279333e-001  -2.149178e-001  -2.355877e-001  -2.164634e-001  -2.750996e-001  -4.197487e-001  -2.447404e-001  -2.382034e-001  -2.478900e-001  -4.005715e-001  -4.317287e-001  -2.637990e-001  -2.726852e-001  -3.192784e-001  -4.511820e-001  -4.774483e-001  -3.128695e-001  -3.812000e-001  -6.049063e-001  -9.159712e-001  -3.372887e-001  -6.664678e-001  -9.373033e-001  -6.571637e-001  -9.175564e-001  -1.751524e+000  -1.161901e+000  -7.200010e-001  -9.908245e-001  -8.335370e-001  -1.406007e+000  -9.138281e-001  -4.266875e-001  -5.363040e-001  -6.587415e-001  -9.250138e-001  -5.041937e-001  -2.129104e+000  
1
2
16 0 3 18 0 -1
17 0 1 18 0 3
haar_x3
-0.033497  912.052673  64
-1.234914e+000  -6.656467e-001  -7.995548e-001  -4.790857e-001  -7.264528e-001  -5.996956e-001  -6.873993e-001  -6.760945e-001  -4.651204e-001  -3.382259e-001  -6.391059e-001  -5.346593e-001  -7.158468e-001  -1.462461e-001  -4.435219e-001  -3.953425e-001  -3.482547e-001  -4.033585e-002  -2.456681e-002  -7.267749e-002  1.096312e-001  6.264520e-002  -4.617259e-002  3.464826e-001  1.806173e-001  -1.015974e-002  2.148419e-001  1.664602e-001  2.234200e-001  2.021198e-001  1.850021e-001  1.517376e-001  1.404719e-001  8.853773e-002  -4.615196e-002  1.201027e-001  1.484009e-002  -1.304191e-001  4.500032e-002  -3.477618e-001  -4.912999e-001  -2.878267e-001  -3.207368e-001  -3.287497e-001  -2.709856e-001  -7.937160e-001  4.710812e-002  -8.741440e-001  -8.468577e-001  -2.079960e-001  -4.114553e-001  -4.459715e-001  -7.091905e-001  -7.439030e-001  -1.066914e+000  -2.821547e-001  -5.818509e-001  -7.340577e-001  -4.569444e-001  -6.851963e-001  -9.027544e-002  -2.268002e-001  -3.185054e-001  -1.020804e+000  
1
2
1 14 7 9 0 -1
1 17 7 3 0 3
haar_y3
-0.088146  315.216003  64
-1.572690e+000  -1.170718e+000  -1.033113e+000  -4.218766e-001  -1.427922e+000  -5.654622e-001  -6.634505e-001  -8.115931e-001  -9.401953e-001  -5.968285e-001  -7.666399e-001  -5.570630e-001  -2.502856e-001  -4.566106e-001  -5.885531e-001  -4.633539e-001  -7.575876e-002  -1.074062e-001  -9.463960e-002  2.971816e-002  -1.631350e-001  -5.569427e-002  7.835160e-002  2.653181e-001  7.409873e-002  1.313956e-001  1.758717e-001  1.896256e-001  1.036817e-001  -1.060568e-002  6.709116e-002  1.574824e-001  1.423295e-001  1.002007e-001  4.339407e-003  1.542319e-001  4.033051e-003  -1.673206e-001  2.166462e-001  -2.801713e-003  8.855750e-002  3.362626e-001  -8.739105e-002  -1.226448e-001  -1.518336e-001  4.381611e-002  1.092910e-001  6.182683e-002  -6.678736e-002  -2.652103e-002  -4.396678e-001  2.864371e-001  9.034047e-002  -4.557499e-002  1.425344e-001  -2.216112e-001  -2.163602e-001  3.223117e-002  8.003414e-002  -7.314012e-002  -2.612676e-001  -1.200982e-001  -3.803746e-001  -2.294520e-001  
1
2
8 15 9 6 0 -1
8 17 9 2 0 3
haar_y3
-0.116181  293.834137  64
5.824206e-001  4.550413e-001  1.843888e-001  -5.777458e-001  3.262224e-001  -5.284926e-001  3.330978e-001  4.617225e-001  4.214725e-001  2.652045e-001  3.008314e-001  7.566298e-001  2.427782e-002  6.530030e-001  5.206916e-001  3.548374e-001  5.999789e-001  2.053844e-001  3.106247e-001  4.314730e-001  3.398100e-001  3.315947e-001  3.514234e-001  6.366648e-002  2.606555e-001  2.628686e-001  2.546207e-001  1.482926e-001  1.295641e-001  -2.559119e-002  -4.890819e-002  -1.505753e-001  -2.787794e-001  -3.623080e-001  -4.228454e-001  -2.749318e-001  -3.233265e-001  -3.625028e-001  -1.348753e-002  -8.950653e-002  -6.345492e-003  1.795097e-001  -7.302364e-002  3.123483e-001  1.750298e-001  2.093773e-001  3.636786e-001  3.341697e-001  2.937661e-001  4.545177e-001  5.267128e-001  6.062288e-002  2.816723e-001  6.938784e-003  6.148777e-001  9.882326e-001  5.718008e-001  2.789882e-001  3.101365e-001  6.292891e-001  6.520121e-001  4.345789e-001  5.099059e-002  6.278880e-001  
1
2
3 3 16 8 0 -1
7 3 8 8 0 2
haar_x4
-0.085158  271.845001  64
-1.277858e+000  -1.165918e+000  -7.211480e-001  -4.284888e-001  -6.325281e-001  -2.657276e-001  -6.871745e-002  -4.092734e-002  -1.013692e-001  -2.811393e-002  1.542560e-001  -1.481612e-001  -3.948224e-002  -2.380525e-002  2.163400e-002  2.799193e-001  1.798357e-001  1.701860e-001  2.379772e-001  1.685739e-001  1.928963e-001  1.026281e-001  1.236662e-001  2.002836e-001  -1.328213e-002  4.250100e-002  2.034141e-001  -1.092240e-001  7.790938e-002  1.217064e-001  2.893580e-001  1.081459e-001  1.367348e-001  7.826629e-002  -1.348775e-001  2.217553e-001  -2.753961e-002  -1.219105e-001  -4.278418e-002  -1.791256e-002  -4.563918e-002  -9.693006e-003  -5.233547e-001  3.389953e-002  -2.946224e-001  -2.276439e-001  -4.032551e-001  -2.659501e-001  -1.281500e+000  -4.187173e-001  -5.085219e-001  -4.364322e-001  -1.102622e+000  -6.539505e-001  -4.416380e-001  -1.607612e-001  -8.113885e-001  -6.373240e-001  -9.177901e-001  -5.802675e-001  -9.702427e-001  -9.495815e-001  -6.576324e-001  -1.116989e+000  
1
2
15 0 6 4 0 -1
14 1 6 2 0 2
tilted_haar_y4
-0.046846  768.206360  64
-8.048564e-001  -8.148586e-001  -2.115056e-002  5.875057e-002  -3.086163e-001  -1.148753e-001  6.394507e-001  4.010238e-001  2.329761e-001  5.443886e-002  -3.667045e-002  2.625397e-001  9.910572e-002  1.521448e-001  2.126003e-001  1.412181e-001  1.291621e-001  8.121003e-002  1.072439e-001  -1.174989e-001  2.761268e-001  4.373094e-001  3.458970e-001  1.809620e-001  1.324012e-001  2.699077e-001  1.140569e-001  1.407224e-001  2.802673e-001  1.040334e-001  1.757740e-001  1.393685e-001  1.734960e-002  -3.457122e-002  -1.116410e-001  -3.338962e-002  -2.451119e-001  -2.304051e-001  -3.679363e-001  -3.181058e-001  -2.602875e-001  -6.371868e-001  -4.527551e-001  -2.123676e-001  -2.099279e-001  -3.958741e-001  -3.120729e-001  -6.077416e-001  -1.298294e-003  -2.223551e-001  -5.592594e-001  -5.048035e-001  -4.908079e-001  -2.360957e-001  -8.896559e-001  -2.864224e-001  -1.684931e-001  -1.254344e+000  -8.570526e-001  -7.085362e-001  -3.144870e-001  -1.325827e+000  -9.914225e-001  -5.375074e-001  
1
2
9 14 9 7 0 -1
12 14 3 7 0 3
haar_x3
-0.076423  347.644806  64
-5.247007e-001  1.085863e-001  1.308165e-002  -1.938344e-001  1.945498e-001  -2.471904e-001  -4.781828e-001  2.793561e-002  2.582098e-002  2.188629e-002  2.945760e-001  2.668333e-001  1.558468e-001  1.452589e-001  4.122328e-001  2.006456e-001  3.282951e-001  2.223755e-001  1.080820e-001  3.115427e-001  2.136507e-001  2.227348e-001  2.233659e-001  1.529761e-001  8.240470e-002  2.113858e-002  -2.189662e-002  1.756073e-002  4.716806e-002  -8.936636e-002  -1.163271e-001  -1.750185e-001  -1.391904e-001  -6.611408e-002  -1.881855e-001  -2.762966e-001  1.698509e-002  -5.695199e-002  -2.164249e-001  -2.154637e-001  -5.319685e-001  -2.278434e-001  -4.800432e-001  -4.340662e-001  -1.380799e-001  -6.420150e-001  -3.387646e-001  -6.142355e-001  -9.539089e-001  -5.869961e-001  -1.403250e+000  -7.890197e-001  -5.963949e-001  -8.703927e-001  -1.250336e+000  -7.875753e-001  -9.373096e-001  -1.252837e+000  -9.526344e-001  -2.525739e-001  -5.733869e-001  -7.744065e-001  -6.844733e-001  -1.146014e+000  
1
2
10 1 14 7 0 -1
17 1 7 7 0 2
haar_x2
-0.196539  163.094406  64
-4.669383e-001  -9.764978e-002  -1.025802e-001  3.123327e-001  1.161600e-001  -2.260211e-002  -9.001840e-002  4.625529e-001  5.823727e-001  3.403469e-001  2.943155e-001  8.368142e-001  8.902214e-002  2.905260e-001  2.689933e-001  2.221618e-001  3.037438e-001  2.483973e-001  1.401518e-001  1.575226e-001  2.305158e-001  -6.777406e-002  -1.087976e-002  -1.050374e-001  -1.126588e-001  -1.931994e-001  -1.359393e-001  -1.114192e-001  -2.508782e-001  -2.467843e-001  -1.435980e-001  -1.411352e-001  -3.948507e-001  -4.407645e-001  -1.191310e-001  -3.332478e-001  -2.055515e-001  -2.849638e-001  -1.017289e-001  -1.242370e-001  7.209805e-002  -4.837563e-002  2.077370e-001  2.703351e-001  1.965624e-002  1.813933e-001  1.558637e-001  1.375592e-001  2.811982e-001  2.510760e-001  3.805813e-001  2.412833e-001  7.112202e-001  5.517772e-001  6.367231e-001  9.067910e-001  5.500549e-002  2.431277e-001  1.818953e-001  8.128506e-001  -2.620577e-001  -2.896599e-001  3.756671e-002  2.225247e-001  
-2.203561 
