5 
1
2
5 8 17 6 0 -1
5 10 17 2 0 3
haar_y3
-0.058234  353.208923  64
-9.813824e-001  -4.347252e-001  -7.318497e-001  -4.001980e-001  -5.177986e-001  -1.300327e+000  -8.075721e-001  -7.567914e-001  -1.183901e+000  -1.368589e+000  -1.304912e+000  -1.219700e+000  -1.147790e+000  -8.476346e-001  -8.739811e-001  -1.128835e+000  -1.057641e+000  -8.663961e-001  -9.680235e-001  -7.593871e-001  -8.984102e-001  -7.012208e-001  -6.868035e-001  -5.287532e-001  -5.007754e-001  -3.633747e-001  -1.799946e-001  -3.671737e-001  -1.542344e-001  -1.977351e-001  -2.053014e-002  -8.389456e-002  -1.410969e-001  -1.130326e-001  -1.392113e-001  -1.984912e-001  -1.108444e-001  -6.787667e-002  -4.446921e-001  -1.610151e-001  -4.174615e-001  -1.215761e-001  -3.435524e-001  -4.601103e-001  -3.229592e-001  -2.948962e-001  -9.205214e-001  -3.087505e-001  -9.045131e-001  -4.428887e-001  -3.890222e-001  -5.078492e-001  -5.035737e-001  -3.340726e-001  -8.943169e-001  -6.760584e-001  -3.544173e-001  -5.031248e-001  -1.376433e+000  -6.168017e-001  -7.286541e-001  -5.237166e-001  -3.358529e-001  -1.748128e+000  
1
2
6 4 12 5 0 -1
12 4 6 5 0 2
haar_x2
-0.077644  322.090485  64
-5.728509e-001  -1.532609e-001  -4.951054e-003  -5.416944e-001  -1.790835e-001  -4.096585e-001  -3.013517e-001  -6.142650e-001  -1.630305e-001  -5.948556e-001  -7.339705e-001  -3.635158e-002  -2.648473e-001  -4.857233e-001  -8.094729e-002  -3.127276e-001  -2.530281e-005  -1.224180e-001  -6.807531e-002  3.347589e-002  -1.318695e-001  4.089795e-002  4.010236e-002  7.190972e-002  1.039412e-001  3.528351e-001  3.225537e-001  2.868318e-001  2.591408e-001  3.463983e-001  1.889092e-001  2.467148e-001  2.351883e-001  4.849217e-002  7.924748e-002  1.088491e-001  1.284768e-001  -1.455063e-001  -7.030149e-002  4.729230e-002  -1.786266e-001  -1.807912e-001  -1.725277e-002  -1.780643e-001  -2.781017e-001  -1.850831e-001  -3.195686e-001  -1.988349e-001  -3.017403e-001  -4.565054e-001  -7.576295e-001  -1.513855e+000  -1.081660e+000  -1.125816e+000  -1.358590e+000  -1.477200e+000  -1.210730e+000  -9.100090e-001  -1.197219e+000  -1.191584e+000  -1.037231e+000  -1.096068e+000  -1.058824e+000  -1.752101e+000  
1
2
15 0 3 19 0 -1
16 0 1 19 0 3
haar_x3
-0.038455  787.323853  64
-1.685200e+000  -1.399534e+000  -1.114540e+000  -1.004077e+000  -1.013346e+000  -1.329639e+000  -3.017399e-001  -6.399707e-001  -6.663809e-001  -7.960342e-001  -8.038601e-001  -1.032976e+000  -5.835336e-001  -7.169175e-001  -5.802743e-001  -5.035278e-001  -1.559566e-001  -1.828762e-001  -3.157696e-002  -2.320384e-001  -6.687596e-002  -1.103869e-001  -1.000899e-003  2.383066e-001  2.328165e-002  8.274598e-002  2.624437e-001  2.184094e-001  1.380770e-001  1.289165e-001  1.687225e-001  2.152376e-002  2.536551e-001  2.496090e-001  1.025276e-001  4.900776e-002  1.001547e-001  -5.266133e-002  5.030551e-002  -2.125370e-001  -1.661181e-001  -3.179905e-001  -2.228516e-001  -2.390425e-001  -2.235228e-001  -1.090907e-001  -1.948561e-001  -6.011551e-001  -7.662460e-001  -5.848451e-001  -7.827079e-001  -6.114306e-001  -4.935455e-001  -6.876327e-002  -1.047989e+000  -6.568190e-001  -1.028805e+000  -7.443162e-002  -5.762323e-001  -8.751895e-001  -7.966135e-001  -4.560396e-001  -1.016670e+000  -1.510757e+000  
1
2
8 18 9 6 0 -1
8 20 9 2 0 3
haar_y3
-0.087863  317.560608  64
1.850540e-001  1.791008e-001  1.612989e-001  -1.905222e-003  1.589755e-002  5.734779e-001  2.392461e-001  9.807024e-002  -5.673622e-002  -5.198454e-002  6.747003e-002  1.071139e-002  -4.875087e-001  -3.109563e-001  -3.360203e-001  6.913742e-002  -2.600268e-001  -1.440141e-001  -1.873402e-001  -3.434561e-001  -2.218438e-001  -3.512937e-001  -1.675288e-001  -3.199646e-001  -4.438104e-001  -2.589509e-001  -4.916610e-001  -3.142306e-001  -2.929591e-001  -7.714102e-002  4.056280e-002  2.289841e-001  2.845678e-001  2.858628e-001  1.651919e-001  2.727614e-001  3.196973e-001  5.530019e-001  3.612873e-001  3.787776e-001  4.330566e-001  9.684524e-002  2.473219e-001  3.005957e-001  -3.470336e-002  1.840206e-001  -5.744899e-002  1.611602e-001  1.652417e-001  9.404355e-002  6.788786e-002  -1.796953e-001  6.575792e-002  -3.489449e-001  1.913626e-002  -1.491225e-001  -1.159840e-001  -3.110279e-001  -1.111678e+000  -8.398722e-001  -6.075926e-001  -5.471234e-001  -3.434308e-001  -1.114361e-001  
1
2
19 17 3 4 0 -1
19 17 3 2 0 2
tilted_haar_y2
-0.035192  731.857910  64
-7.715613e-001  -5.664666e-001  -1.539121e-001  -6.928489e-001  -6.020472e-001  -1.027751e+000  -1.962006e-001  -8.186985e-001  -3.608505e-001  -7.792552e-001  -6.540309e-001  -6.323444e-001  -5.802794e-001  -3.178017e-001  -5.804154e-001  -3.358008e-001  -4.592431e-001  -5.260170e-002  -3.177305e-001  8.247218e-002  -8.370134e-002  -8.920468e-002  7.193832e-002  1.739632e-001  1.680999e-001  2.142319e-001  3.305452e-001  2.420267e-001  1.508300e-001  2.391542e-001  2.700821e-001  9.590333e-002  1.380989e-001  7.543511e-002  2.260099e-003  1.202913e-001  3.679863e-002  4.221739e-002  -5.132382e-002  -3.267610e-001  -1.850277e-002  1.726795e-001  -5.861321e-002  -5.234144e-002  -4.407269e-001  -3.414395e-001  -1.631569e-001  -1.878727e-001  -7.379860e-001  -2.287484e-001  -9.876007e-001  -6.185507e-001  -1.097185e+000  -3.349189e-001  -4.398369e-001  -4.311025e-001  -8.455428e-001  -8.412688e-001  -6.913067e-001  -1.043548e+000  -9.050123e-002  -5.358025e-001  -1.102449e-002  -7.552553e-001  
-2.169187 
