25 
1
3
7 4 10 18 0 -1
7 4 5 9 0 2
12 13 5 9 0 2
haar_x2_y2
-0.137882  257.267639  64
-7.712589e-001  -6.629887e-001  -6.189258e-001  -6.823506e-001  -4.738108e-001  -2.309392e-001  -9.860962e-001  -6.044554e-001  -7.239079e-001  -5.333699e-001  -1.220090e+000  -8.475714e-001  -6.582224e-001  -4.870399e-001  -9.321972e-001  -5.388460e-001  -6.429070e-001  -2.270655e-001  -6.993883e-001  -3.940089e-001  -1.172676e+000  -5.867581e-001  -5.343452e-001  -4.123135e-001  -6.006670e-001  -5.513768e-001  -5.350497e-001  -5.277900e-001  -6.365966e-001  -3.142377e-001  -3.466823e-001  -4.424631e-001  -4.055894e-001  -3.435021e-001  -2.578232e-001  -4.399931e-001  -4.679958e-001  -3.788947e-001  -3.028243e-001  -7.745374e-001  -3.248758e-001  -4.348964e-001  -5.578867e-001  -4.982731e-001  -4.644617e-001  -1.015013e+000  -5.554079e-001  -1.203026e+000  -6.270538e-001  -1.026806e+000  -8.880556e-001  -1.358048e+000  -3.608869e-001  -1.000167e+000  -1.005062e+000  -4.552516e-001  -1.003353e+000  -7.114816e-001  -4.370383e-001  -2.079033e+000  -5.779155e-001  -1.411342e+000  -1.072078e+000  -1.152358e+000  
1
2
14 0 8 9 0 -1
16 0 4 9 0 2
haar_x4
-0.072133  362.339020  64
-4.755647e-001  -9.711245e-002  1.796611e-001  5.711793e-002  3.638656e-001  -6.484997e-001  -4.913381e-001  -2.573259e-002  1.760216e-001  3.360079e-002  -1.526810e-001  -4.945831e-002  1.581053e-001  1.827191e-001  2.578816e-001  1.537076e-001  3.367465e-001  1.394915e-002  9.081000e-002  3.464353e-001  2.700116e-001  1.937469e-001  1.340234e-001  1.255734e-001  -2.237341e-001  1.577922e-002  -5.298377e-001  -1.934655e-001  -2.712043e-001  -4.232466e-001  -8.170605e-002  -3.682151e-001  -1.838035e-001  -1.988655e-001  -8.048533e-002  2.269103e-001  2.192343e-002  -3.523165e-001  -2.098017e-001  1.059115e-001  -2.568013e-001  3.049285e-001  1.920777e-001  3.938995e-002  -1.853237e-001  2.151206e-001  -1.457591e-001  9.356912e-002  1.956710e-001  2.476121e-001  -1.122136e-001  5.488582e-002  -7.282551e-001  8.145612e-002  2.803227e-002  1.071039e-001  -9.011029e-001  4.345977e-001  1.551146e-001  7.245432e-001  -2.632832e-003  1.660200e-001  1.648678e-001  -3.452099e-002  
1
2
19 0 2 18 0 -1
19 0 1 18 0 2
tilted_haar_x2
-0.034057  775.552551  64
-5.955637e-001  2.386132e-001  -7.333457e-001  1.001230e-001  -5.172209e-003  -4.192331e-002  1.025017e-001  3.131580e-001  -1.059111e-001  -3.801592e-001  7.474029e-002  3.498733e-001  3.570501e-001  2.461264e-001  7.936624e-002  3.068615e-001  2.479278e-002  -6.507358e-002  2.360039e-001  9.399188e-002  3.194884e-001  1.755583e-001  7.865523e-002  -2.147055e-002  1.487145e-001  2.026047e-001  2.562228e-001  1.039694e-001  -1.410092e-001  -3.928749e-002  -2.576858e-002  -1.086310e-001  -5.121033e-002  2.397295e-001  -7.015213e-002  1.433062e-001  -2.490217e-001  -1.198710e-001  3.343185e-002  3.952782e-002  9.119527e-002  5.799916e-003  -3.017305e-001  -2.935660e-001  -9.086347e-002  -2.284454e-001  -4.313610e-001  -4.606274e-002  -1.221670e-001  -3.498755e-002  3.878664e-002  1.254302e-001  2.589052e-001  -5.360451e-001  -9.320773e-001  -3.742661e-001  -4.942846e-001  7.442036e-002  -3.833511e-001  -1.253986e+000  -4.598764e-001  -9.841691e-001  -1.111908e+000  -4.784900e-001  
1
2
4 9 12 6 0 -1
4 11 12 2 0 3
haar_y3
-0.069187  422.428497  64
6.326271e-001  7.244062e-001  8.203463e-001  3.734979e-001  6.886584e-001  5.684750e-001  5.963961e-001  2.521568e-001  1.446038e-001  3.948551e-001  1.541443e-001  -1.843957e-001  -2.112392e-001  3.579687e-001  1.302292e-001  -2.645949e-001  -4.591838e-001  -1.230129e-001  1.365318e-001  1.914885e-001  -3.493198e-001  -3.554442e-001  -9.593575e-002  -3.253900e-001  -2.836596e-001  -1.953991e-001  -4.884044e-001  -2.706598e-001  -2.580188e-001  -1.395139e-001  1.837879e-002  -8.101801e-002  2.873312e-002  1.060860e-001  8.703092e-002  1.335402e-002  -2.027115e-003  7.123917e-003  3.249826e-001  -7.365639e-002  1.352534e-001  1.156603e-001  2.556973e-001  -1.161470e-001  3.034260e-001  -4.195192e-002  8.390181e-002  2.032673e-003  5.730618e-001  1.038340e-002  3.952039e-001  4.151015e-001  3.824651e-001  7.002408e-001  -2.592613e-001  4.184390e-003  -3.320337e-002  4.199246e-001  5.897176e-001  1.668871e-001  -2.741893e-001  4.435787e-001  -5.475627e-001  5.310925e-002  
1
2
13 0 4 11 0 -1
15 0 2 11 0 2
haar_x2
-0.052266  764.778015  64
-1.690215e-001  -3.037976e-002  -7.983535e-001  2.475269e-001  1.179400e-001  5.208452e-001  -3.016680e-001  -4.057322e-001  -4.830914e-001  -1.837500e-001  -5.771444e-002  -2.595139e-001  -3.565931e-002  -6.402975e-002  -3.226924e-001  -2.443185e-001  -1.824239e-001  -1.002872e-001  -1.306145e-001  -2.030067e-001  3.407889e-001  1.465896e-001  1.598475e-001  5.277474e-002  2.451148e-001  -9.255613e-002  1.095590e-001  5.502236e-002  6.394296e-002  1.578596e-001  1.735133e-001  1.131781e-001  2.625437e-001  4.316093e-002  -9.807849e-002  2.295911e-001  2.580953e-001  -7.248234e-003  -1.993636e-001  -7.901004e-003  -3.741112e-002  2.950327e-001  1.325611e-001  -1.776455e-001  -3.815532e-002  -1.076827e-001  -1.029710e-001  1.153183e-001  -1.534476e-002  -2.915247e-002  2.878882e-001  -4.460541e-001  5.549467e-002  8.285917e-002  -2.923216e-001  -3.179721e-001  -6.628999e-001  -3.251722e-001  -3.012943e-001  -5.612546e-001  -4.159398e-002  -3.325504e-001  -1.200084e+000  -1.032523e+000  
1
2
9 11 5 10 0 -1
9 16 5 5 0 2
haar_y2
-0.100600  393.739380  64
-3.708677e-001  5.316482e-001  6.921037e-001  2.415264e-001  1.100170e-001  -2.948755e-002  8.781920e-002  6.157757e-002  -2.937134e-001  -3.710099e-001  -2.461022e-001  -9.113608e-002  2.766042e-001  -1.805398e-001  8.176552e-002  7.840480e-002  -1.647101e-001  -1.607879e-001  -1.090136e-001  -1.872310e-001  -3.167179e-001  -2.233737e-002  8.789230e-002  2.223606e-003  5.164914e-002  1.580073e-001  1.259226e-001  2.502246e-001  2.090626e-002  -4.364013e-002  2.065176e-002  1.275907e-001  -1.942242e-002  7.811045e-002  -1.801232e-001  2.115719e-001  6.275225e-002  -1.986519e-001  1.831318e-001  2.635904e-001  5.170634e-002  1.199110e-002  -9.127349e-002  1.447746e-001  1.027323e-001  -1.741308e-001  4.118283e-001  -2.673284e-001  -3.392896e-001  -3.215089e-001  -2.453094e-001  -2.555208e-001  -3.312200e-001  3.108128e-002  -4.796461e-001  1.157684e-001  -4.461988e-001  -3.809573e-001  -1.645729e-001  -6.701604e-001  -9.530753e-001  -1.074300e+000  -8.052192e-001  -1.318140e+000  
1
3
6 2 6 14 0 -1
6 2 3 7 0 2
9 9 3 7 0 2
haar_x2_y2
-0.090336  393.982147  64
2.355629e-001  -1.793845e-001  3.925010e-001  1.099547e-001  -2.344943e-003  2.260380e-001  4.958932e-002  2.106889e-001  4.527958e-002  -3.799957e-002  -1.750624e-001  -4.172047e-001  1.141137e-001  4.612222e-002  4.560070e-002  -2.240622e-001  1.856518e-001  -7.048963e-002  1.804528e-001  2.938296e-002  -3.934081e-002  1.927365e-001  1.635655e-001  1.032227e-002  1.361310e-001  8.212043e-002  1.654197e-001  1.313094e-001  1.953797e-001  1.229148e-001  2.518556e-001  6.310043e-002  -1.029552e-001  -8.698686e-002  7.716809e-002  -2.782699e-001  -8.061095e-002  6.286864e-002  -1.793732e-001  -3.247076e-001  -1.987838e-001  -4.973787e-001  -2.507635e-001  -4.970287e-001  -3.090465e-001  -4.622444e-001  -1.756750e-001  -6.720915e-002  -1.812460e-001  -2.077289e-001  -2.006615e-001  -1.458611e-001  3.532474e-001  8.882131e-002  -2.728274e-001  5.390476e-002  1.001309e+000  1.995677e-001  5.558044e-001  2.505517e-001  8.794914e-001  -5.942043e-002  2.696434e-001  1.003413e-001  
1
2
22 2 2 16 0 -1
18 6 2 8 0 2
tilted_haar_y4
-0.048603  429.846375  64
-3.673787e-001  -4.278249e-002  -1.481764e-001  -1.715647e-001  -1.558608e-001  -1.589942e-002  7.403634e-002  -6.800411e-002  1.084599e-001  -1.515033e-001  -1.778197e-001  -2.803005e-001  1.034152e-001  -2.309235e-002  2.830383e-002  -1.735875e-001  1.634437e-001  8.899630e-002  3.535970e-003  -1.497842e-001  2.287443e-001  -1.572092e-002  7.624780e-002  1.905447e-001  9.991523e-002  -2.310809e-003  1.584556e-001  2.214611e-001  2.242171e-001  2.477934e-001  6.728569e-002  9.702009e-002  1.169815e-001  1.105140e-001  -2.132047e-001  -1.116369e-001  1.195879e-001  1.265150e-001  2.116938e-001  -1.093171e-001  -1.667956e-001  -1.933133e-001  -3.174508e-002  5.669452e-002  1.068517e-001  -2.909028e-001  -6.012494e-002  -2.531468e-001  -5.195451e-001  1.756747e-001  1.107820e-001  -3.849198e-001  3.099092e-002  -9.503672e-002  4.929150e-002  -3.613777e-001  -1.013640e-001  -4.730458e-001  -1.479263e-001  -1.585752e-001  -2.315894e-001  2.518687e-001  -8.008640e-001  -1.498698e+000  
1
2
3 6 17 6 0 -1
3 8 17 2 0 3
haar_y3
-0.051093  349.574188  64
2.625646e-001  3.131405e-001  -7.883934e-002  2.143555e-001  -2.845029e-001  1.316015e-001  -6.848547e-002  5.727287e-001  1.461658e-001  3.614843e-001  2.436493e-001  1.169087e-001  1.089052e-001  -5.044128e-002  1.079327e-001  -1.497578e-001  4.138878e-002  1.786391e-002  -1.685415e-002  2.975387e-002  -1.451286e-001  -2.396685e-001  -5.019475e-002  -1.222762e-001  6.901958e-002  -2.133271e-001  -9.232809e-002  -1.271275e-001  -1.970439e-001  -3.837803e-002  -1.436803e-002  9.474072e-002  -2.823225e-001  5.486614e-003  -1.603899e-001  8.943725e-002  -3.336350e-002  -1.065873e-001  -1.582613e-001  3.379647e-001  5.711486e-001  3.100824e-001  -2.400902e-001  4.656499e-003  3.119140e-001  5.242009e-002  5.704312e-001  2.845985e-001  -1.469447e-001  5.880685e-001  1.294430e+000  -3.524240e-001  5.237968e-001  8.469009e-001  4.634273e-002  7.564731e-001  4.655253e-001  3.767838e-002  5.055837e-001  3.510152e-001  2.962042e-001  4.843539e-001  -5.619917e-002  5.947517e-001  
1
2
17 0 6 15 0 -1
19 0 2 15 0 3
haar_x3
-0.066338  289.039673  64
-3.166384e-001  -8.462543e-001  -2.431988e-001  1.791602e-001  -3.212132e-001  -7.067567e-001  -3.800099e-002  2.769096e-001  -4.966731e-001  -2.740216e-001  -2.845202e-001  -1.120203e-001  8.977386e-002  -4.338400e-001  -8.062811e-002  3.007148e-002  2.363433e-001  1.072922e-001  3.569444e-002  1.408491e-001  1.200613e-001  1.787780e-001  1.973674e-001  -3.440557e-002  1.029940e-001  8.354746e-003  1.908826e-003  -1.694248e-001  5.896511e-002  6.913774e-002  6.792657e-002  9.137617e-002  -1.747594e-001  -8.863647e-003  1.306593e-001  -1.142304e-001  1.838214e-001  -2.228709e-001  -2.972273e-001  -7.494719e-002  -7.775703e-003  1.660644e-001  -1.586043e-001  2.120711e-001  -1.931369e-003  -5.397384e-001  -6.827734e-001  -7.563931e-001  1.535788e-001  -7.772753e-001  -2.530587e-001  2.537299e-001  -1.197871e-001  -1.019718e+000  -1.246094e+000  -4.036885e-001  -6.999473e-001  -1.230270e-001  -8.601767e-001  -2.255439e-001  -6.272385e-002  -2.182215e-001  1.545392e-001  -1.990566e-001  
1
2
20 0 4 22 0 -1
21 0 2 22 0 2
haar_x4
-0.077505  346.878143  64
-1.723008e-001  5.514082e-001  -2.562920e-001  -9.432092e-002  4.598641e-001  7.180399e-001  -9.190618e-003  2.957132e-001  4.001639e-001  4.632360e-002  3.126285e-001  6.625296e-001  -1.248510e-001  -1.569048e-002  7.535005e-001  -1.309196e-001  1.156191e-001  -9.040937e-002  7.363874e-002  1.536002e-001  -8.563055e-003  4.346024e-002  5.423611e-002  -7.524534e-002  -2.222077e-001  -1.935698e-001  -2.318527e-001  -1.623665e-001  -1.669689e-001  -5.461786e-002  8.179107e-002  1.032872e-001  3.096599e-002  1.209543e-002  8.004334e-002  2.306726e-001  2.089019e-001  2.913781e-001  4.894066e-001  2.892435e-001  9.178352e-002  1.085177e-001  5.694258e-001  -1.277164e-001  6.767266e-001  1.102915e-001  -4.945937e-001  1.941708e-001  2.412718e-001  -3.047728e-002  -8.245115e-001  3.370082e-002  2.995712e-001  4.431012e-001  -2.111848e-002  -2.252651e-001  5.641736e-001  5.076645e-001  8.789170e-002  -3.028219e-001  6.394445e-001  -1.174717e-001  6.156408e-002  9.716838e-004  
1
2
12 3 8 6 0 -1
16 3 4 6 0 2
haar_x2
-0.075167  393.801239  64
-3.712882e-001  -2.785287e-001  2.355841e-001  2.252560e-001  -1.978259e-001  1.305283e-001  2.126989e-001  5.122968e-002  1.617635e-002  1.117837e-001  -1.500752e-001  -6.384378e-002  4.732380e-002  1.297271e-002  1.064035e-001  1.721094e-001  1.482115e-001  -7.466472e-002  1.897473e-001  6.400448e-002  1.137046e-001  1.048972e-001  4.804319e-002  1.505170e-001  1.172117e-001  1.212120e-001  6.427182e-002  9.003975e-003  -1.910359e-001  4.703548e-002  5.282816e-002  -1.243201e-001  -2.532844e-001  -3.425251e-001  9.714575e-002  -4.596810e-001  -3.671104e-001  -4.137760e-001  -3.562821e-001  -3.277529e-001  3.314156e-003  -2.820224e-001  -2.221325e-001  8.717864e-002  1.837148e-001  1.582433e-002  2.638417e-001  1.832748e-001  -3.386295e-001  -1.670038e-001  3.404563e-001  -3.186419e-001  4.737485e-001  5.020803e-001  3.683157e-001  5.288886e-001  1.168638e-001  2.537517e-001  1.725338e-001  6.210199e-001  6.105849e-001  6.068771e-001  7.522807e-003  2.011675e-001  
1
2
13 6 7 10 0 -1
13 6 7 5 0 2
tilted_haar_y2
-0.127414  171.235855  64
6.147936e-001  -4.850894e-002  5.820118e-001  4.365408e-001  1.774262e-001  -7.583890e-001  -1.926781e-001  -2.290563e-001  -3.215114e-001  -4.870530e-001  1.609891e-001  4.426301e-002  -6.833296e-002  7.893999e-002  -5.999808e-002  1.585048e-001  2.527782e-001  -3.875255e-002  2.763422e-001  3.071482e-002  -6.640735e-002  1.782553e-001  4.883777e-002  -2.374915e-002  1.476533e-001  -1.050021e-001  -7.280027e-002  -1.627191e-001  -4.058999e-001  9.005660e-002  -1.191096e-001  -1.698011e-001  -1.310790e-001  -2.055975e-001  -1.473168e-001  -2.763048e-001  3.645746e-002  -2.273812e-001  1.579770e-002  2.371888e-001  1.439411e-001  5.554295e-002  5.907893e-002  -2.595760e-002  1.772893e-001  4.419121e-002  1.105461e-002  9.753877e-002  1.914543e-002  6.654913e-002  3.306314e-001  2.728903e-001  2.405222e-001  1.366765e-001  2.596468e-002  2.204191e-001  2.935111e-001  5.639429e-002  -9.056773e-002  -8.408524e-001  -5.366527e-001  -7.795548e-001  -2.200521e-002  -3.001047e-001  
1
2
0 0 24 8 0 -1
6 0 12 8 0 2
haar_x4
-0.243589  104.310074  64
9.989610e-002  2.365750e-001  -5.863744e-002  5.207204e-001  9.448490e-002  2.971653e-001  5.573773e-001  2.347765e-001  7.109711e-001  -4.405608e-002  2.309021e-001  1.030652e-001  1.531838e-001  1.507899e-001  1.246840e-002  -9.764442e-002  -2.197855e-002  -1.511792e-001  6.280440e-002  -6.191902e-002  -6.073026e-002  -4.029339e-001  -5.557759e-002  -4.755126e-002  -1.290087e-001  -7.776797e-002  -2.721898e-001  -1.089173e-001  -8.494148e-003  -1.491200e-001  -1.243238e-001  -3.014842e-001  -1.552698e-001  -9.441166e-002  -1.040135e-001  1.857713e-001  -2.256429e-002  4.591482e-002  2.299488e-001  2.046622e-001  1.723225e-001  -4.066125e-002  2.875583e-001  2.199340e-001  1.899426e-001  3.350532e-002  7.972028e-002  1.690745e-001  5.257749e-001  7.501405e-002  3.457754e-001  4.730274e-001  3.978836e-001  2.894012e-001  5.042664e-001  1.172317e-002  6.198314e-001  4.239259e-001  1.073192e-001  8.253055e-001  5.780107e-001  4.942257e-001  3.893369e-001  4.006613e-001  
1
3
1 15 10 8 0 -1
1 15 5 4 0 2
6 19 5 4 0 2
haar_x2_y2
-0.085301  332.498901  64
2.602398e-001  4.212867e-001  -1.941540e-001  3.022179e-001  5.722562e-001  2.263863e-001  7.387953e-002  2.297700e-001  5.311961e-001  3.672765e-001  -1.186655e-001  1.903461e-001  1.005088e-001  1.229149e-001  1.045670e-001  3.615714e-001  -1.351453e-001  -8.611712e-002  2.607581e-002  3.872839e-002  -3.246733e-001  -2.663811e-003  -1.105682e-001  -5.283096e-002  -1.326689e-001  -1.356913e-001  2.996168e-002  -3.295814e-001  -2.075216e-001  -1.164206e-001  -1.412675e-001  -6.454249e-002  -1.774227e-001  -8.579642e-002  -1.360839e-001  -4.031873e-002  3.073845e-001  5.186938e-002  2.414572e-001  1.003003e-001  3.116667e-001  2.650630e-001  2.434211e-001  1.812056e-001  1.579417e-001  6.546667e-001  -9.129131e-002  3.594886e-001  1.977194e-001  2.294280e-002  1.313733e-002  3.894010e-001  2.896962e-001  2.260803e-001  4.180612e-001  2.612959e-001  3.483276e-001  -8.278323e-002  3.111971e-001  -2.857064e-001  -4.536191e-001  -8.879899e-001  2.268135e-001  -1.130840e-001  
1
2
4 0 16 8 0 -1
4 4 16 4 0 2
haar_y2
-0.229968  155.868729  64
-1.764357e-001  1.285299e-001  4.875432e-001  9.255361e-002  -5.158497e-001  3.088930e-001  5.512680e-001  6.296662e-001  3.096595e-001  2.067234e-001  1.224617e-001  2.742281e-001  1.854725e-001  -9.074766e-003  1.490145e-001  -1.530505e-002  4.715265e-002  4.583881e-001  1.060219e-001  1.373702e-001  7.212699e-002  -2.189292e-002  -1.367238e-001  9.120034e-002  1.855939e-002  7.674272e-002  1.792884e-001  -4.719152e-002  2.465447e-002  8.846693e-002  -1.518081e-001  -1.423671e-002  -1.889384e-001  -1.610783e-001  -2.263144e-001  -3.268565e-001  -2.671328e-001  -1.045313e-001  -2.005947e-001  -1.022513e-001  -3.518076e-001  -4.975494e-002  -1.161306e-001  -1.123678e-001  2.253664e-001  -1.200258e-001  6.255064e-002  1.183527e-001  -1.111206e-001  -1.417412e-001  -2.316744e-001  2.918677e-001  5.022999e-001  2.216934e-001  -2.894587e-001  7.795907e-001  4.921830e-001  -9.235659e-002  -5.783785e-001  7.255008e-001  3.128637e-001  8.212069e-002  7.492630e-001  4.107389e-001  
1
2
3 17 12 4 0 -1
3 19 12 2 0 2
haar_y2
-0.067309  473.395874  64
7.945457e-002  -4.095501e-001  6.901603e-001  6.337734e-001  -4.678613e-003  -1.015600e-001  4.421471e-001  -3.117585e-001  2.946247e-001  4.452706e-001  5.582912e-001  5.047965e-001  1.352474e-001  -3.444560e-001  2.569657e-001  3.195940e-002  1.886504e-001  5.749479e-001  1.534560e-001  -7.894047e-002  1.003231e-001  -3.498381e-002  2.122119e-002  5.345741e-002  -1.591361e-001  -7.338653e-002  -7.141522e-002  -9.617442e-003  -1.949906e-001  -1.078027e-001  -1.292772e-001  -8.456389e-002  -1.678062e-001  -1.661224e-001  -7.905373e-002  9.603857e-002  8.626206e-002  1.990139e-001  2.204029e-001  1.555737e-001  3.263761e-001  1.923130e-001  1.871403e-001  9.667795e-002  -2.988884e-002  -1.021783e-001  1.222760e-001  -7.420282e-002  -2.256713e-002  -3.175564e-001  -4.307425e-001  -5.127921e-001  -6.565025e-001  -1.849365e-001  2.174678e-001  -3.771343e-001  -6.420416e-001  -9.575937e-001  2.596948e-001  -5.502481e-001  -2.768296e-001  -3.406140e-001  1.392863e-001  -5.191366e-001  
1
2
1 16 19 3 0 -1
1 17 19 1 0 3
haar_y3
-0.068746  487.550201  64
6.185523e-001  4.285904e-001  1.865533e-001  4.256683e-001  3.070734e-001  5.377346e-001  5.402246e-001  6.872807e-001  3.276536e-001  7.306491e-001  7.910334e-001  5.211294e-001  1.303166e-002  3.273346e-001  7.434357e-002  3.712349e-001  -1.913764e-001  6.575078e-001  3.249617e-001  3.884152e-001  1.899682e-001  -9.104865e-002  4.349953e-001  1.161695e-001  -1.124149e-002  3.293224e-001  -6.028051e-002  1.077245e-001  -1.555932e-001  1.424822e-002  -2.079069e-001  -6.044962e-002  -9.780650e-002  -2.274782e-001  -5.393888e-002  -1.431427e-002  -2.440810e-004  1.548373e-002  2.090305e-001  1.414890e-001  -4.476282e-002  1.202170e-001  1.564148e-001  2.205474e-002  5.226010e-001  -1.379452e-001  8.711720e-002  1.311897e-001  -1.382354e-001  3.009524e-001  2.870969e-001  -4.989789e-001  2.322623e-001  1.856728e-001  -4.065621e-001  -6.444101e-001  5.862585e-002  2.141628e-001  -7.903783e-001  5.693251e-001  -1.109920e-001  9.314977e-002  1.183366e-002  -9.824288e-001  
1
2
4 1 14 16 0 -1
4 5 14 8 0 2
haar_y4
-0.150190  174.619965  64
2.851540e-001  -1.013912e-002  8.809605e-001  -3.113181e-001  -8.048489e-001  -9.747359e-002  -2.054626e-001  -1.050425e-001  8.314089e-002  -2.635700e-001  -2.953291e-001  -3.183504e-001  -1.862182e-001  -9.621929e-002  -6.831017e-002  -3.504424e-001  -1.031060e-001  -2.179807e-001  -7.073071e-002  -1.822233e-001  7.867723e-002  1.591573e-002  -7.759024e-003  7.283545e-002  -2.498974e-002  9.355816e-002  2.271348e-001  9.439874e-002  3.073506e-002  2.134127e-001  1.452611e-001  1.775976e-001  1.452053e-001  1.222025e-001  2.193516e-001  2.806314e-001  -7.423466e-002  -1.675407e-002  -1.316433e-001  -8.072123e-002  -7.807603e-002  -1.186365e-001  -2.446498e-001  3.589453e-002  2.575104e-001  -1.465655e-001  -1.233727e-001  -3.284170e-001  -1.909211e-001  -2.332584e-001  -6.394671e-001  -1.061907e-001  -6.818835e-002  -7.022821e-001  -2.158701e-001  -1.952758e-001  -3.372467e-001  -4.246210e-001  -2.217668e-001  2.144896e-001  1.899763e-001  -9.624220e-002  -7.740854e-001  -1.123581e-001  
1
3
1 8 12 6 0 -1
1 8 6 3 0 2
7 11 6 3 0 2
haar_x2_y2
-0.048609  675.772400  64
-7.256399e-001  -5.981399e-001  -4.145488e-001  -1.868924e-001  -5.286713e-001  9.374754e-002  4.870331e-002  -2.856114e-001  8.179408e-004  -2.680992e-001  -1.277903e-001  -1.661678e-001  -2.415611e-001  -7.618283e-002  -2.131470e-001  2.264576e-002  1.785757e-001  -2.644481e-001  -9.186306e-002  -3.039689e-002  1.358293e-001  -4.803487e-002  2.720960e-002  1.429038e-001  1.633086e-002  -1.466550e-001  1.320078e-001  9.698052e-002  3.810481e-001  -3.854771e-002  3.226059e-001  -5.024398e-002  1.210439e-002  5.000843e-002  1.987838e-001  3.102039e-002  1.697784e-001  4.816202e-002  1.253589e-001  1.295997e-001  -5.006172e-002  -5.815653e-002  -7.543767e-002  -1.138874e-001  -8.848041e-002  -2.360831e-001  7.430334e-002  -1.350919e-001  6.699068e-003  -3.744524e-001  -2.054247e-001  1.125651e-001  1.745654e-001  -1.263089e-002  2.168201e-001  -6.660962e-002  -4.718444e-001  -3.744789e-001  -1.048316e-001  2.776823e-002  5.658239e-001  -7.203944e-001  -7.601746e-001  -4.654504e-001  
1
3
1 4 6 14 0 -1
1 4 3 7 0 2
4 11 3 7 0 2
haar_x2_y2
-0.069855  355.787231  64
5.121015e-002  -3.727358e-001  3.523014e-001  2.158927e-001  -1.142811e-001  4.489752e-002  2.636883e-001  2.445454e-001  2.518891e-001  3.567587e-001  6.311505e-002  1.836367e-001  -3.759926e-003  2.465737e-001  6.279389e-002  3.528748e-002  -2.117894e-001  2.076899e-002  2.329757e-001  -2.674226e-002  -3.532473e-001  -3.168434e-001  -4.179603e-001  -2.019260e-001  -1.155323e-001  -1.248673e-001  -1.900471e-001  -1.277899e-001  -1.750309e-001  -8.981723e-002  -8.662234e-002  1.103087e-001  1.395210e-001  1.460677e-001  -1.472035e-002  1.397594e-001  -4.148905e-002  1.267334e-001  2.263257e-001  6.908146e-002  1.735472e-001  1.224020e-001  1.686586e-001  2.418623e-001  2.837279e-001  9.808455e-002  -8.098339e-002  1.294299e-001  3.557038e-001  1.651374e-001  -1.037019e-001  2.362006e-001  4.344901e-001  4.005585e-001  -2.137125e-002  4.834222e-001  2.217394e-001  6.990291e-001  6.718453e-001  2.525662e-001  -2.770894e-001  4.933361e-001  7.767711e-001  1.136736e-001  
1
2
4 7 14 3 0 -1
11 7 7 3 0 2
haar_x2
-0.052702  405.960815  64
3.377242e-002  -1.709180e-001  2.225644e-001  1.535689e-001  -5.020451e-001  -1.626991e-001  -2.628981e-001  -3.107935e-001  1.553920e-001  2.077356e-001  3.273477e-003  1.780504e-001  3.577524e-001  2.539549e-001  1.093089e-001  2.286490e-001  3.989300e-001  -1.490052e-002  1.790482e-001  -1.337143e-001  5.436765e-002  -2.074822e-001  4.145774e-002  -1.983441e-001  -4.787919e-002  -2.187386e-001  -2.396918e-001  6.160418e-002  -3.570546e-002  -1.349965e-001  -1.045113e-002  -2.858269e-002  -1.329865e-001  2.649808e-002  -1.102909e-002  -7.688171e-002  -1.662453e-001  -4.762531e-002  4.328896e-002  -1.557566e-001  -4.578930e-002  -6.583557e-002  2.619203e-001  -8.616322e-002  1.495740e-001  4.043539e-001  -3.630605e-002  -1.259100e-001  5.680361e-001  1.251268e-001  1.659062e-001  -1.302057e-001  4.921812e-001  8.314503e-002  7.372351e-001  7.763873e-001  5.436954e-001  2.496157e-001  8.684558e-001  1.461868e-001  9.186416e-001  1.476384e-001  8.627801e-002  5.211686e-002  
1
2
4 0 18 2 0 -1
13 0 9 2 0 2
haar_x2
-0.078772  354.002747  64
7.224448e-003  1.572827e-001  -1.540953e-001  -4.066815e-001  3.047842e-001  1.757476e-001  2.775098e-001  2.899561e-001  -6.010430e-002  2.323972e-002  -2.123000e-001  3.559949e-001  -3.906524e-004  5.426366e-001  1.003533e-001  1.897966e-001  1.484454e-002  3.099927e-002  -3.763673e-002  -1.249612e-002  -1.430992e-001  -7.875019e-002  -2.012777e-001  -1.201242e-001  -7.416237e-002  -9.235974e-002  -1.582909e-001  1.033905e-003  -2.294720e-001  -2.008221e-001  -1.691072e-001  -5.920553e-002  -1.158565e-003  -3.985540e-002  9.008656e-002  -4.383035e-002  3.908450e-002  1.835906e-001  3.863044e-001  2.776464e-001  2.276235e-001  2.980744e-001  2.105875e-001  3.570607e-001  4.749534e-002  -1.291927e-001  5.575151e-002  -2.809811e-001  -4.583650e-001  -2.111356e-002  5.069516e-003  8.585978e-002  -4.582872e-001  -1.228495e-001  -2.330277e-001  -6.655917e-002  5.738212e-002  7.827243e-001  8.042390e-002  -1.644703e-001  -1.611337e-001  -1.115718e-001  -4.118892e-001  -3.109880e-001  
1
2
2 2 19 2 0 -1
2 3 19 1 0 2
haar_y2
-0.058858  586.566162  64
-8.493825e-002  8.929694e-001  3.373969e-001  2.743608e-001  3.633995e-001  4.474873e-001  2.312351e-001  4.810562e-001  2.103612e-001  -2.864584e-001  8.545801e-002  5.347995e-001  -9.424326e-002  1.888922e-001  1.662372e-001  4.945380e-001  3.036520e-001  4.549355e-001  2.334812e-001  3.757657e-001  8.801387e-002  -1.791001e-001  -4.632685e-002  -1.421632e-001  8.265919e-002  -6.519464e-002  -1.190498e-001  -1.790304e-001  -1.810669e-001  -1.143607e-001  -1.655016e-001  -1.492797e-001  -5.420586e-002  -1.057342e-001  2.803864e-002  5.403259e-002  -5.367129e-002  1.305575e-001  -1.809005e-002  5.026940e-002  1.816467e-002  2.743771e-001  1.667854e-001  -9.475727e-002  1.114697e-001  1.694753e-001  5.788558e-001  6.774951e-001  3.617392e-001  3.208726e-001  4.925514e-001  9.013739e-001  2.627491e-002  4.847476e-001  2.159865e-001  -1.452283e-001  1.094452e+000  4.714048e-001  7.452735e-001  6.098191e-001  -1.627995e-001  4.503761e-001  -4.415372e-001  2.146680e-001  
1
2
0 0 24 3 0 -1
0 1 24 1 0 3
haar_y3
-0.044785  541.248779  64
-4.007012e-001  -3.713867e-002  -2.721567e-001  1.326116e-002  -3.957480e-001  -5.882098e-001  -1.639231e-001  1.811985e-001  -6.750489e-001  -2.928740e-001  -7.530825e-002  -5.714555e-001  -2.507200e-001  -5.385519e-001  -3.975479e-001  -1.781137e-001  -7.087118e-002  -1.376608e-001  -1.078464e-001  -1.862702e-002  6.422412e-002  -1.241413e-001  6.066728e-002  -9.071235e-002  3.849069e-002  6.307932e-002  6.718294e-002  1.069120e-001  6.170788e-002  1.857599e-001  7.180501e-003  8.012967e-002  2.041424e-001  1.905437e-001  2.541900e-001  5.666317e-002  1.192948e-001  4.031204e-001  2.761653e-001  4.981950e-001  1.839975e-001  -1.661010e-001  -4.052760e-001  3.661112e-001  -3.627326e-001  -8.560601e-002  -1.104204e-001  -1.911991e-001  3.512577e-001  -3.133585e-001  -3.930986e-001  -1.156808e-001  -8.695900e-001  -3.399683e-001  -1.988075e-001  -7.386504e-001  1.153380e-001  4.491559e-001  7.078732e-001  3.303538e-001  -5.009415e-001  -6.917956e-001  -4.514601e-002  -7.995344e-001  
-1.990776 
