4 
1
2
7 5 11 6 0 -1
7 8 11 3 0 2
haar_y2
-0.081521  310.286926  64
-2.313822e+000  -1.212299e+000  -1.328766e+000  -1.312402e+000  -1.478565e+000  -1.452973e+000  -1.483314e+000  -1.526905e+000  -1.468869e+000  -1.488353e+000  -1.513580e+000  -1.742676e+000  -1.741421e+000  -1.637768e+000  -1.714106e+000  -1.850526e+000  -1.768575e+000  -1.840296e+000  -1.726323e+000  -1.762982e+000  -1.734764e+000  -1.590537e+000  -1.430891e+000  -1.312871e+000  -1.366846e+000  -1.264315e+000  -8.916060e-001  -6.276588e-001  -4.054258e-001  -1.490573e-001  3.730768e-003  8.810923e-002  2.393060e-001  4.224624e-001  5.409777e-001  5.909664e-001  7.534174e-001  7.414098e-001  9.177269e-001  8.621862e-001  9.924636e-001  1.028948e+000  9.977636e-001  9.561304e-001  1.112283e+000  1.098935e+000  9.773951e-001  8.649477e-001  8.844441e-001  8.922487e-001  9.382958e-001  9.925565e-001  8.132323e-001  7.802539e-001  5.644416e-001  5.612589e-001  4.375244e-001  6.174715e-001  6.254203e-001  2.187052e-001  -1.802032e-002  -4.303883e-002  -2.099360e-001  -7.534493e-001  
1
2
8 0 9 12 0 -1
11 0 3 12 0 3
haar_x3
-0.095087  214.737366  64
-2.277382e+000  -1.281207e+000  -1.386360e+000  -1.468280e+000  -1.293309e+000  -1.595433e+000  -1.436274e+000  -1.474864e+000  -1.352556e+000  -1.361737e+000  -8.199700e-001  -1.229555e+000  -1.024013e+000  -1.114084e+000  -1.291387e+000  -1.026511e+000  -1.066161e+000  -1.150700e+000  -1.055593e+000  -9.510011e-001  -1.147351e+000  -7.732627e-001  -4.501138e-001  -1.663708e-001  -1.830776e-002  8.649224e-002  3.730738e-001  4.650238e-001  4.481373e-001  7.261159e-001  8.118345e-001  7.801969e-001  7.882339e-001  7.150332e-001  7.468772e-001  9.195662e-001  8.030686e-001  9.363130e-001  9.847022e-001  8.780977e-001  1.250331e+000  7.693744e-001  8.498334e-001  1.060454e+000  1.008640e+000  1.019305e+000  9.570180e-001  1.275005e+000  1.113980e+000  1.260359e+000  9.839589e-001  1.097087e+000  9.938768e-001  7.016640e-001  9.179237e-001  9.011312e-001  7.280002e-001  8.758909e-001  2.914030e-001  3.043202e-001  6.036450e-001  2.016411e-001  5.439890e-001  4.609537e-001  
1
2
16 4 8 15 0 -1
18 4 4 15 0 2
haar_x4
-0.098246  217.192032  64
-9.890165e-001  -9.353534e-001  -1.760438e-001  -6.767129e-001  -5.506291e-001  -1.495713e-001  -6.827173e-001  -9.213017e-001  -5.882542e-001  -8.653542e-001  -7.151050e-001  -4.588804e-001  -6.054714e-001  -4.115341e-001  -5.756302e-001  -4.067174e-001  -5.071539e-001  -4.758691e-001  -7.360050e-001  -5.736987e-001  -7.762622e-001  -9.479554e-001  -5.322397e-001  -2.671558e-001  -1.024594e-002  1.261587e-001  3.640338e-001  4.525058e-001  5.662934e-001  5.134465e-001  7.311910e-001  6.813396e-001  7.903706e-001  9.796898e-001  7.638907e-001  1.000203e+000  8.744317e-001  9.825098e-001  7.196350e-001  5.407187e-001  9.981518e-001  1.039816e+000  1.118659e+000  1.088944e+000  9.595585e-001  6.741240e-001  1.124634e+000  1.342116e+000  1.508251e+000  9.494843e-001  5.814624e-001  8.319569e-001  1.226711e+000  8.555960e-001  8.450274e-001  6.281016e-001  9.660746e-001  3.920608e-001  2.814058e-001  2.911308e-001  4.576868e-001  3.934204e-001  3.190929e-002  -4.339489e-001  
1
2
6 2 9 18 0 -1
6 11 9 9 0 2
haar_y2
-0.260806  114.952789  64
-1.895719e+000  -1.198325e+000  -1.184474e+000  -1.530896e+000  -1.466842e+000  -8.587186e-001  -8.250939e-001  -1.370594e+000  -1.164973e+000  -8.163483e-001  -4.262058e-001  -6.910771e-001  -5.315186e-001  -5.889269e-001  -3.271999e-001  7.721478e-002  1.042857e-001  2.890203e-001  6.461300e-001  3.205858e-001  1.815528e-001  4.268594e-001  4.581510e-001  4.635846e-001  5.651291e-001  4.759337e-001  3.995229e-001  2.418997e-001  3.531835e-001  4.475082e-001  3.890418e-001  3.642477e-001  3.120969e-001  3.469309e-001  8.331570e-002  2.343263e-002  9.947493e-002  -1.346176e-001  -2.490103e-001  -3.074873e-001  -4.479950e-001  -6.140419e-001  -9.010363e-001  -8.106816e-001  -1.106787e+000  -1.160969e+000  -1.018460e+000  -1.397403e+000  -1.601056e+000  -1.776601e+000  -1.731675e+000  -1.706223e+000  -1.959261e+000  -2.084590e+000  -1.850194e+000  -1.515397e+000  -1.715719e+000  -1.446479e+000  -1.516789e+000  -1.786348e+000  -1.474670e+000  -1.517948e+000  -1.297806e+000  -1.912737e+000  
-2.103577 
