32 
0
1
2
0 9 19 4 0 -1
0 11 19 2 0 2
haar_y2
-0.061922  390.146393  64
-6.157184e-001  1.982435e-001  -2.605963e-001  -2.770351e-001  2.616030e-001  -6.659933e-001  -1.953082e-001  -3.106903e-001  -3.956865e-001  -5.436437e-001  -2.912363e-001  -4.984321e-001  -5.980939e-001  -6.250955e-001  -3.546227e-001  -1.606348e-001  -3.506175e-001  -7.295821e-001  -5.591506e-001  -5.030389e-001  -6.286327e-001  -4.760973e-001  -7.528361e-001  -6.513373e-001  -5.737864e-001  -5.113515e-001  -5.934501e-001  -5.086465e-001  -3.994074e-001  -4.754805e-001  -4.672045e-001  -7.694138e-001  -3.913081e-001  -8.034995e-001  -4.517142e-001  -7.576311e-001  -5.440134e-001  -4.711660e-001  -5.671496e-001  -3.548505e-001  -2.279080e-001  -4.349982e-001  -3.981065e-001  -5.026031e-001  -3.554128e-001  -2.639210e-001  -4.258876e-001  -4.142530e-001  -2.839656e-001  -3.056978e-001  -2.193424e-001  -6.162055e-001  -4.858700e-001  -4.196790e-001  -5.190322e-001  -3.197886e-001  -1.192519e+000  -3.571163e-001  5.687537e-002  -2.412763e+000  -1.039929e-001  -5.084801e-003  -2.748294e+000  -1.405365e+000  
0
1
2
6 15 9 9 0 -1
9 15 3 9 0 3
haar_x3
-0.078763  370.945953  64
-6.751921e-001  -1.466974e-001  -6.491750e-003  -5.964099e-001  -5.674621e-001  1.971313e-001  2.397147e-001  -1.143513e-001  -5.404041e-001  1.308053e-001  -1.917348e-002  2.168681e-001  -1.920724e-001  4.131256e-002  -3.318832e-001  -4.616154e-002  2.874890e-001  7.853711e-002  7.598690e-002  -1.019806e-002  1.929998e-001  7.590067e-002  1.620830e-001  -1.890358e-001  -4.095710e-002  2.118896e-001  2.407210e-001  5.971471e-002  -6.711695e-002  8.112262e-002  3.086735e-003  2.495057e-001  4.749723e-002  8.004009e-002  -2.174554e-002  -2.630874e-001  1.040466e-001  1.394969e-001  1.557659e-001  -1.641926e-002  1.017291e-001  1.984091e-001  -4.279758e-001  1.395852e-001  8.062442e-002  1.138010e-001  5.223757e-002  -2.110491e-001  -2.695289e-002  2.564575e-001  -2.971387e-001  1.022755e-001  1.550459e-002  1.179663e-001  -4.366122e-001  -9.259555e-001  -3.505698e-001  1.946780e-001  1.302880e-001  -2.994114e-001  -2.125268e-001  -3.400015e-001  -7.468764e-001  -3.421228e-001  
0
1
2
7 1 9 3 0 -1
6 2 9 1 0 3
tilted_haar_y3
-0.032910  916.163147  64
-5.032338e-001  -3.650257e-001  2.005945e-001  1.000164e-001  -7.585601e-001  1.388955e-001  -7.178739e-001  -1.656104e-002  1.581496e-001  2.145193e-001  7.347837e-002  -1.509820e-001  4.574078e-001  1.202888e-001  1.568707e-001  -8.597011e-003  2.031565e-001  2.678541e-001  -7.712857e-002  -3.355241e-001  1.462977e-001  -4.405181e-002  -1.499550e-001  -4.809209e-002  3.112337e-001  8.086248e-002  2.124422e-001  -6.610068e-002  -8.436586e-002  -1.378402e-002  1.313959e-001  -3.807090e-002  1.341912e-001  -7.203403e-002  -1.906634e-001  1.543560e-001  -4.663618e-002  -7.514135e-002  -5.693008e-002  7.080341e-002  2.655806e-001  9.898608e-002  8.221025e-002  1.215447e-001  2.369812e-001  -2.645368e-001  1.312331e-001  -1.461022e-001  2.089610e-001  2.703365e-001  -7.051427e-002  2.062935e-001  2.739877e-001  2.760721e-001  9.290838e-002  6.854169e-002  1.465438e-002  -6.200339e-002  -3.601948e-001  -5.835884e-002  4.178501e-001  1.721827e-001  -7.921638e-001  -5.015813e-001  
0
1
2
7 7 8 7 0 -1
11 7 4 7 0 2
haar_x2
-0.062405  390.886963  64
4.860930e-001  3.837861e-001  -1.134602e-001  9.773411e-002  2.972060e-001  4.164028e-001  3.489768e-001  2.597979e-001  4.104645e-001  6.422212e-002  1.348952e-001  -1.724833e-001  -2.004918e-001  1.507584e-001  3.683219e-001  -2.289264e-002  -2.512102e-001  -1.589792e-001  -1.793541e-001  8.945359e-002  -9.289834e-002  -1.229365e-001  1.050727e-002  -2.777706e-002  1.015438e-001  -3.429799e-002  5.801432e-002  1.266238e-001  3.030620e-002  -1.316493e-001  9.507458e-002  -1.952532e-001  8.851191e-002  -4.112911e-002  -1.324434e-001  2.868173e-002  7.377113e-002  -9.955850e-003  -1.842756e-001  -2.150104e-002  -2.190649e-001  -8.660760e-002  1.665070e-001  2.288427e-001  9.927206e-002  1.926020e-001  9.400374e-002  3.884752e-001  8.824984e-003  6.397920e-002  1.251455e-002  6.496415e-001  -1.143041e-001  6.149337e-001  1.780926e-001  4.818807e-003  3.389492e-001  3.334202e-001  5.580248e-002  -3.574859e-001  2.705666e-001  -2.815755e-001  -6.722197e-002  -9.177550e-001  
0
1
2
3 2 9 20 0 -1
3 7 9 10 0 2
haar_y4
-0.082388  217.938477  64
-4.736074e-001  -3.739439e-001  1.625286e-001  -3.697675e-002  -4.717468e-002  4.899803e-002  -2.878529e-001  1.661753e-001  -2.929152e-001  -3.445162e-001  1.072521e-002  -7.804774e-002  -1.084743e-001  -2.053908e-001  -6.161341e-002  -5.570271e-003  -1.256558e-001  4.567584e-002  -1.630383e-001  1.679636e-001  1.295495e-001  1.216037e-001  -9.373056e-003  1.280928e-001  -1.763279e-001  -1.728060e-001  6.650899e-003  -3.697406e-002  -7.419553e-002  1.479945e-001  1.343597e-001  9.301751e-002  3.074012e-001  8.621527e-004  1.165280e-001  9.992338e-002  1.094010e-001  2.297597e-001  1.221859e-001  1.461851e-001  7.320000e-002  2.059118e-001  2.608359e-001  3.937431e-002  -7.712631e-002  -4.669295e-002  2.740356e-001  1.417660e-001  -3.338519e-001  -6.893462e-003  -2.746159e-001  1.769358e-001  1.150096e-001  -7.873673e-002  -6.806988e-002  1.189334e-001  -2.299311e-001  2.662216e-001  8.766386e-002  -5.635903e-002  6.197923e-002  -5.307401e-001  -1.092786e-002  -4.591740e-001  
0
1
2
8 1 12 7 0 -1
12 1 4 7 0 3
haar_x3
-0.094207  277.468140  64
3.596540e-001  4.420962e-001  7.808316e-001  -1.038608e-001  3.132478e-001  2.444678e-001  -4.962245e-002  -3.509302e-001  -4.244014e-001  -1.525465e-001  1.028495e-001  -3.159428e-001  4.273193e-002  -3.600491e-001  -2.119375e-001  8.106500e-002  -9.313884e-002  -3.994124e-001  -1.775109e-001  1.401444e-001  7.121919e-003  -1.678807e-001  -2.329667e-001  7.580116e-002  -1.574556e-001  -6.225348e-002  1.582854e-002  -9.298821e-002  1.238480e-003  -1.259379e-001  -4.383890e-002  -5.245025e-002  -8.420656e-002  1.228255e-001  1.064238e-001  -9.063742e-002  2.318692e-001  2.415843e-001  8.077642e-002  -7.648912e-002  1.396524e-001  -6.328947e-002  -5.768822e-002  5.090274e-002  1.251862e-001  2.799952e-001  7.868675e-002  2.246546e-001  1.276927e-001  -3.320739e-001  2.768106e-002  -3.329486e-001  2.316838e-001  -2.425134e-002  3.545248e-001  -8.011450e-002  -1.266873e-002  1.624825e-001  3.177103e-001  -2.098059e-001  -2.429399e-001  -6.600864e-002  5.406303e-001  1.440874e-001  
0
1
2
7 10 12 12 0 -1
7 13 12 6 0 2
haar_y4
-0.132179  278.753418  64
1.930740e-001  -4.120055e-001  -1.651447e-001  3.097453e-001  5.536889e-001  3.855751e-001  2.458303e-001  2.219798e-001  -1.658740e-001  -2.179678e-001  2.182272e-001  -4.105368e-001  1.371542e-001  6.358749e-002  2.159850e-001  -5.780168e-002  3.661519e-002  -6.860316e-002  4.340565e-002  -1.426127e-001  -3.808540e-002  -2.664981e-001  8.440628e-002  -1.329267e-001  -2.303175e-003  -9.877370e-002  3.262053e-002  4.775154e-002  -5.114460e-002  8.499710e-002  -8.908422e-002  4.695246e-002  6.478275e-002  -3.428816e-002  1.694660e-001  1.063292e-001  2.707110e-001  7.742307e-002  -2.820045e-002  8.005969e-002  8.950935e-003  2.407608e-001  4.843699e-002  1.236676e-001  -7.405440e-002  3.849114e-002  -3.446978e-001  -2.284378e-001  1.581072e-001  -7.785986e-002  -1.390252e-001  -4.245692e-001  -1.817781e-001  -3.168719e-001  -4.436320e-001  3.838075e-002  1.142544e-001  1.354336e-001  -4.972185e-001  1.022312e-001  -4.735973e-001  -4.160466e-001  -3.165426e-001  -4.950545e-001  
0
1
2
0 10 9 12 0 -1
0 16 9 6 0 2
haar_y2
-0.197480  180.645828  64
1.983038e-001  -1.645231e-001  3.171550e-001  -1.417033e-001  1.426533e-001  -4.695248e-002  5.090672e-002  -3.980392e-001  -1.311711e-002  6.425840e-002  3.318529e-001  -1.915254e-001  7.572350e-002  2.845896e-001  -2.794577e-001  1.385693e-001  2.242673e-001  -2.472780e-002  -7.637575e-002  -5.794164e-002  3.656594e-001  8.770708e-002  1.190329e-001  2.072815e-001  5.048766e-002  -3.278483e-002  2.310829e-003  1.513574e-001  4.515817e-003  -1.249014e-001  -3.992151e-003  -4.751364e-002  -1.082772e-001  1.817266e-002  -7.397719e-002  -5.087631e-003  6.472063e-003  -2.409477e-001  -1.704984e-001  1.948335e-001  -1.391764e-002  -2.283140e-001  -1.718512e-002  6.783269e-002  -7.949012e-002  8.104762e-002  -3.680191e-001  6.947668e-002  -2.021950e-001  -1.579737e-001  4.590161e-001  6.036960e-001  1.432154e-001  2.463861e-001  5.593462e-001  7.714491e-001  1.665533e-001  -3.654789e-001  2.498410e-001  1.733706e-001  -2.018761e-001  4.847758e-001  2.578766e-001  6.086091e-001  
0
1
2
1 14 15 6 0 -1
1 16 15 2 0 3
haar_y3
-0.109026  297.690796  64
-1.256963e-001  5.423919e-001  8.365946e-001  2.000140e-001  3.588144e-002  -3.004911e-001  2.960562e-001  3.422373e-001  -1.523862e-001  2.676600e-001  2.802098e-001  1.770790e-001  -1.798335e-001  8.007437e-003  2.662434e-001  8.197430e-002  -1.673707e-001  -5.185596e-002  1.653828e-001  2.247711e-002  8.610354e-002  7.279577e-002  -1.849885e-001  5.096890e-002  -8.908927e-002  3.672642e-002  -4.020984e-002  -5.766129e-002  -1.913824e-001  -1.174753e-001  -2.174025e-002  1.720536e-002  -1.523326e-001  -1.072925e-001  -1.316404e-001  6.841612e-002  1.234628e-001  6.827424e-002  4.360994e-002  1.633839e-001  7.279639e-002  -1.353156e-003  4.061629e-001  1.317968e-001  1.784506e-001  9.146268e-003  9.257961e-002  3.715320e-001  7.031844e-001  3.027057e-001  5.130455e-001  5.716685e-001  -4.102493e-002  1.134009e-001  2.677434e-001  5.157594e-001  7.944282e-001  3.635705e-001  3.033907e-001  2.991660e-001  -1.606125e-001  3.036681e-001  5.725721e-001  -3.436788e-001  
0
1
2
9 7 12 3 0 -1
8 8 12 1 0 3
tilted_haar_y3
-0.035606  925.073669  64
-4.901253e-001  -2.527996e-001  -4.042583e-001  -6.745854e-002  -1.604908e-001  -2.575980e-001  -2.323572e-001  9.863965e-002  8.906049e-002  3.553325e-002  -1.525320e-001  -3.180936e-001  -1.051582e-001  -1.758315e-001  -1.108217e-001  -1.422673e-001  2.203215e-001  -1.548750e-001  1.129838e-001  1.752336e-001  1.492847e-001  -6.735490e-002  -9.273070e-003  6.244381e-002  8.142001e-002  3.024589e-002  1.236554e-002  2.661141e-002  6.749509e-002  9.321547e-002  9.129946e-002  -5.309556e-002  5.276310e-002  2.151818e-001  9.006202e-002  5.119503e-002  7.503981e-002  4.365353e-002  2.254640e-002  2.470872e-001  -5.563498e-002  -6.477318e-003  -3.584510e-002  2.985630e-002  -1.393722e-001  -2.347618e-001  4.662695e-002  7.603005e-003  2.265927e-001  -2.512175e-001  -9.625785e-002  2.181106e-001  -3.569904e-001  -4.875788e-002  -5.709906e-001  -8.749147e-002  -1.577575e-001  -1.033555e-001  -6.247668e-001  -9.918176e-002  -3.912184e-002  -9.236553e-001  -2.879325e-001  -5.532629e-001  
0
1
3
7 3 14 8 0 -1
7 3 7 4 0 2
14 7 7 4 0 2
haar_x2_y2
-0.078423  362.506104  64
6.793377e-001  1.985033e-001  1.202189e-001  8.088961e-001  4.440914e-001  2.377650e-001  -1.036449e-002  -7.615139e-002  -1.601001e-001  3.499306e-001  1.221622e-001  3.434118e-001  6.823748e-002  -2.102505e-001  -1.438693e-001  -1.644095e-001  -2.654034e-001  -2.863402e-001  -2.687714e-001  -8.382644e-002  -2.219236e-001  4.727690e-002  -3.264486e-002  -3.814745e-002  -1.281881e-001  -9.667231e-002  -7.110170e-002  3.073007e-002  5.205515e-002  3.942403e-003  1.594391e-001  4.214973e-002  1.174000e-001  -3.494488e-002  -4.435349e-002  -9.093042e-002  1.220086e-001  1.675913e-001  7.349669e-002  -6.343054e-002  1.551181e-001  3.811251e-002  2.393856e-002  1.213650e-002  1.062719e-002  -1.824517e-002  2.160167e-001  -6.959924e-002  -4.124292e-002  -1.298336e-001  2.657120e-001  -1.519715e-001  -1.369999e-001  -4.137948e-001  1.516895e-001  2.202211e-001  -1.097822e-001  8.628763e-003  -8.482598e-002  -3.462939e-001  -7.877176e-002  -1.896769e-001  -3.868152e-001  -6.434131e-001  
0
1
2
18 0 5 6 0 -1
16 2 5 2 0 3
tilted_haar_y3
-0.102464  305.383057  64
-2.383920e-001  -4.996347e-002  4.267785e-003  1.091361e-001  3.329308e-001  3.250906e-001  5.170707e-001  5.384358e-001  3.922533e-001  1.653562e-001  8.319727e-002  2.891807e-001  1.012533e-001  2.522566e-001  1.132686e-002  -4.354658e-002  2.089945e-001  8.495978e-002  2.390596e-001  -3.074064e-002  -2.570039e-002  3.896322e-002  2.036995e-001  -2.414143e-002  -1.051209e-002  9.950336e-002  4.894539e-002  -8.491536e-002  8.014300e-003  -1.540193e-001  5.047035e-003  -2.032795e-001  -2.535239e-001  -9.879512e-002  -1.095439e-002  -8.637343e-002  -1.342684e-001  -2.567166e-002  -4.603869e-002  -9.087023e-002  -1.616363e-001  -6.884706e-002  4.480624e-002  -1.159872e-002  9.267569e-002  3.585356e-001  -7.630540e-002  -1.742631e-001  -5.834890e-002  2.384273e-001  1.333567e-001  2.673792e-001  1.237028e-001  -4.067030e-002  6.749919e-001  3.393276e-001  6.316607e-001  3.536648e-001  2.588989e-001  -2.945449e-001  4.914540e-001  2.210492e-001  4.052439e-001  3.977337e-001  
0
1
2
19 0 5 18 0 -1
19 9 5 9 0 2
haar_y2
-0.115612  180.522003  64
2.161670e-001  3.394642e-001  2.640418e-001  -8.467977e-002  -1.257956e-001  4.560838e-002  -6.514853e-002  3.648801e-001  2.327330e-001  7.312813e-002  4.361578e-002  -2.739863e-001  2.722980e-001  -1.189666e-001  -1.381445e-002  -2.991811e-001  4.345199e-002  -2.686097e-001  -1.408343e-001  -7.088045e-002  -1.103067e-001  -1.626071e-002  -8.149610e-002  3.005857e-002  -1.162104e-001  4.961941e-003  -1.534001e-001  5.904933e-002  -7.704961e-002  -2.218662e-002  -8.246727e-002  4.149225e-002  -8.436812e-002  7.303764e-002  -7.422855e-003  1.284625e-001  -1.276509e-002  4.275513e-002  -9.630290e-002  1.223277e-001  2.774486e-001  2.932500e-001  1.318540e-001  1.844453e-001  2.836304e-001  1.883459e-001  4.410428e-001  3.085097e-001  3.070318e-001  -9.713790e-003  2.683766e-001  2.318461e-001  1.823942e-001  1.150906e-001  -1.380015e-001  5.300054e-002  1.246995e-001  2.121250e-001  -5.347003e-002  -4.472646e-001  9.848383e-002  -1.040037e-001  6.848211e-001  -6.018070e-002  
0
1
3
4 2 14 8 0 -1
4 2 7 4 0 2
11 6 7 4 0 2
haar_x2_y2
-0.080711  304.693970  64
-2.656725e-001  -1.016218e-001  -1.642377e-001  2.714020e-001  -2.126567e-001  1.610513e-002  -1.794223e-001  -9.274067e-002  1.557809e-002  -1.895393e-001  1.105603e-001  -2.567230e-001  -9.501600e-002  -1.254485e-001  -7.405028e-002  -7.504532e-003  4.266741e-002  5.583920e-002  1.135030e-001  5.348837e-002  -3.288559e-002  1.911274e-002  1.526395e-001  2.308972e-001  1.113782e-001  7.026099e-002  2.682214e-003  -2.402822e-002  2.450864e-002  -2.655727e-002  -1.552304e-001  3.386507e-003  -7.695985e-002  -2.378132e-001  -3.254540e-002  -7.658550e-002  -2.541462e-001  -2.955751e-001  -1.974086e-001  -2.693433e-001  1.424404e-001  -1.015711e-001  -2.258691e-001  1.728738e-001  -1.517628e-001  7.237321e-002  -2.636991e-001  -6.046556e-002  2.125036e-001  -2.167539e-002  1.459743e-001  1.766999e-001  4.025710e-001  7.673048e-001  5.287167e-001  4.446601e-001  5.329587e-001  6.438440e-001  7.174172e-001  7.514243e-001  3.239012e-001  5.499604e-001  3.159715e-001  6.108434e-001  
0
1
2
1 11 9 6 0 -1
1 14 9 3 0 2
haar_y2
-0.057896  616.865784  64
-2.681658e-001  -5.695046e-001  2.624449e-001  -3.684609e-001  4.387890e-002  -6.284059e-001  -1.775344e-001  -3.108406e-001  -2.136656e-001  -3.982238e-002  -2.720067e-001  -3.672248e-001  -1.331736e-002  -3.907283e-001  -5.035653e-002  1.596250e-002  -7.428490e-002  1.205445e-001  1.944680e-001  1.041961e-001  1.070199e-002  9.197989e-002  1.691952e-001  6.500509e-002  8.324511e-002  1.113247e-001  1.825529e-001  5.788661e-002  9.375071e-002  8.458860e-002  7.044756e-002  1.780566e-001  2.234147e-002  -7.882486e-002  1.298190e-001  6.568235e-002  2.723320e-002  -6.853281e-002  -7.838016e-002  -3.615859e-002  -9.431727e-003  -8.791149e-002  -2.038119e-001  -2.373887e-001  -2.300320e-001  -2.780249e-002  2.178603e-001  -9.952926e-002  -3.229358e-001  -1.276314e-001  1.867457e-001  -3.230556e-001  -2.155031e-001  -1.743044e-001  -2.702984e-001  -8.800139e-002  -9.609031e-002  -1.095191e-001  -3.840496e-001  -1.502006e-002  -4.705073e-002  1.625783e-001  -3.302635e-002  -2.482003e-001  
0
1
2
21 7 3 8 0 -1
21 7 3 4 0 2
tilted_haar_y2
-0.072164  416.393158  64
2.016179e-001  8.415383e-002  4.254744e-001  1.854649e-001  4.298851e-001  2.700573e-002  1.599962e-001  3.909407e-001  1.950400e-001  -3.852765e-002  -4.735779e-002  -1.423153e-001  1.956162e-002  -8.864346e-003  -1.528153e-001  -9.135259e-002  -2.607112e-001  2.455903e-002  -2.020666e-002  -7.624160e-002  -2.226585e-001  3.844262e-002  -1.855668e-001  -1.491511e-001  -1.326629e-001  -1.695378e-001  1.398497e-002  -1.025750e-002  -1.373344e-001  -1.399398e-002  9.270558e-003  -1.065120e-001  -1.281676e-002  1.651843e-001  -6.705774e-002  8.137933e-003  2.738033e-002  1.703358e-001  -1.585906e-002  1.224591e-001  1.486369e-001  2.342392e-001  5.166543e-002  3.696822e-002  3.797657e-002  1.060896e-001  3.473524e-002  2.075779e-002  2.452403e-001  -2.238530e-001  3.806788e-001  -1.643644e-002  -1.676392e-001  2.275711e-001  -2.272096e-001  1.424610e-001  4.759983e-002  -1.196441e-001  -3.974533e-001  3.273368e-001  -1.618648e-003  3.843368e-002  1.676285e-001  -6.681035e-001  
0
1
2
9 1 6 21 0 -1
9 8 6 7 0 3
haar_y3
-0.115878  167.633133  64
1.137247e-001  2.634658e-001  5.281664e-001  -5.112605e-002  3.724034e-001  -6.467709e-002  3.659377e-001  2.140871e-001  1.048264e-002  6.657381e-002  2.215192e-001  9.083510e-002  -7.700879e-002  -1.593368e-001  -1.304189e-001  5.589523e-002  1.682734e-001  1.801364e-001  1.682756e-001  1.974936e-002  -4.177042e-002  -1.124933e-001  -7.080518e-002  -2.208208e-001  -1.078522e-001  -2.185444e-002  3.467062e-002  1.161026e-002  -3.357091e-002  2.478526e-003  3.063169e-002  6.157510e-002  -2.497834e-002  -6.732834e-002  -1.949722e-001  2.148385e-002  -1.264632e-001  1.038764e-001  -2.355966e-001  8.812033e-002  7.119275e-003  -7.875902e-002  3.327912e-002  2.571846e-002  -9.697071e-002  1.493091e-001  1.215270e-001  -1.441319e-001  4.502309e-001  -1.014967e-002  -3.839942e-002  2.394288e-001  5.077973e-001  5.100449e-001  -5.165647e-001  4.748865e-001  -2.828823e-001  3.727769e-001  8.743196e-001  -4.563290e-001  6.243471e-001  3.423513e-001  -7.981654e-002  7.763693e-001  
0
1
2
12 9 8 7 0 -1
16 9 4 7 0 2
haar_x2
-0.046610  558.929565  64
-3.037651e-001  -3.433946e-001  4.336827e-002  5.138708e-002  -2.810510e-001  -1.353877e-001  -3.396737e-001  -3.579981e-001  -1.379322e-001  -1.966754e-001  -1.651740e-001  -2.016486e-001  -9.024390e-003  -4.539932e-002  -1.624434e-001  1.079163e-001  1.933548e-001  -2.348294e-001  -4.664554e-002  8.433619e-002  -2.397544e-002  -1.446538e-001  6.282506e-002  7.398468e-002  1.769384e-001  -6.488230e-002  4.987769e-002  -1.519423e-003  1.076947e-001  5.178787e-002  2.343207e-001  1.530647e-002  8.881188e-002  1.853859e-001  1.633772e-001  1.659694e-001  1.070993e-002  -2.111207e-003  7.638893e-002  5.235858e-002  -8.403546e-002  1.013890e-001  -2.091439e-002  -9.986998e-002  -7.173246e-002  -1.451451e-002  -1.595612e-001  -1.674296e-001  -8.977704e-002  -1.950130e-001  -3.202162e-001  1.723568e-001  -3.592629e-001  2.417396e-002  2.622837e-001  -4.651959e-001  -1.937366e-002  -1.502950e-001  -1.674318e-001  -6.012413e-002  -7.763186e-001  -4.161510e-001  2.460504e-001  -1.611069e-001  
0
1
2
4 7 18 6 0 -1
4 10 18 3 0 2
haar_y2
-0.075199  260.449341  64
6.986995e-001  1.737718e-001  7.312307e-001  9.700330e-002  5.577013e-001  2.245079e-001  -1.945734e-002  -3.453867e-001  -1.587230e-001  3.386851e-002  2.151491e-001  5.814232e-003  1.206989e-002  -1.021896e-001  1.340965e-001  -1.338819e-002  -2.536551e-003  -9.573045e-002  -3.049223e-002  -1.830972e-001  -8.851684e-002  -1.166725e-001  -5.967144e-002  5.668537e-002  -4.080283e-002  -1.030970e-001  8.113854e-002  8.116068e-002  -3.477572e-002  -3.711768e-002  -5.647693e-002  -1.195097e-001  -6.927819e-003  -5.737863e-002  3.617698e-003  1.565807e-001  1.995363e-002  7.268879e-002  3.699606e-002  -3.120687e-001  -4.586802e-002  1.373552e-001  3.179827e-001  -1.362757e-001  3.444918e-001  3.181937e-002  2.180797e-001  1.199451e-001  4.314566e-001  1.738197e-001  5.405240e-001  5.233752e-001  2.641479e-001  -8.005024e-002  4.274071e-001  3.613533e-001  -2.344871e-001  5.404415e-001  7.495463e-001  -2.521447e-001  1.849125e-001  4.772205e-001  -1.097501e-001  3.045749e-001  
0
1
3
3 5 18 6 0 -1
3 5 9 3 0 2
12 8 9 3 0 2
haar_x2_y2
-0.057689  451.893768  64
-1.601554e-001  -4.042828e-001  1.011423e-001  -1.995278e-001  3.335723e-001  -3.746466e-001  -4.272007e-002  -1.757200e-001  -1.610764e-001  -2.403912e-001  3.264739e-002  -2.218901e-001  -8.068162e-002  -6.531508e-002  -5.031932e-002  -2.073633e-002  7.744998e-002  1.251184e-001  -7.875048e-002  9.371375e-002  4.863965e-003  8.604834e-002  1.256622e-001  8.229520e-002  1.393332e-001  1.534824e-001  1.475500e-001  1.680475e-001  3.812472e-002  -6.212020e-002  7.062929e-002  -9.303197e-002  8.701640e-002  -2.197413e-002  -1.251691e-001  7.436001e-002  2.522435e-002  -2.623860e-002  1.211151e-001  -2.448427e-001  -6.008532e-002  -2.274168e-001  -3.161243e-001  -2.180963e-001  -2.728246e-002  -2.229034e-001  -2.314695e-001  4.095849e-001  -2.544068e-001  8.838587e-005  1.775607e-002  -1.262935e-001  -5.353848e-001  5.363606e-002  -1.629202e-002  -1.835523e-001  3.613452e-001  -2.984497e-001  -5.932418e-001  1.832574e-001  -3.322161e-001  -3.311633e-001  -5.338603e-001  -2.065810e-001  
0
1
3
6 5 8 14 0 -1
6 5 4 7 0 2
10 12 4 7 0 2
haar_x2_y2
-0.109372  393.447662  64
1.158011e-001  -1.518195e-001  -1.608630e-001  1.561960e-001  3.204017e-001  2.454721e-001  2.214391e-001  2.080447e-001  6.381926e-001  5.198263e-002  4.380015e-001  -6.163124e-002  2.364083e-001  2.520471e-001  1.896509e-001  1.885411e-001  1.960104e-001  2.339109e-001  5.320315e-002  2.634863e-001  8.919640e-002  -1.440042e-002  6.252372e-002  8.941977e-003  3.996316e-002  3.572802e-002  6.498012e-002  4.098532e-002  7.106533e-002  5.722022e-002  -3.462021e-002  -1.113244e-002  -2.011466e-002  1.615504e-001  -3.834887e-002  2.544634e-002  -1.194901e-001  -8.215116e-002  -1.565696e-001  -7.431252e-002  -1.522515e-001  -2.334868e-001  -1.604967e-001  -2.954360e-001  -1.398427e-001  -3.335977e-002  -9.369279e-002  -7.363871e-002  -8.491363e-002  1.982629e-001  3.218175e-001  1.825065e-001  2.499609e-001  -6.591635e-002  2.977621e-001  3.032543e-001  5.730564e-002  3.726950e-001  3.468813e-001  9.630269e-002  1.426492e-001  3.582968e-001  4.029038e-001  4.336220e-001  
0
1
2
7 12 16 9 0 -1
11 12 8 9 0 2
haar_x4
-0.164005  176.698944  64
-1.080007e-001  -3.560404e-002  3.092391e-002  8.576268e-003  -1.355343e-001  -2.268510e-001  1.003265e-001  -6.250345e-002  5.454068e-002  2.008511e-003  1.208659e-001  2.166952e-001  6.931943e-002  -2.069101e-001  1.475792e-002  5.574825e-002  -2.613269e-003  5.649890e-003  2.809623e-002  7.963596e-002  4.845414e-002  -1.735713e-001  -2.875814e-002  1.185016e-001  2.224420e-001  -1.986400e-001  3.664101e-002  -2.052591e-001  -2.084937e-001  -2.009068e-001  -1.761327e-001  -2.391822e-002  -6.695603e-002  1.406403e-002  1.660187e-002  -1.100260e-001  1.380089e-001  -2.371696e-002  -3.251149e-002  1.055267e-002  -1.139400e-001  5.015920e-002  1.220789e-001  -3.183950e-002  2.232916e-002  -6.988954e-003  4.190755e-001  1.753471e-001  1.680866e-001  2.791941e-001  2.895461e-001  9.635922e-002  1.813840e-001  5.811650e-004  4.380819e-001  3.580645e-001  3.018613e-001  7.102645e-003  5.666140e-001  7.421790e-001  9.297960e-002  -9.094444e-002  4.255952e-002  -8.078780e-004  
0
1
2
7 11 12 12 0 -1
13 11 6 12 0 2
haar_x2
-0.194937  145.302963  64
4.994094e-001  9.374832e-001  4.793267e-002  6.108547e-001  1.035167e-001  3.386801e-001  8.987009e-002  2.664783e-001  -7.002331e-002  2.387879e-001  -5.097937e-002  6.049715e-002  3.143509e-002  1.443447e-001  1.805558e-003  -2.831778e-001  -2.707878e-001  1.000040e-001  -1.509378e-001  -8.125949e-002  -2.285442e-001  9.430132e-002  -1.732249e-001  -7.732587e-002  -6.075452e-002  -7.317904e-002  9.972684e-002  -1.455262e-001  7.083000e-002  9.630322e-003  5.964541e-002  8.060773e-002  -5.222794e-002  -4.983452e-002  3.305288e-002  -1.948532e-002  9.785210e-002  8.151492e-002  -6.519950e-003  7.037067e-002  1.289817e-001  -1.018259e-001  6.918258e-002  6.302639e-003  -1.078155e-001  -1.110982e-001  -1.133660e-001  -1.294601e-001  -1.592545e-002  1.003688e-003  2.198237e-001  -2.680655e-001  2.128099e-001  1.947723e-001  -1.154169e-001  4.302518e-001  3.755259e-001  5.525340e-001  8.320738e-001  1.277936e-001  3.571992e-001  -1.878977e-001  -2.307733e-001  -2.813612e-001  
0
1
2
8 15 9 9 0 -1
11 15 3 9 0 3
haar_x3
-0.085583  349.020599  64
-6.627884e-001  -4.893226e-001  -3.083688e-001  -3.843407e-001  -5.718471e-001  -4.832084e-001  -1.471823e-001  -2.810071e-001  -6.156436e-002  1.544685e-001  -2.939542e-001  -6.916763e-002  3.646217e-002  -1.514295e-002  -7.926856e-002  6.345484e-002  1.152386e-001  7.009362e-002  2.062930e-001  -1.544880e-001  5.224337e-002  3.228639e-002  9.978323e-002  -1.076729e-002  1.949314e-001  -5.078994e-002  -2.209964e-002  5.263839e-002  1.077101e-001  -5.370307e-002  1.010319e-001  6.563269e-002  -3.588221e-002  7.652606e-002  1.805108e-002  -1.306859e-002  9.828633e-002  -1.673379e-002  -5.886838e-002  2.145088e-001  1.342715e-001  2.937211e-002  -1.091256e-002  2.172677e-001  -3.630175e-002  -3.045390e-002  4.473676e-002  -1.553324e-001  -2.074828e-001  4.268689e-002  -2.787328e-001  -2.837681e-001  -1.936457e-001  -1.639438e-001  -1.013455e-002  -1.652730e-001  2.232901e-001  -1.415376e-001  -6.796836e-001  -4.623046e-001  -1.427715e-001  -4.693018e-001  6.559113e-002  -5.241728e-001  
0
1
2
7 5 9 10 0 -1
7 10 9 5 0 2
haar_y2
-0.059054  359.814728  64
-2.814962e-001  -6.780014e-001  -1.724544e-001  -3.008209e-001  -3.750348e-001  -1.381762e-001  -3.107668e-001  -1.344269e-001  -3.251648e-001  -8.836230e-002  -3.062580e-001  -2.187784e-001  -1.706192e-001  -2.294883e-001  -3.286095e-002  2.239237e-002  -1.604456e-001  1.462711e-002  -1.038932e-001  -1.425493e-002  1.507026e-001  8.757557e-002  1.681736e-001  5.839531e-002  1.854357e-001  -6.727664e-003  4.423960e-002  1.426917e-001  -4.540944e-003  1.182421e-001  4.650753e-002  5.162323e-002  7.285101e-002  1.816410e-002  1.085988e-001  1.255898e-001  -6.689304e-003  -1.098803e-001  -1.330591e-001  8.929054e-002  8.128254e-002  -1.051901e-001  -1.278188e-001  -5.819064e-002  -1.282486e-001  8.583688e-002  4.384609e-002  -1.639940e-001  -3.103234e-001  -2.865493e-001  7.818111e-002  3.084233e-001  -2.226689e-001  1.677523e-001  1.508627e-001  -1.339610e-001  -1.146457e-001  -3.983097e-001  -2.419435e-001  6.642091e-002  2.487777e-001  -3.858980e-001  1.727676e-001  -8.829732e-002  
0
1
2
1 6 21 15 0 -1
8 11 7 5 0 9
haar_point
-0.556448  54.894913  64
8.907522e-001  2.877730e-001  6.934732e-001  3.249204e-001  1.952381e-001  4.920099e-001  -3.795343e-002  2.726099e-001  5.212229e-001  1.347772e-001  -1.198363e-001  1.984496e-001  4.067958e-002  1.789080e-001  2.748164e-001  3.467113e-002  -3.029230e-002  1.242397e-001  -1.489097e-001  -2.100643e-001  -4.412414e-002  -5.623458e-002  -8.677801e-002  7.495619e-002  -3.088286e-002  -1.786004e-001  1.346132e-002  -9.441658e-003  -1.253861e-001  -6.869902e-002  -1.168475e-001  1.049478e-001  -1.510523e-001  -2.366406e-002  -1.472763e-001  -1.310274e-001  -3.320149e-002  4.553889e-002  -1.978826e-001  -5.995570e-002  -4.144363e-003  3.210296e-002  1.200077e-001  5.166803e-003  6.287022e-002  7.153007e-002  4.934156e-002  -3.446509e-003  1.016988e-001  9.383520e-002  2.759619e-005  -1.968957e-002  7.781319e-003  1.345606e-001  3.189444e-001  1.306259e-001  1.086377e-001  2.609991e-002  -7.401282e-002  1.433828e-001  -2.949993e-001  4.153701e-002  -1.513109e-001  -2.998567e-001  
0
1
3
6 7 8 14 0 -1
6 7 4 7 0 2
10 14 4 7 0 2
haar_x2_y2
-0.113571  337.973572  64
4.193460e-001  2.428914e-001  5.773318e-001  2.070483e-001  2.953069e-001  4.296240e-001  2.216112e-001  -1.624009e-001  -1.288896e-001  -8.896203e-002  3.642089e-001  3.739266e-001  1.534614e-001  2.305547e-001  -4.268274e-002  4.980194e-002  1.072134e-001  4.571653e-002  -1.242270e-002  7.978177e-002  1.498356e-001  7.535750e-002  7.534853e-002  -4.725290e-002  8.886518e-002  2.367861e-002  1.402865e-001  2.233516e-003  3.658450e-002  5.441453e-003  -6.164135e-002  9.048900e-002  -9.868587e-002  -8.672059e-002  -1.026211e-001  -1.365753e-001  -1.128838e-001  -1.096047e-001  -1.961563e-001  -1.406235e-001  -2.699576e-002  1.760648e-002  -5.220250e-002  2.050199e-001  1.945709e-001  5.850757e-002  2.314277e-001  -4.309458e-002  6.306376e-002  3.647567e-001  1.376631e-001  2.900430e-001  -3.012103e-002  -1.969241e-001  -3.403904e-001  -1.734037e-001  -1.840485e-001  2.943646e-001  4.924480e-001  3.408569e-001  8.107311e-002  5.816915e-001  4.125821e-001  1.977949e-001  
0
1
2
6 8 5 16 0 -1
6 16 5 8 0 2
haar_y2
-0.125610  334.277039  64
2.256731e-001  -3.105952e-001  5.784528e-001  8.125536e-001  3.560112e-001  3.673980e-001  -2.996726e-001  1.488443e-001  -1.613515e-001  -2.698898e-003  -2.077406e-001  1.170120e-001  9.283081e-002  -2.137797e-002  -3.979150e-002  -1.023361e-001  -2.900486e-001  -2.617963e-001  8.797354e-002  -2.113567e-001  -1.902192e-002  -2.014192e-001  1.511064e-001  -2.267230e-002  -2.182246e-002  -1.114151e-001  1.513986e-001  -1.327211e-001  -8.089890e-002  1.721803e-002  -3.051016e-002  2.304737e-002  1.556610e-001  1.380506e-001  3.885745e-002  2.268643e-003  1.051586e-001  6.082574e-002  6.731647e-002  1.329190e-001  1.388839e-001  -1.415277e-001  1.069597e-001  1.079195e-002  1.726504e-003  2.366477e-003  7.351460e-002  2.784085e-002  -1.648230e-001  -1.766826e-001  7.700152e-003  1.243189e-002  -3.040093e-001  -1.233837e-001  -5.508813e-002  4.473747e-002  1.658169e-001  -6.672874e-002  -4.523845e-001  -3.420399e-001  -2.588749e-001  4.112577e-002  -3.834154e-001  -2.069754e-001  
0
1
2
0 2 6 19 0 -1
2 2 2 19 0 3
haar_x3
-0.196331  156.856354  64
-2.405577e-001  -1.209895e-001  3.999021e-001  -2.097015e-001  -1.934375e-001  2.639044e-002  3.244064e-002  9.699996e-002  4.206639e-002  2.940727e-001  -8.568233e-002  3.754771e-001  1.943565e-001  4.747982e-001  -1.089526e-002  -3.410869e-002  -4.951227e-002  7.560761e-002  -7.967347e-002  3.349880e-001  1.641285e-001  1.884993e-001  2.381457e-002  6.369077e-002  7.715201e-002  9.494805e-002  -1.714859e-001  -8.260443e-002  -1.459472e-001  -1.776861e-001  -2.433791e-001  -3.808408e-002  -8.746070e-002  -6.943139e-002  1.759100e-002  -1.464495e-002  5.782789e-002  1.067901e-002  1.922403e-001  1.052600e-001  9.284789e-002  7.894605e-002  3.001389e-001  -3.000978e-002  3.195917e-002  2.036517e-001  9.968841e-002  7.504535e-002  -1.122982e-001  3.972473e-002  3.042926e-002  5.298119e-002  -1.318593e-001  4.380269e-001  2.321782e-002  -6.723673e-002  6.347374e-002  -3.816702e-001  -4.320861e-001  -2.641946e-001  -2.938916e-001  5.839170e-002  -2.569376e-001  -1.910297e-001  
0
1
2
4 12 8 7 0 -1
8 12 4 7 0 2
haar_x2
-0.071322  430.493713  64
-1.307524e-001  -1.307883e-001  -1.327125e-001  -3.083450e-001  4.900987e-002  7.424632e-002  1.511558e-001  -3.578036e-001  -1.703312e-001  -3.939037e-002  -8.244281e-003  -9.815356e-002  -1.106769e-001  5.886811e-003  1.019042e-001  -6.447515e-002  4.395511e-002  4.706922e-002  2.671641e-001  -3.644188e-002  2.474994e-001  -4.601255e-002  2.115225e-001  4.895826e-002  1.737916e-001  1.471270e-001  2.987798e-003  1.804085e-001  6.199756e-002  -8.769266e-002  -5.734118e-003  -4.900159e-003  -3.075426e-002  -7.242472e-002  1.207217e-001  5.245436e-004  -3.051928e-002  9.231064e-002  -1.603070e-001  -7.620738e-002  -1.872428e-001  -2.535661e-001  -3.085897e-001  -1.553409e-001  -1.738653e-001  -2.369360e-001  -1.993232e-001  -3.602407e-001  -7.186628e-004  -2.019288e-001  -5.464834e-002  3.829665e-001  -2.645576e-001  -1.753028e-001  -2.402376e-001  -7.302595e-002  1.804321e-001  5.867064e-002  -3.414611e-003  1.826503e-001  -4.610089e-001  -1.605053e-001  -4.416663e-001  3.193176e-001  
0
1
2
1 7 14 6 0 -1
1 9 14 2 0 3
haar_y3
-0.067161  404.398224  64
-1.801048e-001  4.808234e-002  1.642538e-001  3.937644e-001  -3.258490e-001  1.763592e-001  6.445591e-002  3.384173e-001  3.039128e-001  4.026511e-002  -1.253305e-001  -9.186485e-002  -2.495219e-001  1.842998e-002  6.884053e-002  1.678761e-002  -3.326796e-002  -8.400359e-002  1.992834e-001  -1.436744e-001  3.570210e-002  -4.019608e-002  -3.500906e-002  9.558544e-002  -6.693019e-003  -2.008023e-001  -1.283862e-001  -3.370995e-002  -1.525244e-001  -6.192971e-002  4.761413e-002  5.817326e-002  1.940272e-001  1.381100e-001  1.674253e-001  5.571093e-002  1.641354e-001  8.184750e-002  8.838826e-002  -3.752701e-002  1.376842e-001  -4.923030e-002  1.025174e-001  -2.562137e-002  -1.550303e-001  1.457548e-001  -2.057063e-002  -1.974636e-001  -1.418843e-001  -3.695085e-001  -2.421124e-001  -1.469542e-001  -4.710024e-002  -1.554314e-001  -2.304683e-001  -3.301826e-001  -2.973588e-001  -5.662687e-001  -2.064420e-001  -2.769518e-001  4.086299e-001  -1.551675e-001  -6.690652e-001  -5.017959e-001  
0
1
3
0 16 14 8 0 -1
0 16 7 4 0 2
7 20 7 4 0 2
haar_x2_y2
-0.108248  230.365952  64
-1.819024e-001  -1.612758e-001  9.073807e-002  4.639119e-002  -2.644398e-002  -1.061419e-001  2.535250e-001  -1.595929e-002  -5.672006e-002  1.606097e-001  9.423947e-002  1.273957e-001  1.960797e-001  1.018965e-001  -1.186821e-001  2.120987e-001  9.539078e-002  -2.006896e-002  2.141876e-002  -6.171519e-002  3.629169e-002  -1.013686e-001  1.573943e-002  -4.512680e-002  -5.135008e-002  -1.089202e-001  -1.300406e-001  3.452001e-002  -4.332293e-002  3.366817e-002  -1.335876e-001  -1.830787e-001  -1.401620e-002  1.405184e-001  -7.616517e-002  4.009933e-003  1.268696e-001  7.908294e-002  6.021696e-002  -6.895334e-002  2.206877e-001  -4.775849e-003  3.532447e-001  2.500579e-001  4.324781e-001  2.206012e-001  -5.671535e-002  2.774027e-002  -1.712885e-001  4.597599e-001  -3.542811e-001  6.886931e-001  1.885103e-001  7.069367e-002  3.504279e-001  9.377747e-001  5.332758e-001  1.179481e-001  5.107005e-001  -2.970222e-001  -6.217382e-001  -9.454703e-002  3.566946e-001  -3.645026e-001  
-1.902659 
