10 
0
1
2
8 1 6 15 0 -1
10 1 2 15 0 3
haar_x3
-0.066736  393.279419  64
-4.480549e-001  -1.902627e-001  7.172566e-002  3.722429e-002  4.716931e-002  8.663230e-002  2.663695e-001  4.705832e-002  -5.197211e-002  -1.927370e-001  -3.702457e-001  -4.588291e-002  -1.372185e-001  -1.045238e-001  -4.193417e-002  8.844341e-002  -2.185849e-001  -2.279834e-001  -1.397404e-001  -1.732224e-001  -2.455865e-001  -3.279224e-001  -2.410632e-001  -4.878179e-001  -5.207864e-001  -4.747506e-001  -7.162762e-001  -5.173784e-001  -5.549538e-001  -6.366210e-001  -5.276920e-001  -4.661088e-001  -5.323926e-001  -3.992287e-001  -4.776398e-001  -3.688510e-001  -3.385309e-001  -3.423328e-001  -4.912976e-001  -4.511860e-001  -3.726094e-001  -2.355502e-001  -3.301885e-001  -3.287795e-001  -2.005538e-001  -2.658073e-001  -3.204109e-001  5.974592e-002  2.321048e-002  3.949792e-002  -3.160129e-001  -1.264654e-002  -1.152862e-001  -1.327905e-001  -3.585506e-002  9.489565e-002  -1.232861e-001  -2.150572e-001  4.866454e-002  1.067968e-001  3.542994e-001  3.109887e-002  -1.311993e+000  -8.485066e-001  
0
1
3
14 12 10 12 0 -1
14 12 5 6 0 2
19 18 5 6 0 2
haar_x2_y2
-0.140915  208.931503  64
-2.232287e-001  3.095172e-001  1.372070e-001  1.365478e-001  4.957163e-001  2.283346e-001  4.364799e-001  3.393548e-001  3.852423e-001  3.732308e-001  9.656023e-002  2.067454e-001  9.112967e-003  3.065483e-001  1.286254e-001  9.816287e-002  2.612804e-001  1.996247e-001  1.318783e-001  2.878460e-001  1.184184e-001  1.901455e-001  9.819809e-002  -1.167803e-002  -1.512723e-002  -5.728922e-002  -1.629188e-001  -8.323345e-002  -2.683068e-001  -2.002137e-001  -2.410524e-001  -1.913881e-001  -2.116452e-001  -1.719196e-001  1.021810e-002  -6.919576e-002  -1.603898e-001  -7.708761e-002  7.652698e-002  9.214757e-002  6.143348e-002  6.178653e-002  1.105197e-001  4.074090e-002  2.177479e-001  2.232149e-001  2.191855e-001  3.169852e-001  4.159221e-001  2.899280e-001  6.291931e-001  3.030257e-001  8.281808e-001  5.977791e-001  5.340272e-001  5.634760e-001  8.272303e-001  2.413489e-001  3.722329e-001  3.228589e-001  7.384855e-001  2.984225e-001  2.012115e-001  -8.394127e-002  
0
1
2
12 1 6 19 0 -1
14 1 2 19 0 3
haar_x3
-0.083927  363.708221  64
-9.302183e-001  -3.902953e-001  -3.463169e-001  -2.793010e-001  1.394814e-001  5.301464e-002  1.081050e-002  -4.133759e-001  2.092652e-001  -7.640224e-002  9.321744e-002  -1.879929e-001  6.181650e-002  2.397100e-001  -9.183892e-002  6.271777e-002  -2.177153e-002  1.508749e-001  1.805414e-001  1.886923e-001  1.395567e-001  1.909939e-001  1.227215e-001  6.093862e-002  2.879152e-001  1.664448e-001  1.928972e-001  9.685820e-002  1.240232e-001  1.092636e-001  -4.934259e-003  -8.742018e-003  -6.378209e-002  -1.398836e-001  -5.891706e-002  -2.408740e-001  -6.735034e-002  -1.459726e-001  -4.011438e-002  2.860620e-002  -2.590502e-001  -1.193576e-003  -1.578363e-001  -1.785328e-001  -1.450595e-001  1.074382e-001  -3.568480e-001  -4.602190e-002  -3.461382e-001  -1.929369e-001  -1.368308e-001  1.355612e-001  3.070563e-003  -4.660276e-001  -4.631246e-001  3.748457e-003  4.169306e-001  -2.463976e-001  -3.357021e-002  -2.152474e-001  4.901332e-002  6.010501e-003  -1.043406e-001  -5.398929e-001  
0
1
2
12 2 8 7 0 -1
16 2 4 7 0 2
haar_x2
-0.086732  384.360779  64
8.868531e-002  6.436578e-002  2.040856e-001  -2.315725e-002  1.163377e-001  8.375302e-002  2.806622e-001  9.570353e-002  9.456730e-002  1.968165e-001  1.831015e-001  9.877474e-002  7.377659e-002  2.210053e-001  1.403344e-001  9.539033e-002  1.113245e-001  2.419838e-002  1.784941e-001  2.754476e-001  6.235732e-002  1.008702e-001  9.446773e-002  1.768277e-001  2.177234e-002  7.617334e-002  1.326467e-001  -7.293985e-003  4.669330e-002  -1.201010e-001  -6.485075e-002  -2.965354e-002  -1.466055e-001  -1.583932e-001  -3.535398e-001  -2.183744e-001  -2.792175e-001  -2.024858e-001  -3.841935e-001  -5.552467e-001  -3.554365e-001  -1.907008e-001  -1.630863e-001  -3.564187e-001  5.843807e-003  -1.681395e-001  -7.776164e-002  -6.860490e-002  1.393978e-001  -1.367479e-001  2.334720e-001  1.811640e-001  2.611353e-001  1.584638e-001  6.588308e-001  9.574224e-001  5.115389e-001  5.819952e-001  6.389521e-001  4.291457e-001  3.383383e-001  8.044233e-001  7.039233e-001  9.093995e-001  
0
1
2
14 0 10 3 0 -1
13 1 10 1 0 3
tilted_haar_y3
-0.036417  816.908752  64
-5.546539e-001  -4.994547e-001  -2.934467e-001  -4.160421e-001  -2.219234e-001  -1.693630e-002  -4.190157e-001  1.388820e-001  1.036633e-001  1.540033e-001  6.063455e-002  1.890799e-001  2.400411e-001  1.305009e-001  2.594864e-001  2.885064e-001  1.796056e-001  2.281531e-001  3.737122e-001  2.350632e-001  1.875210e-001  1.031253e-001  1.544698e-001  2.007764e-001  1.365912e-001  1.481819e-001  1.780238e-001  7.901170e-002  3.635194e-002  -8.878917e-002  -7.797500e-002  7.065160e-002  -1.094632e-001  1.547552e-002  -4.980508e-002  -7.098692e-002  -9.384846e-002  -2.953864e-001  -1.402330e-001  -2.547730e-001  -2.836952e-002  -1.344901e-001  -8.077720e-002  3.798044e-002  -3.154600e-001  3.467152e-002  -1.516121e-001  6.041824e-002  -2.063714e-001  -1.076541e-001  -2.524204e-002  -1.773819e-001  -1.871706e-001  -2.086892e-001  -5.453545e-001  -2.543468e-001  -3.913998e-002  -8.947046e-002  -3.556504e-001  -1.789982e-001  -8.415040e-001  -6.350664e-001  -3.134675e-001  -7.504635e-001  
0
1
2
5 2 16 6 0 -1
5 4 16 2 0 3
haar_y3
-0.144747  215.986923  64
7.711010e-003  -2.320837e-001  6.700619e-002  -2.822205e-001  -3.971524e-001  1.547986e-002  -1.618077e-001  -2.663424e-001  -2.210135e-001  1.879688e-002  2.980835e-002  1.343607e-002  6.365894e-004  -2.535920e-001  7.683259e-002  -1.351637e-002  -1.142456e-001  -1.400294e-001  1.777070e-001  -1.329118e-001  -7.908393e-002  -1.081829e-001  3.308675e-002  -3.064798e-002  1.313252e-002  -1.198136e-001  -1.585096e-001  -1.575076e-001  -2.612127e-001  -1.796285e-001  -2.563384e-001  -2.225382e-001  -7.097040e-002  1.276448e-001  1.818624e-001  1.841921e-001  2.043950e-001  2.544508e-001  1.942763e-001  1.724984e-001  2.535745e-001  3.863837e-001  1.194428e-001  3.572131e-001  4.751473e-001  3.640087e-001  1.782342e-002  5.179029e-002  -1.319963e-002  5.220396e-002  1.969884e-001  2.405892e-001  1.604957e-001  2.523091e-001  4.658525e-001  3.232239e-001  -2.000699e-001  3.363396e-001  -2.487051e-002  5.576479e-001  -3.026228e-001  -3.487694e-001  5.535708e-002  -6.221967e-001  
0
1
2
10 5 14 6 0 -1
10 7 14 2 0 3
haar_y3
-0.102562  332.550568  64
-9.590852e-001  -7.866001e-001  -1.823571e-001  -7.107059e-001  7.467847e-003  -3.696517e-001  -3.184353e-001  -5.003399e-001  -1.442774e-001  -9.634832e-002  -6.187517e-002  2.272236e-001  -1.592078e-001  -2.602035e-001  1.058454e-001  -2.805095e-001  -8.189930e-003  -1.367515e-001  -9.335798e-003  1.223866e-001  1.775688e-001  5.381828e-002  6.523474e-002  1.505495e-001  1.137911e-001  -2.484514e-002  -3.496780e-002  1.415247e-001  9.673937e-003  -4.670852e-003  9.646539e-002  -2.529317e-002  -6.413762e-002  2.218435e-002  -3.220019e-002  4.490563e-002  2.912065e-002  5.939385e-002  7.463624e-002  1.378415e-001  1.233019e-001  2.400801e-001  1.478292e-001  1.633300e-001  7.755748e-002  1.090016e-001  9.353156e-002  -8.738211e-002  3.562829e-002  -3.902172e-002  8.698379e-002  4.168548e-002  5.935903e-002  5.479523e-002  -5.078635e-002  -4.340433e-001  -4.470551e-001  -2.796836e-004  -5.333245e-001  -2.779536e-001  -2.057877e-001  -5.217167e-001  -4.471340e-001  -6.703312e-001  
0
1
3
0 4 6 20 0 -1
0 4 3 10 0 2
3 14 3 10 0 2
haar_x2_y2
-0.183560  178.265060  64
4.567992e-001  5.492455e-001  3.991174e-001  4.000739e-001  4.720465e-001  6.379488e-001  4.351431e-001  5.563685e-001  5.531652e-001  5.998297e-001  1.807175e-001  6.749161e-001  5.608416e-001  5.475668e-001  4.406784e-001  5.417038e-001  1.737659e-001  3.869427e-001  2.698715e-001  1.419030e-001  7.425803e-002  7.242855e-002  1.009351e-001  2.425704e-002  -8.689027e-002  2.162652e-002  -9.051573e-002  -1.153618e-001  -7.099596e-002  -1.703174e-001  -1.391736e-001  -1.363627e-001  -1.761732e-001  -8.722574e-002  -1.740972e-002  -6.511316e-002  -1.812663e-001  -7.863345e-002  -1.280873e-001  1.916746e-002  -7.514055e-002  -1.191439e-002  2.406292e-002  2.394211e-001  1.558793e-001  -5.959431e-002  -2.354162e-002  8.224636e-002  -1.704505e-002  3.316447e-001  3.325388e-001  -6.686124e-002  3.759378e-001  -9.409060e-002  1.081865e-001  -4.241991e-001  5.129930e-001  3.272693e-001  2.303265e-001  -3.540995e-001  -1.003681e-001  1.422485e-001  1.466792e-001  2.047076e-001  
0
1
3
0 16 14 8 0 -1
0 16 7 4 0 2
7 20 7 4 0 2
haar_x2_y2
-0.107237  230.587418  64
2.976016e-001  5.935640e-001  5.183462e-002  5.335982e-001  3.831373e-001  4.336669e-001  2.570634e-001  1.232882e-001  3.537363e-001  -9.491640e-002  8.337998e-002  5.987749e-002  -9.384342e-002  -8.136250e-003  1.041242e-001  -1.253517e-001  1.299222e-002  -1.870166e-001  -2.969588e-001  -4.625453e-002  -1.207809e-001  -1.674028e-001  -1.896838e-001  -1.647012e-001  -2.910168e-001  -1.145218e-001  -9.150742e-002  -1.201724e-001  5.870886e-002  -5.173233e-003  9.683807e-002  1.639674e-001  2.834625e-001  5.974079e-002  1.972960e-001  1.138181e-001  1.574286e-001  2.028633e-001  2.909686e-001  2.227468e-001  1.692569e-001  2.415284e-001  2.171162e-001  -3.602946e-002  1.796935e-001  2.870153e-001  3.032329e-001  5.650349e-001  1.850134e-001  2.626400e-002  6.885949e-001  6.751753e-002  3.545538e-001  1.647837e-001  2.627171e-001  -4.902558e-001  -1.042571e-001  6.116383e-002  -9.623382e-002  8.806185e-002  3.421567e-001  1.881552e-001  1.976658e-001  6.137216e-002  
0
1
2
15 13 9 9 0 -1
15 16 9 3 0 3
haar_y3
-0.082977  340.361481  64
-6.870927e-001  -2.777217e-001  -3.743221e-001  -6.176496e-001  -3.651857e-001  -4.425027e-001  -4.818192e-001  -2.466379e-001  -2.070066e-001  -2.882227e-001  2.551437e-002  -2.594929e-002  -1.468607e-001  -1.069290e-002  -3.909567e-002  7.508274e-002  -1.238840e-001  6.306865e-002  1.384795e-001  1.751290e-001  9.623862e-002  5.824053e-002  1.772885e-001  1.294215e-001  1.471475e-001  1.653736e-001  1.185664e-001  9.215897e-002  6.743524e-002  4.079875e-002  2.497482e-002  2.498809e-002  3.736878e-002  1.233623e-001  -2.953304e-002  -2.482209e-002  -1.227476e-002  -3.851478e-002  -1.836994e-001  -1.062740e-001  2.850154e-002  -3.657650e-002  5.029937e-002  -2.075172e-001  8.663927e-002  1.233089e-001  -5.282823e-001  -1.367919e-001  -1.823415e-001  -3.972075e-001  -3.049941e-001  -2.937934e-001  1.388374e-001  -1.218643e-001  -1.746511e-001  -3.070478e-001  -1.028228e-001  -4.230247e-002  -4.214102e-001  -4.339587e-001  -8.832421e-001  -3.497011e-001  -2.158071e-001  -1.058317e+000  
-1.921710 
