26 
0
1
2
12 10 9 13 0 -1
15 10 3 13 0 3
haar_x3
-0.111348  268.323151  64
-1.335745e+000  -3.299237e-001  -1.768755e+000  -2.986897e-001  -1.062241e+000  -1.511600e+000  -2.982890e-001  -6.078095e-001  -4.306847e-001  -9.193401e-001  -5.303307e-001  -1.880995e+000  -5.415938e-001  -6.690699e-001  -1.639090e+000  -4.631360e-001  -4.157317e-001  -3.919569e-001  -8.066067e-001  -5.314357e-001  -3.930117e-001  -4.290930e-001  -1.082342e+000  -5.602319e-001  -3.323301e-001  -7.515131e-001  -7.438747e-001  -3.929158e-001  -8.946168e-001  -1.087174e+000  -9.947894e-001  -8.117297e-001  -6.639720e-001  -6.330874e-001  -4.876187e-001  -8.738621e-001  -7.609029e-001  -5.537777e-001  -5.484172e-001  -2.066174e-001  -6.855240e-001  -9.740535e-001  -1.640889e+000  -4.471395e-001  -7.138334e-001  -6.759782e-001  -8.436638e-001  -4.308001e-001  -3.314722e-001  -1.060074e+000  -6.023496e-001  -6.551138e-002  1.717480e-001  -7.033215e-002  -2.463233e-002  -8.071839e-001  -2.039014e+000  -2.923760e-001  1.207557e-001  3.499448e-001  -3.746445e-001  -2.785440e+000  -5.981879e-001  -1.088756e+000  
0
1
2
18 8 4 8 0 -1
18 8 4 4 0 2
tilted_haar_y2
-0.029706  395.536957  64
-8.611722e-002  5.253718e-001  7.307028e-001  4.166584e-002  -3.153169e-002  -4.852256e-001  5.186421e-001  -4.565214e-002  3.856826e-001  -9.763061e-001  -2.521036e-001  1.106784e-001  4.134336e-001  3.116798e-001  -1.192856e-001  -7.301398e-002  4.398486e-002  1.784780e-001  3.292567e-001  -4.629566e-002  1.228950e-001  1.770514e-001  5.352038e-001  3.358976e-002  -1.972858e-001  3.363686e-001  1.739198e-001  -2.552284e-001  2.311140e-002  3.382975e-001  2.546355e-001  -2.992484e-001  -1.642658e-001  1.995599e-001  3.172753e-001  3.774849e-001  -6.784079e-001  4.935265e-001  -9.307788e-002  4.382136e-001  2.806177e-001  -2.586342e-001  -5.825100e-001  -5.147808e-001  -3.408599e-001  5.327919e-001  4.904528e-001  4.231656e-001  1.896497e-001  -7.728666e-003  2.773395e-001  -3.139046e-001  -1.584632e-001  -2.665931e-001  3.783351e-001  5.466103e-001  -7.284767e-002  -8.400527e-001  -3.003536e-001  -6.013623e-002  -3.403439e-001  -4.139681e-001  7.467428e-001  4.880831e-002  
0
1
2
14 9 10 6 0 -1
14 12 10 3 0 2
haar_y2
-0.064134  498.622345  64
-3.808694e-001  3.490216e-001  -2.659038e-001  2.398785e-001  -1.703481e-001  5.256837e-002  -1.194831e-003  -5.258466e-001  3.845898e-001  2.024147e-001  -6.032146e-001  -5.636382e-001  -4.859168e-001  5.828944e-002  1.726350e-001  3.422932e-002  3.136797e-001  1.832104e-002  1.498906e-002  4.256838e-001  1.763715e-001  1.491024e-001  5.238531e-001  -1.873509e-001  2.249147e-002  -4.827374e-002  -7.254834e-002  4.130389e-001  1.492331e-001  2.750101e-001  9.466497e-002  6.020100e-003  2.637817e-001  2.094410e-002  1.554591e-001  1.541016e-002  4.253181e-001  3.276974e-001  3.587200e-001  -2.507109e-001  -3.158678e-001  -1.101713e-001  -5.031972e-001  -6.147498e-001  -6.643068e-001  1.152519e-001  3.645885e-001  5.498691e-001  -1.200977e-001  -2.190997e-001  -5.082632e-001  4.427501e-003  -5.321831e-001  1.942455e-001  -1.212132e-001  -2.983170e-001  -3.844651e-002  1.204832e-001  -1.466909e+000  -2.880642e-001  -7.862089e-002  -1.398408e-001  2.773722e-002  -9.847538e-001  
0
1
2
8 2 16 4 0 -1
8 2 16 2 0 2
tilted_haar_y2
-0.063246  286.575043  64
-7.185660e-002  8.153415e-001  3.124313e-002  4.435066e-001  7.265970e-001  5.043206e-001  -2.811505e-001  7.226902e-002  4.681707e-001  2.334765e-004  3.749503e-001  -8.605994e-002  2.433882e-001  -1.121528e-001  1.186074e-001  -4.636618e-001  9.654033e-002  1.711077e-001  -1.882381e-001  8.220975e-002  2.687527e-001  1.771481e-001  -1.416461e-001  1.052232e-001  2.086573e-001  -2.086087e-001  -1.565253e-001  -1.500539e-001  2.177818e-001  1.583842e-002  -3.726866e-001  -1.282482e-001  -2.513532e-001  1.288288e-001  -1.491114e-002  -1.847405e-001  1.033830e-001  8.873288e-002  -5.516603e-002  -1.784378e-001  -3.411245e-001  -5.183098e-001  -1.217152e-001  1.039924e-001  -2.619290e-002  2.819512e-001  7.492558e-001  3.216007e-001  -7.960260e-002  2.204956e-001  8.609365e-002  1.588193e+000  5.632324e-001  2.669058e-001  5.923426e-001  1.567452e+000  1.122567e+000  6.343366e-001  1.815435e-001  5.521935e-001  -3.009385e-001  4.431926e-001  7.562604e-001  9.325226e-002  
0
1
2
9 6 11 16 0 -1
9 10 11 8 0 2
haar_y4
-0.089090  213.832687  64
1.626937e-001  6.853790e-001  5.414174e-001  9.605339e-001  -1.153583e-002  3.293708e-001  5.819355e-001  1.185389e-001  2.188537e-001  -1.266047e-001  9.102719e-001  4.920717e-001  7.276465e-002  -8.277479e-002  2.563756e-001  7.308574e-002  -1.915818e-001  1.294204e-001  4.531252e-002  1.988019e-001  -4.229008e-002  -1.384512e-001  -3.073150e-001  2.828645e-001  2.180018e-001  -2.867846e-001  -2.813039e-001  -1.928036e-001  -1.097125e-001  7.069264e-002  2.978241e-002  -2.775274e-002  2.382872e-002  1.311273e-001  -5.636653e-002  2.670297e-003  -1.501204e-001  2.068765e-001  -9.494216e-002  -3.207681e-001  6.422747e-002  1.803908e-001  -1.459229e-001  2.486739e-001  3.452435e-002  -3.570285e-001  -6.242893e-002  -5.482439e-001  6.220493e-001  2.291203e-001  3.579284e-001  2.017148e-001  7.956376e-001  8.347161e-001  -2.769353e-001  8.758077e-002  1.500839e+000  8.978769e-001  5.111716e-001  1.237617e-001  -4.749814e-001  7.315892e-001  7.281148e-001  -2.276171e-001  
0
1
2
13 0 10 6 0 -1
13 0 5 6 0 2
tilted_haar_x2
-0.175465  224.926041  64
-3.729604e-001  -6.471784e-001  -4.908049e-001  5.880959e-001  -1.972116e-001  6.520433e-001  3.341019e-001  2.308387e-001  -1.053849e-001  -5.445683e-002  5.334621e-001  -2.216335e-001  3.287165e-001  1.750831e-001  2.402042e-001  -8.961883e-003  1.928605e-001  1.240623e-001  7.779665e-002  -8.428592e-002  -2.929382e-001  7.724134e-002  -7.679656e-002  2.895648e-001  -9.823412e-002  -1.421631e-001  2.058434e-001  9.317678e-002  1.345934e-001  3.094665e-001  -1.535300e-001  -4.079046e-001  1.354627e-001  -2.101583e-001  -3.838447e-001  -1.685119e-002  4.705056e-002  4.404042e-001  -3.688457e-002  1.399379e-001  5.905256e-002  3.295578e-001  -2.732944e-001  4.845174e-001  3.092709e-001  -6.169247e-002  1.440567e-001  6.385190e-002  -3.404084e-001  3.476145e-001  -1.144719e-001  2.450400e-001  1.284636e-001  1.730800e-001  -3.950340e-001  -9.632920e-001  1.186110e-001  -3.619137e-001  -8.103632e-001  2.887688e-002  -2.339048e-001  3.155276e-001  -7.342147e-001  -6.951075e-001  
0
1
2
0 2 24 14 0 -1
6 2 12 14 0 2
haar_x4
-0.340730  82.924515  64
4.800263e-001  -4.097450e-002  3.701069e-001  6.430573e-001  3.326039e-001  1.611732e-001  -8.611021e-002  7.865909e-002  2.131776e-001  -4.150526e-001  2.621831e-001  4.149750e-001  -8.107898e-002  1.340540e-001  5.524040e-001  -1.490357e-001  3.771435e-001  1.306308e-001  -3.347275e-001  -2.066889e-001  -2.401740e-001  5.796416e-002  7.173274e-002  2.438836e-002  -3.750591e-002  9.681190e-002  -3.130608e-001  -1.474918e-001  -1.841513e-001  1.897703e-001  -1.750441e-001  -4.512657e-002  -7.616844e-003  -1.383234e-001  -1.719406e-001  1.386497e-001  3.576266e-006  2.343467e-001  1.534324e-001  -1.817457e-001  -4.789750e-002  2.744561e-002  2.562837e-002  5.105517e-001  4.834966e-002  -2.797745e-001  -4.162046e-001  -4.497380e-001  1.857232e-001  -1.216872e-002  1.334085e-002  -2.105058e-001  1.961112e-001  6.905524e-001  5.389370e-001  4.812397e-001  -1.840305e-001  8.488251e-001  -9.873257e-001  1.013865e+000  3.732721e-001  4.929634e-001  5.966129e-001  9.009174e-001  
0
1
2
6 0 16 8 0 -1
6 4 16 4 0 2
haar_y2
-0.221154  157.632889  64
9.503160e-001  4.204867e-001  6.449594e-001  5.945295e-001  2.178478e-002  1.403020e-001  8.108500e-001  -1.530485e-001  3.970507e-001  9.299262e-001  -2.383120e-001  -5.123721e-002  -6.444030e-002  2.733544e-001  -3.269486e-001  1.525283e-001  4.688094e-002  -1.731476e-001  6.700917e-002  -2.641907e-001  -1.212933e-001  -1.986775e-001  -1.459608e-001  1.054471e-001  2.804311e-001  2.325853e-001  5.257937e-003  3.341577e-001  1.618624e-003  9.252582e-002  -1.907405e-002  1.446752e-001  -2.768996e-001  -1.475017e-001  -2.330139e-002  4.696750e-002  -2.318796e-001  -3.249535e-001  2.103883e-001  -3.928932e-001  -1.091937e-001  -3.022348e-001  -3.455257e-001  3.940305e-001  1.248102e-001  5.772129e-001  -5.409278e-002  -1.326111e-002  -1.139984e-001  -1.931894e-001  8.190286e-001  3.248830e-001  -1.033275e-001  7.018827e-001  -8.500297e-002  6.352942e-001  -1.348964e-001  -5.074091e-001  1.627117e-001  5.333325e-001  -4.657141e-001  5.451097e-001  5.839690e-001  -1.516238e-001  
0
1
2
17 3 5 6 0 -1
17 3 5 3 0 2
tilted_haar_y2
-0.118588  445.443054  64
5.444625e-001  5.887140e-001  8.103407e-001  8.055605e-001  -2.175357e-001  5.947793e-001  -4.142818e-001  4.592162e-001  1.175928e+000  4.781441e-001  -1.141784e-001  -7.564917e-001  7.043920e-001  3.647059e-002  2.788615e-001  -2.558558e-001  -4.303869e-001  4.053271e-001  -1.858000e-002  -2.188091e-001  2.267365e-001  1.211230e-002  -7.123058e-002  8.232983e-003  -5.673290e-001  -1.894111e-001  -8.366325e-002  -3.121945e-001  1.683254e-001  1.121391e-001  -1.395777e-001  6.703411e-004  7.883594e-002  6.849731e-002  9.766587e-002  1.259182e-001  -1.789196e-001  1.758901e-001  1.509728e-001  2.295654e-001  1.530846e-001  6.437642e-002  -1.962076e-001  -2.046106e-001  1.988075e-001  2.284246e-001  -7.585777e-002  -9.033713e-002  -3.457049e-001  1.898280e-001  -1.368806e-001  5.053114e-002  1.095274e-001  4.859543e-001  -3.168382e-002  -5.504909e-003  2.785244e-001  8.577206e-003  5.537634e-001  5.390450e-002  5.794748e-001  -6.249791e-001  3.512162e-001  -4.440348e-001  
0
1
2
17 15 5 4 0 -1
17 15 5 2 0 2
tilted_haar_y2
-0.032437  672.439026  64
-3.014844e-002  -1.747190e-002  -4.778660e-001  7.209593e-002  2.200644e-001  -4.230812e-001  -4.057430e-001  -5.144511e-001  -4.196010e-001  -6.656920e-001  -3.108042e-001  -2.801958e-001  1.746606e-002  -6.186695e-001  -2.196986e-002  -1.518485e-001  2.302352e-001  1.893155e-001  -1.873009e-001  1.100738e-001  1.872713e-001  -8.748359e-002  1.192671e-001  2.304386e-001  6.576075e-002  2.725297e-001  -8.820342e-002  -4.188614e-002  1.157916e-002  1.347994e-001  1.878614e-001  1.745746e-001  2.753294e-001  2.322413e-001  1.719400e-001  -1.477811e-001  -4.194168e-002  -1.692192e-001  -2.713098e-001  -1.553542e-001  3.306795e-002  -1.939346e-001  -1.445687e-001  -2.397569e-001  -7.678044e-002  1.036953e-001  7.765530e-001  7.454062e-001  -3.167267e-001  -7.494380e-002  -1.394920e-001  3.111552e-001  8.548149e-001  2.084341e-001  4.479215e-001  -3.165541e-001  -1.728578e-001  -1.582212e-001  4.280485e-001  4.941220e-001  -6.083258e-001  7.261488e-001  8.963618e-001  -1.401626e-001  
0
1
2
4 0 8 16 0 -1
8 0 4 16 0 2
haar_x2
-0.090594  300.126709  64
1.381391e-001  -7.905929e-001  2.586165e-001  -3.820576e-001  -5.662700e-002  -5.221322e-001  -5.390767e-001  1.854936e-001  -3.942781e-001  -3.048167e-001  2.472593e-001  -3.613605e-001  -4.256136e-002  -1.685226e-001  -1.628214e-001  2.197703e-001  2.095793e-001  -2.563539e-001  1.497779e-001  -7.835865e-002  -2.199160e-001  2.569309e-002  6.023281e-002  7.554340e-002  -1.071832e-001  3.437709e-001  -2.300079e-002  1.905404e-001  5.649772e-003  4.737079e-001  2.359851e-002  1.506045e-001  3.207717e-001  8.034279e-002  4.563242e-002  -7.638722e-003  8.792724e-002  -1.092556e-001  9.174195e-002  -2.244218e-002  1.892069e-001  -6.953362e-002  -9.154017e-002  2.796997e-001  -3.740493e-001  -6.679963e-002  -1.980394e-001  -1.794009e-001  5.946366e-002  -5.263325e-001  1.680691e-001  -3.882562e-001  8.577533e-001  -2.561174e-002  -4.858410e-001  -7.429017e-001  -7.611660e-001  -3.361841e-001  1.813266e-001  -8.191708e-001  -1.049745e-001  4.536868e-001  -3.281924e-001  -1.272982e-001  
0
1
2
0 1 12 21 0 -1
0 8 12 7 0 3
haar_y3
-0.182160  108.413010  64
3.170202e-001  -2.571213e-002  -1.014245e-001  7.074700e-001  1.183685e+000  -3.813676e-001  5.024172e-001  -6.404203e-001  -6.692290e-001  8.144929e-001  -2.929712e-001  2.707652e-001  -4.865207e-002  -5.263463e-001  -1.489085e-001  2.213046e-001  2.138681e-001  7.904249e-002  3.519299e-002  -4.089765e-002  1.541664e-002  1.753827e-001  -4.873866e-002  -1.051304e-001  3.146492e-001  -1.143149e-001  -1.947841e-001  5.910891e-002  2.084405e-001  2.658580e-002  2.233312e-001  -9.508798e-002  -1.611147e-001  -1.952539e-001  -7.088131e-002  -6.250968e-003  1.978692e-001  -1.159939e-002  8.946376e-002  8.646738e-002  -5.910563e-002  1.102055e-001  3.991655e-002  9.865190e-003  -2.644605e-001  -1.146061e-001  3.465426e-001  -1.065443e-001  -2.391265e-001  1.651504e-001  9.362026e-001  -4.505320e-001  -2.853713e-001  1.038228e-001  -1.169424e-001  -3.871646e-001  4.907421e-001  -6.859505e-002  2.790998e-001  1.547500e+000  1.914077e-001  1.312909e-002  -6.749307e-001  -2.517378e-001  
0
1
2
15 1 8 9 0 -1
19 1 4 9 0 2
haar_x2
-0.092433  261.492065  64
6.409698e-002  -8.456622e-002  -3.092109e-002  1.677054e-001  -4.607001e-001  1.732709e-001  -3.848226e-001  -1.496800e-001  5.805889e-001  1.338343e-001  1.657934e-001  -6.629866e-003  -1.791402e-001  -5.156112e-002  -2.421481e-002  -1.791648e-001  -9.849476e-002  -1.312273e-001  -2.656641e-001  -5.564813e-002  -1.398807e-002  7.714797e-002  2.693993e-001  2.720663e-001  -1.621304e-001  -1.580402e-001  1.549518e-001  -1.495656e-001  7.655521e-002  3.733715e-001  1.916598e-001  -2.403371e-001  1.008528e-001  -3.572167e-001  -7.084110e-002  5.363590e-002  3.071048e-001  -1.483623e-002  5.317537e-001  -3.052882e-002  -1.258315e-001  -8.344427e-002  -2.572823e-001  -1.895404e-001  -4.046135e-001  2.569070e-001  -1.043311e-002  5.831504e-001  1.680486e-001  -3.995352e-002  -8.772416e-002  4.144178e-002  -2.912277e-002  -6.758185e-002  -4.173324e-002  2.386262e-001  4.473049e-002  1.825578e-001  -4.404685e-001  -1.111529e-001  4.711074e-001  1.124778e+000  -1.393898e-001  3.082940e-001  
0
1
2
9 1 11 20 0 -1
9 6 11 10 0 2
haar_y4
-0.087373  178.860657  64
4.155340e-001  -5.808574e-001  4.198800e-001  2.240189e-001  9.433096e-001  -6.475968e-001  8.369983e-002  2.333482e-001  3.091809e-001  -3.329684e-001  2.118389e-002  2.661102e-001  -2.312350e-002  1.907703e-001  -2.307303e-001  3.162654e-002  4.001655e-003  -4.571569e-001  -6.052748e-002  6.385285e-002  -3.475700e-002  -5.127171e-002  1.905806e-002  -1.309871e-001  2.047691e-003  1.949527e-001  -6.807199e-002  2.282320e-001  -2.566969e-001  4.116939e-001  1.171764e-001  -3.968159e-002  1.461101e-001  7.003026e-002  3.931161e-002  2.259043e-001  3.336411e-002  -1.617705e-001  -7.132090e-002  2.204187e-001  -9.447944e-002  8.488736e-002  -8.482961e-002  -1.162734e-001  7.000254e-002  4.192621e-002  3.226201e-001  9.371014e-002  -1.565525e-001  1.242253e-001  1.657979e-002  -3.114294e-001  -8.908058e-002  -3.692261e-001  -2.403186e-001  -4.357461e-001  -7.717486e-002  -1.571864e-001  -8.970883e-001  -5.610335e-001  -9.043131e-001  -7.993361e-002  -5.776153e-001  -1.617240e+000  
0
1
2
6 1 12 7 0 -1
10 1 4 7 0 3
haar_x3
-0.044078  271.166168  64
-3.006938e-001  -5.078526e-001  -3.319107e-002  3.240620e-001  2.233142e-001  4.483042e-001  2.934674e-001  9.546091e-002  3.332470e-001  4.374753e-001  1.884328e-001  1.478865e-001  -1.878588e-001  1.405364e-001  -9.447912e-002  -1.635852e-001  -1.821272e-001  -1.705874e-002  9.172390e-002  -1.359229e-001  -1.214567e-001  1.543964e-002  7.229961e-002  8.799888e-002  -3.828336e-001  -1.719183e-001  -6.190290e-002  -3.456713e-002  -1.400642e-001  5.811414e-002  -7.627121e-002  -1.192329e-001  -2.536402e-001  1.561415e-001  -1.097705e-002  -1.917187e-001  -2.705209e-001  -3.951669e-002  3.160936e-002  -3.337588e-001  2.019828e-001  -1.236539e-002  2.449997e-001  1.338978e-001  1.625668e-001  2.802836e-001  -1.245826e-002  4.258129e-001  -1.854705e-001  2.896944e-001  -2.564692e-001  3.645113e-001  4.547197e-001  -2.265079e-001  -9.335755e-002  -1.239028e-001  4.183676e-001  1.132287e+000  3.831168e-001  8.942443e-001  1.368946e-001  7.857105e-001  4.762980e-001  1.489138e+000  
0
1
2
9 6 14 6 0 -1
9 8 14 2 0 3
haar_y3
-0.058635  396.435760  64
4.920326e-004  7.121991e-001  7.410504e-001  -3.563055e-001  -9.633362e-003  6.704203e-001  -7.562710e-002  1.005212e+000  -1.840718e-001  7.412345e-002  4.803575e-001  -1.098152e-001  2.873749e-001  -1.402831e-001  7.664031e-002  -2.550129e-001  -7.426545e-003  -3.865846e-001  -1.526629e-001  -1.265503e-001  -1.713222e-001  -3.352397e-001  -5.635276e-002  -1.422949e-001  5.642172e-002  2.352078e-002  1.641586e-001  4.947180e-002  9.111644e-002  7.904081e-002  2.016632e-001  1.068625e-001  1.508941e-002  9.002777e-002  2.037692e-001  2.016109e-001  -1.587700e-002  5.067103e-002  3.257673e-001  -2.089586e-001  -9.361232e-002  2.387157e-001  -8.133171e-002  2.060239e-001  -3.101426e-001  2.207414e-001  1.891295e-001  -3.307156e-001  -5.848498e-001  -1.998530e-001  -1.348880e-001  -1.907431e-001  1.367927e-001  -6.924744e-001  -3.610973e-001  -6.477196e-001  4.587004e-001  -3.843150e-001  -4.754963e-001  -9.755407e-001  -1.014201e+000  -2.455284e-001  -2.588783e-001  -8.585337e-001  
0
1
2
3 6 16 8 0 -1
3 10 16 4 0 2
haar_y2
-0.037954  326.430695  64
-2.368239e-001  1.537803e-001  5.555305e-001  -1.687796e-001  -6.502193e-001  -3.431626e-001  -2.003277e-001  -2.085906e-001  -4.247310e-001  -2.929101e-001  8.829955e-002  -4.281607e-001  -1.224263e-001  1.005894e-001  1.048757e-001  -1.352477e-001  3.833670e-001  3.731697e-001  -2.008084e-002  2.050705e-001  1.422423e-001  2.549075e-001  1.495083e-001  1.821208e-001  -1.564069e-002  -9.321780e-002  5.938766e-002  -1.520581e-002  -7.206084e-003  -5.900217e-002  3.677236e-001  -2.993211e-001  1.144228e-001  -4.688485e-002  -8.476366e-002  1.744850e-002  -9.775381e-002  1.256821e-002  -1.425234e-001  -1.193267e-001  -2.212646e-001  -1.272216e-001  6.239583e-002  6.068370e-002  3.156390e-001  2.549515e-001  -2.459421e-001  -1.992767e-002  1.995692e-001  -1.666016e-001  -3.543425e-001  1.027803e+000  1.809936e-001  7.842228e-002  -4.710160e-001  3.154036e-001  -1.594866e-001  -2.370878e-001  -2.166345e-001  -4.456095e-002  1.134603e+000  9.334130e-001  -3.030243e-001  -6.801968e-002  
0
1
2
7 15 15 6 0 -1
12 15 5 6 0 3
haar_x3
-0.137744  202.450592  64
-7.854211e-002  4.684323e-001  6.278969e-001  6.347541e-001  1.278348e-001  -4.852553e-001  1.753663e-001  6.129767e-002  4.636954e-001  -1.559385e-001  2.939463e-001  1.258674e-001  1.254959e-001  5.250306e-001  -9.857562e-002  -8.718999e-003  1.732554e-001  1.370514e-001  2.195891e-002  -2.513163e-001  -3.236871e-001  -3.536610e-002  -1.553246e-001  2.467336e-002  1.203605e-001  1.837061e-001  9.940907e-002  -1.177284e-001  -2.852190e-001  -1.813313e-002  -7.563473e-002  -2.201101e-001  1.128492e-001  4.178587e-002  5.729485e-002  1.629590e-002  -3.551297e-002  4.528449e-002  -2.934872e-001  -1.699895e-001  1.069127e-001  2.934684e-001  1.238115e-001  -1.988674e-001  3.207762e-001  -2.694118e-002  -1.184847e-002  -1.258715e-001  5.468152e-001  1.058455e-001  -1.987388e-001  8.978028e-001  4.043688e-001  9.071893e-002  -4.146222e-001  5.406025e-002  7.578830e-002  1.611179e-001  1.279102e+000  1.265411e-002  -2.682212e-001  3.447779e-001  -6.499898e-001  3.276988e-001  
0
1
2
0 11 17 6 0 -1
0 13 17 2 0 3
haar_y3
-0.106786  320.067413  64
5.967146e-001  8.581749e-001  5.659319e-001  5.009978e-003  9.057722e-001  4.486427e-001  1.786058e-001  9.176507e-001  7.193168e-001  4.710348e-001  6.594508e-001  1.959287e-001  9.311194e-001  -1.199035e-001  1.398196e-001  4.390146e-001  6.503155e-001  -5.622233e-001  3.370839e-001  4.580938e-001  -9.505817e-002  -9.739146e-002  4.306956e-002  -1.722131e-001  2.816481e-001  5.247238e-001  6.183497e-003  6.203515e-002  5.981969e-002  1.358286e-001  8.022355e-002  -1.561128e-001  -1.070053e-001  -9.504999e-002  -1.262236e-001  3.264566e-002  -1.037223e-001  -1.400176e-001  -1.058791e-001  -8.884519e-002  -7.160912e-002  -1.089630e-001  -2.841384e-002  2.313149e-001  -1.330741e-001  2.038765e-001  -4.746481e-002  6.138007e-002  -7.427933e-002  2.811453e-001  2.112992e-001  -3.671000e-002  -6.069032e-002  -5.642031e-001  2.533264e-001  6.992344e-001  -3.975399e-001  1.138403e+000  6.908168e-001  2.308606e-001  -8.599166e-001  3.387363e-002  3.812371e-001  -2.783036e-001  
0
1
2
0 15 24 9 0 -1
6 15 12 9 0 2
haar_x4
-0.377611  84.396599  64
-2.762873e-001  2.317547e-001  8.649620e-001  3.464802e-001  3.165818e-001  7.400287e-001  5.066995e-002  -3.177327e-001  -1.392394e-001  -1.121109e-001  8.493856e-002  9.197944e-002  -5.121188e-002  -4.837602e-002  1.437236e-001  9.926625e-002  -2.632040e-001  -1.669873e-001  6.188678e-003  1.264453e-001  -7.438961e-002  -6.672026e-002  -2.004441e-001  -2.031800e-001  -2.290746e-002  -2.765061e-001  6.086934e-002  1.305041e-002  -1.704226e-001  2.399182e-001  3.347081e-001  8.777089e-002  2.187929e-001  1.475401e-001  1.185039e-001  -2.309071e-001  8.908913e-002  5.807154e-002  9.728944e-002  2.097100e-001  -1.557301e-001  1.338658e-001  1.310932e-001  2.979441e-001  9.552262e-003  2.620224e-002  1.190770e-001  -3.260549e-001  -8.646289e-002  -2.719231e-001  -2.586795e-001  -3.227706e-001  2.582865e-001  1.390741e-001  -1.536287e-001  6.733117e-001  4.089645e-001  4.546342e-001  1.364134e-001  2.071375e-002  4.098172e-001  1.241091e+000  -2.071410e-001  -8.347439e-001  
0
1
2
11 0 3 24 0 -1
11 12 3 12 0 2
haar_y2
-0.137538  279.288422  64
-1.392682e-001  -9.319906e-002  -9.530833e-001  3.930055e-001  -1.182488e-001  1.914824e-001  4.894914e-001  3.157995e-001  -7.116357e-002  5.636799e-002  1.556931e-001  3.153947e-002  1.184060e-001  3.891359e-002  1.299646e-002  3.252232e-001  9.511632e-002  5.224955e-002  3.205181e-002  1.832757e-001  1.797302e-001  -6.953112e-002  1.089521e-001  -9.808934e-002  -6.385184e-002  1.583755e-002  -7.387178e-002  -2.216200e-001  -7.554248e-002  -3.087446e-001  2.800122e-002  8.812518e-002  -6.479321e-002  -1.149892e-001  1.021814e-001  1.629908e-001  -5.469738e-002  -3.885091e-002  -3.175059e-001  -1.746776e-001  -8.075289e-002  -2.275243e-001  2.233074e-001  -1.296152e-001  6.161007e-003  -3.045514e-001  1.461311e-001  -9.008805e-002  1.778381e-001  2.392123e-002  4.373465e-001  -1.427843e-001  -7.553530e-002  8.475903e-001  1.434391e-002  -4.167349e-001  3.681561e-001  -1.122926e-002  5.293032e-001  7.519315e-001  7.559196e-001  5.112189e-001  9.044894e-001  1.828984e+000  
0
1
2
6 0 11 24 0 -1
6 12 11 12 0 2
haar_y2
-0.317870  110.832794  64
1.922375e-001  6.486732e-001  2.260730e-002  -1.221055e-001  -1.064563e-001  -3.089669e-001  -3.047764e-001  4.752561e-001  6.426963e-001  -4.620021e-001  -9.611801e-002  -8.694218e-002  1.907805e-001  -8.016893e-002  4.017936e-002  -2.521267e-001  5.232285e-001  -1.744359e-003  -1.040855e-001  -8.662830e-002  -2.563257e-001  4.983431e-002  -3.466357e-001  3.955437e-002  -6.439982e-002  -1.666654e-001  2.015659e-001  -2.217932e-001  3.348560e-001  1.208243e-001  -1.849073e-003  2.314819e-001  1.572707e-002  -3.363449e-002  1.671629e-001  2.241419e-001  5.968974e-002  -1.989690e-001  -5.891136e-002  -9.415726e-002  -3.401486e-002  1.969164e-001  -6.764330e-002  -1.654157e-001  2.882375e-001  -2.152208e-001  -2.471506e-001  -5.310010e-002  1.807408e-001  4.105507e-001  3.505501e-001  2.999579e-001  2.779993e-001  3.042563e-001  1.892453e-001  8.422636e-002  -4.538084e-001  -1.467543e-001  3.592153e-001  -4.604780e-001  -3.893524e-001  -3.618532e-001  -1.349079e-001  -3.764475e-001  
0
1
2
6 15 9 9 0 -1
9 15 3 9 0 3
haar_x3
-0.087095  349.840210  64
-1.064517e+000  -6.123509e-001  1.206390e-001  -1.373829e-002  1.685395e-001  -9.048715e-002  2.580485e-001  6.249444e-001  2.903865e-001  -1.765855e-001  2.247421e-001  3.301416e-001  2.921231e-001  -1.916164e-001  -2.934289e-001  -7.359168e-002  1.267962e-002  -1.374043e-002  2.153273e-001  -1.391416e-001  -1.135557e-001  8.108862e-002  -9.180612e-002  1.091243e-001  -2.193944e-002  -1.116253e-001  -2.526182e-002  1.975802e-001  -3.730446e-002  3.466896e-002  1.482424e-001  -2.441570e-002  2.194282e-001  6.834786e-002  -2.088369e-001  1.468561e-001  1.099146e-002  -1.674511e-001  -1.042294e-001  6.175076e-002  1.981936e-001  4.537859e-001  4.214732e-002  -3.496160e-002  5.168720e-002  -1.068730e-001  2.112088e-001  1.720856e-001  6.679006e-004  -3.189251e-002  7.831300e-001  -6.398273e-002  -4.329268e-002  -3.951078e-001  2.934236e-001  -3.196264e-001  -8.572528e-001  -5.961068e-001  2.711492e-001  -7.408998e-001  -3.437033e-001  6.394809e-001  5.272686e-001  9.587425e-002  
0
1
2
9 0 9 9 0 -1
6 3 9 3 0 3
tilted_haar_y3
-0.180696  164.551727  64
1.042328e-001  3.271254e-001  -7.711360e-001  -2.348717e-001  5.198022e-002  -3.884408e-002  1.132310e-001  -2.052298e-001  -1.769826e-001  4.537482e-001  -1.695061e-001  -1.866596e-001  -6.294307e-002  -1.487451e-002  -1.607986e-002  1.967952e-001  3.352259e-001  1.480348e-001  1.227034e-001  -9.847695e-002  -6.530377e-002  8.291113e-002  -5.728421e-002  1.026960e-001  3.908450e-002  1.772548e-001  2.699672e-001  2.730742e-002  -1.089621e-001  -1.059594e-001  -6.778441e-002  -6.323569e-002  1.101683e-002  -2.221510e-001  -2.745078e-002  -6.666066e-002  -2.203579e-001  -1.465615e-002  -2.900619e-002  -5.201747e-001  -2.921309e-001  4.246443e-002  -8.070988e-002  -5.597326e-004  -2.099877e-001  -2.322637e-001  2.965317e-002  -2.247688e-002  6.008087e-001  6.885517e-002  1.373806e-001  6.160113e-002  8.687229e-002  9.781634e-001  7.697774e-001  8.736799e-001  5.408816e-001  1.459463e+000  3.039786e-001  8.398036e-001  9.104198e-001  4.457346e-001  4.250069e-001  3.788781e-001  
0
1
2
6 4 8 20 0 -1
8 4 4 20 0 2
haar_x4
-0.120023  296.284607  64
-4.259440e-002  4.093469e-001  1.045830e+000  1.663056e-001  2.998492e-001  -6.240211e-002  7.127666e-002  1.555540e-001  2.168302e-001  1.933493e-001  2.842351e-001  3.200424e-001  6.705028e-001  2.013386e-001  1.877648e-001  -2.467783e-001  -1.119011e-001  -2.054930e-001  -9.454562e-002  2.860574e-001  5.593365e-002  2.091506e-002  -6.382353e-002  2.141287e-001  -2.950882e-002  -1.805681e-001  7.072684e-002  9.021786e-002  -9.070009e-002  -1.620689e-002  -1.783061e-001  -3.040810e-001  -1.014771e-001  2.473254e-002  -1.300183e-001  -1.427721e-001  -7.869539e-002  -1.476811e-001  -7.265485e-002  4.302477e-002  -3.030004e-001  -2.556101e-001  1.574578e-001  -6.851831e-002  8.911611e-002  -2.711607e-001  -2.182994e-001  4.047352e-001  7.954760e-003  3.073477e-001  3.417036e-001  7.854907e-001  4.623542e-001  -9.968970e-002  5.856277e-001  4.862643e-001  -3.297361e-001  -2.441161e-001  7.920945e-001  3.961529e-001  3.204454e-001  -1.630371e-001  -8.004142e-001  -3.545883e-001  
0
1
2
6 2 12 11 0 -1
12 2 6 11 0 2
haar_x2
-0.157103  189.095917  64
-2.050986e-002  4.792115e-001  -7.958582e-001  1.536490e-001  1.029040e+000  -7.162251e-001  8.945166e-001  -4.485031e-002  -4.914138e-001  -4.459336e-001  -1.922612e-001  2.025088e-001  -3.291191e-001  -5.561484e-001  1.149160e-001  -1.725417e-001  9.788092e-001  6.699879e-002  -5.099193e-001  -4.082228e-001  8.664714e-002  -2.861069e-001  -1.026436e-001  -4.293146e-001  -2.504382e-001  1.682347e-001  -2.305010e-002  -1.744403e-001  -1.319891e-001  5.422574e-002  -2.588984e-001  1.323893e-001  2.349315e-001  -1.232647e-002  9.488530e-002  1.935041e-001  2.212124e-001  2.551073e-001  9.775117e-002  6.592946e-002  1.927307e-001  9.615901e-002  -1.664641e-002  -7.315695e-002  5.254497e-002  1.467557e-001  -4.558975e-002  2.031026e-002  1.772459e-001  -4.047061e-001  2.289059e-002  6.265372e-002  -3.760624e-002  8.564337e-002  -3.042093e-002  5.459632e-002  5.662108e-002  -1.979570e-001  3.358266e-001  -3.503633e-001  -7.649999e-002  -5.331366e-001  -6.965136e-001  -8.021750e-001  
-1.961244 
