10 
0
1
2
5 1 10 4 0 -1
4 2 10 2 0 2
tilted_haar_y4
-0.047473  640.472473  64
-1.349794e+000  -7.462863e-001  -6.125414e-001  -1.581744e+000  -3.443961e-001  -3.517067e-001  -6.009839e-001  -7.639053e-001  -5.604866e-001  -1.319683e-001  -4.435205e-002  -1.727910e-001  -1.253245e-001  -9.724544e-002  -1.861676e-001  -1.732123e-001  -1.350979e-001  7.516454e-004  -1.837846e-001  4.019075e-002  -3.173373e-001  -1.521742e-001  -2.112336e-001  -2.607868e-001  -2.893119e-001  -5.156891e-001  -4.355198e-001  -5.858086e-001  -6.120811e-001  -4.983505e-001  -5.683444e-001  -6.644251e-001  -5.149435e-001  -5.222650e-001  -4.130964e-001  -6.640989e-001  -3.818708e-001  -3.525656e-001  -2.331676e-001  -3.897827e-001  -4.184467e-001  -7.158051e-001  5.005724e-002  -1.690975e-001  -3.045444e-001  -2.215540e-001  -7.153921e-002  -1.209208e-001  -2.243445e-001  -2.340874e-001  -5.371227e-001  -2.819478e-001  -4.827903e-001  -5.473179e-001  -5.615175e-002  -1.772540e-001  -7.361274e-001  -4.474799e-001  -6.214667e-001  4.437046e-001  -3.927773e-001  -1.026279e+000  -1.042733e-001  -8.135227e-001  
0
1
3
1 7 14 12 0 -1
1 7 7 6 0 2
8 13 7 6 0 2
haar_x2_y2
-0.174587  218.340530  64
1.643275e-001  -2.781731e-001  -2.094919e-001  1.769998e-001  1.497734e-001  1.433855e-001  -1.645129e-002  -3.861232e-001  -2.635397e-001  -2.392421e-001  -2.862371e-001  -8.334582e-002  -4.677500e-001  4.918519e-002  -1.279972e-001  -5.090456e-002  -3.309220e-001  7.396822e-002  1.067346e-001  1.540750e-002  -2.122512e-002  -3.479997e-002  -6.196769e-002  -9.475975e-002  3.886854e-002  -6.976588e-002  -3.141296e-003  1.063685e-001  -9.141130e-002  -3.554340e-001  2.415062e-002  3.702097e-002  2.132529e-001  -6.586481e-002  4.339898e-002  1.362631e-001  1.201199e-001  6.733961e-002  2.036685e-001  1.679423e-001  8.819649e-002  3.215834e-001  9.219238e-002  1.898386e-001  -7.066003e-002  -6.942202e-004  -1.812945e-002  1.257890e-001  -1.577952e-001  -2.150740e-001  -2.918022e-001  -2.980342e-001  -1.673366e-001  -3.692141e-001  -3.031705e-001  -1.880243e-001  -1.212828e+000  -6.194829e-001  -4.111362e-001  -1.775933e+000  -1.162573e+000  -1.012183e+000  -8.267217e-001  -1.673074e+000  
0
1
2
7 0 6 14 0 -1
9 0 2 14 0 3
haar_x3
-0.084378  426.127625  64
-6.022472e-001  -9.776685e-002  -2.644482e-001  -4.885059e-001  -1.529082e-001  -4.082177e-001  1.229745e-001  -1.719912e-001  -2.352625e-001  3.676294e-001  -2.376354e-001  7.592085e-002  -4.055872e-003  -1.829858e-002  1.270385e-001  6.308110e-002  2.219222e-001  -1.351738e-001  -4.829414e-004  1.812134e-001  3.771104e-001  2.761099e-001  3.072361e-001  3.346677e-001  9.218847e-002  3.844842e-001  1.577055e-001  1.207926e-001  5.472514e-002  8.507926e-002  1.707419e-001  -6.994224e-002  2.997140e-002  -1.594929e-001  -1.233015e-001  -1.675829e-001  -2.579992e-001  -2.314509e-001  -2.474910e-001  -1.605817e-001  -3.814749e-001  -2.739365e-001  -1.459293e-001  -1.949798e-001  -3.631691e-001  -2.194761e-001  -3.708163e-001  -4.276830e-001  2.393936e-002  -1.280208e-001  -2.071035e-001  -1.240963e-001  -1.802386e-001  -1.721482e-001  -1.820905e-001  -1.750065e-001  -2.680343e-001  3.430512e-001  -6.869823e-002  -8.235233e-001  1.830065e-002  2.645615e-001  -1.031701e+000  -4.043870e-001  
0
1
2
5 2 15 6 0 -1
10 2 5 6 0 3
haar_x3
-0.079189  216.200851  64
-2.772131e-001  4.387415e-002  1.786745e-001  2.490517e-001  -3.783768e-003  1.436844e-001  3.476410e-001  1.592383e-001  3.415343e-001  3.045376e-001  3.657623e-001  2.957220e-001  3.673280e-001  1.255563e-001  2.551283e-001  2.906816e-001  4.609438e-002  4.516306e-002  1.198516e-002  -7.815979e-002  -1.558976e-001  -2.510257e-001  -5.638592e-002  -1.015633e-001  -1.972731e-001  -9.022465e-002  -1.437043e-001  -8.144464e-002  -1.672135e-001  -3.101343e-001  -1.347690e-001  -1.748698e-001  -2.046750e-001  -8.341237e-002  -2.124889e-001  -3.594494e-001  -3.806967e-001  -3.619726e-002  -9.075444e-002  -3.303698e-002  -3.206123e-001  2.415960e-001  -8.605531e-002  2.469545e-001  7.254177e-002  -1.825472e-002  4.472552e-001  8.863574e-002  3.776944e-001  3.737502e-001  1.832210e-001  8.790424e-002  6.251813e-001  4.101438e-001  6.886881e-001  5.370220e-001  2.604159e-001  4.537925e-001  2.932451e-001  1.102776e+000  4.742843e-001  4.061358e-001  6.836622e-001  6.943835e-001  
0
1
2
13 4 9 9 0 -1
13 7 9 3 0 3
haar_y3
-0.127134  246.906342  64
4.673990e-001  2.798409e-001  7.782319e-001  2.462883e-001  -3.753912e-002  1.266583e-001  -8.192252e-002  6.281489e-001  -1.604279e-001  5.334080e-001  1.018678e-001  2.184276e-001  1.389544e-001  3.337559e-001  1.865722e-001  4.313956e-001  6.271656e-002  5.231038e-002  -1.926139e-001  -2.580068e-002  -1.040247e-002  -2.519379e-001  -2.965841e-002  -6.278876e-002  -1.658519e-001  -2.383622e-001  -5.238507e-001  -2.301927e-001  -2.842375e-001  -4.549487e-001  -2.326504e-001  -3.534230e-001  -2.564573e-001  1.285509e-002  -1.557812e-001  -3.907173e-002  5.595934e-002  1.074917e-001  2.225716e-001  1.910779e-001  2.274727e-001  3.077178e-001  1.190853e-001  2.602764e-001  1.608396e-001  1.923063e-001  1.540619e-001  1.757810e-001  2.385069e-001  -1.152109e-001  -1.967990e-002  1.653471e-001  -1.294043e-001  -3.592164e-001  -4.106511e-001  -1.362714e-001  1.720381e-001  3.382042e-001  -1.140209e-001  1.876708e-002  -2.448421e-002  -2.395249e-001  1.213982e-001  -6.578889e-001  
0
1
2
15 15 9 9 0 -1
15 18 9 3 0 3
haar_y3
-0.099565  281.892487  64
-1.411807e+000  -9.072619e-001  -6.498528e-001  -7.365165e-001  -6.788899e-001  -2.298542e-001  -7.784164e-001  -6.063052e-001  -5.398043e-001  -1.187715e-001  -4.872165e-001  -2.126186e-001  -1.746297e-001  -2.451570e-001  -2.367689e-001  -5.583078e-002  -1.221760e-001  -8.977390e-002  2.058222e-001  1.510554e-001  3.958901e-002  1.034201e-001  -1.200469e-001  3.527709e-002  8.714154e-002  -9.344484e-002  4.996308e-002  1.052190e-001  8.241250e-003  3.035455e-002  8.293568e-002  1.885540e-001  1.425806e-001  2.018308e-001  1.799331e-001  2.279115e-001  4.945026e-002  1.992480e-001  1.662738e-001  -1.259532e-002  3.428826e-002  2.357792e-002  3.713758e-002  -1.602031e-001  -1.782630e-001  9.618080e-002  -2.336492e-001  9.496437e-002  -1.675491e-001  -1.253255e-001  -9.130565e-002  -1.975251e-001  8.062827e-002  -4.924217e-002  -2.973042e-001  -3.451899e-001  -4.761355e-001  -4.312986e-001  -1.207668e-001  -8.166311e-001  -1.306622e-001  -5.017652e-004  9.030186e-002  2.291621e-002  
0
1
2
7 13 14 6 0 -1
7 15 14 2 0 3
haar_y3
-0.081775  295.288147  64
9.159651e-002  -6.077515e-002  -8.789773e-002  6.334358e-002  3.829916e-001  4.873949e-001  -1.330635e-001  2.178267e-001  8.633103e-002  9.071008e-002  1.391603e-001  7.867636e-003  1.995592e-001  -1.681007e-002  1.391251e-001  9.916472e-002  -1.183203e-001  -9.687538e-002  -6.012665e-002  -8.082295e-002  -1.606592e-001  -3.285359e-001  -1.719926e-001  -1.700879e-001  -3.222483e-001  -2.281501e-001  -9.951235e-002  -7.910693e-002  -1.045713e-001  8.777020e-003  2.817387e-002  9.318934e-002  2.419486e-001  1.264436e-001  2.183621e-001  3.582406e-001  3.805692e-001  4.052054e-001  5.095990e-001  3.139112e-001  5.544739e-001  3.141118e-001  2.580141e-001  4.286193e-001  8.390784e-001  6.448804e-001  2.102019e-001  4.360049e-001  7.602687e-001  8.386075e-001  3.434167e-001  7.669719e-001  3.408473e-001  4.127525e-001  2.693971e-001  4.927147e-001  8.149690e-001  2.672959e-001  6.435414e-001  6.134125e-001  2.413069e-001  3.000607e-001  3.275696e-001  3.136983e-001  
0
1
2
3 11 12 8 0 -1
7 11 4 8 0 3
haar_x3
-0.134282  252.687622  64
-9.905375e-001  -1.252038e-001  -3.155483e-002  -1.250993e-001  -6.978627e-002  -1.885933e-001  3.878459e-001  1.805676e-001  1.384494e-001  3.235880e-001  3.314579e-001  4.031573e-003  3.015094e-001  1.863205e-001  3.317469e-001  1.434131e-001  1.034119e-001  3.648907e-001  1.318029e-001  2.161019e-001  1.665552e-001  1.259623e-001  2.198521e-001  1.836856e-002  -1.384536e-002  3.871487e-002  -2.155010e-002  1.064193e-001  -1.708933e-001  -2.173968e-001  -1.231772e-001  -4.158315e-001  -2.854354e-001  -7.940767e-002  -2.348224e-001  -2.084038e-001  -1.156709e-002  -1.725851e-001  -2.667419e-001  -1.419644e-001  -2.598830e-005  -8.467953e-002  1.006501e-001  8.250239e-002  -7.449572e-002  -9.308137e-003  -2.021053e-001  1.319854e-001  2.987399e-001  1.645170e-001  2.006191e-001  4.354587e-001  2.750299e-001  5.661281e-001  -2.910240e-001  1.316366e-001  3.339761e-001  5.608929e-001  1.339782e-001  3.438627e-001  7.434037e-001  4.252554e-001  -2.156295e-001  -1.411055e-002  
0
1
2
13 1 6 12 0 -1
10 4 6 6 0 2
tilted_haar_y4
-0.093400  261.474731  64
-1.022819e+000  -5.088676e-001  -1.565886e-001  -5.193885e-001  -4.738455e-001  -2.326470e-001  -4.632746e-001  -4.419542e-001  -5.167521e-001  -4.643451e-001  -1.804731e-001  -4.566863e-001  -2.621461e-001  -1.340109e-001  -3.148721e-001  -2.596739e-001  -3.562524e-001  -1.431180e-001  9.893312e-002  -2.302320e-001  1.470523e-001  3.026698e-002  7.068267e-003  5.211498e-002  2.060851e-001  9.936334e-002  -6.461770e-003  1.498761e-001  1.076787e-001  6.174270e-002  1.718107e-001  1.639212e-001  9.852818e-002  2.157855e-001  2.792622e-001  1.410741e-001  9.638011e-002  6.067108e-002  1.860552e-001  6.896428e-002  2.709809e-001  1.673690e-001  -4.194771e-002  -5.484399e-002  -8.019681e-002  1.054716e-001  -4.022835e-002  2.076166e-001  -1.038718e-001  -1.066639e-001  -2.573184e-001  2.749323e-002  -1.027522e-001  -5.736496e-002  2.681719e-001  -1.092094e-001  -5.231675e-002  -4.652872e-001  -8.288811e-001  -7.677730e-001  3.398185e-001  -3.523555e-001  -1.756416e-001  -3.235708e-001  
0
1
2
11 0 6 10 0 -1
11 0 3 10 0 2
tilted_haar_x2
-0.123384  300.043671  64
-6.408148e-002  2.433604e-001  -2.306866e-001  -1.282238e-001  -1.674329e-001  -9.164203e-002  -2.995702e-001  -9.306042e-003  2.095377e-001  3.210207e-002  1.191614e-001  1.526588e-002  1.085274e-001  -9.304596e-002  1.981665e-001  1.106702e-001  2.983693e-002  4.751035e-002  -1.285192e-001  -8.049405e-002  -7.583460e-002  1.409074e-001  -5.595119e-002  3.876480e-002  -3.202442e-002  -1.877249e-002  2.081713e-001  1.421737e-001  1.877139e-001  7.251187e-002  1.419607e-001  9.603503e-002  8.285639e-002  2.214830e-001  1.806735e-001  -5.103016e-003  -1.970795e-001  1.702448e-001  9.891263e-002  1.734885e-002  7.733132e-002  -1.444033e-001  -1.166397e-001  -7.804471e-002  -2.604767e-001  -3.005545e-001  -1.182944e-001  -3.833204e-002  -7.090290e-001  -5.004314e-001  -6.286101e-001  -5.841848e-001  -5.669444e-001  -5.076998e-001  -6.162177e-001  -6.883882e-001  -1.232466e+000  -9.554684e-001  -9.071783e-001  -5.374180e-001  -8.075194e-001  -1.055206e+000  -9.753526e-001  -1.373978e+000  
-2.024351 
