22 
0
1
2
4 13 8 8 0 -1
8 13 4 8 0 2
haar_x2
-0.088656  352.615417  64
-1.414293e+000  -3.100414e-001  -8.860575e-001  -5.110455e-001  -1.059475e+000  -2.981865e-001  -3.180983e-001  -4.071408e-001  -2.075562e-001  -5.845733e-001  -2.205554e-001  -5.107478e-002  -3.265784e-001  -8.593667e-002  -4.060424e-001  -1.047474e-001  -1.506665e-001  -6.830836e-002  -3.307090e-001  -1.262737e-001  -3.139861e-001  -4.377293e-001  -3.695590e-001  -5.139886e-001  -3.050370e-001  -1.754487e-001  -3.101363e-001  -3.060929e-001  -3.198905e-001  -4.989731e-001  -4.966268e-001  -4.350687e-001  -7.165708e-001  -6.958671e-001  -7.370446e-001  -4.465396e-001  -5.042061e-001  -6.600769e-001  -1.047842e+000  -5.924528e-001  -5.803161e-001  -6.232185e-001  -5.981417e-001  -5.579624e-001  -1.194227e+000  -3.307486e-001  -4.594608e-001  -7.067502e-001  -6.182081e-001  -4.812153e-001  -2.566047e-001  -3.820918e-001  -6.228726e-001  -3.568176e-001  -8.949102e-002  -1.416467e+000  -9.295598e-003  3.473141e-002  -1.322514e+000  -2.630964e-001  2.252026e-001  8.706669e-001  1.509120e-001  -1.305205e-001  
0
1
3
5 6 6 18 0 -1
5 6 3 9 0 2
8 15 3 9 0 2
haar_x2_y2
-0.076178  390.663452  64
-2.820664e-001  2.502341e-001  -2.774459e-001  -6.229101e-002  3.198622e-001  -1.054110e-001  -3.910297e-001  -6.279744e-001  -4.210737e-001  -6.561366e-002  -2.477586e-001  -3.088442e-001  -2.374456e-001  -3.191448e-001  -1.821932e-001  -2.396525e-001  -1.429060e-001  -1.680160e-001  -1.496971e-001  -7.129175e-002  -1.756968e-001  -5.756715e-002  -2.111773e-002  9.903742e-002  -9.521630e-003  -2.206890e-001  -2.840210e-002  -1.688956e-001  4.202250e-002  1.904234e-002  8.801232e-002  -1.144666e-001  1.877007e-002  1.831483e-001  9.925300e-002  2.411757e-001  8.828931e-002  2.862335e-001  2.086125e-001  2.722851e-001  1.605734e-001  1.541572e-001  -2.692307e-002  1.611887e-001  -1.326463e-001  2.789003e-001  -1.037416e-001  3.968619e-001  7.451224e-002  1.197939e-001  -4.840029e-002  1.978493e-001  2.722296e-001  1.462111e-001  -4.756340e-001  -7.188364e-001  -4.650812e-002  9.342259e-002  -1.579810e+000  -2.855138e-001  -6.862092e-001  1.774898e-001  -1.141691e-001  -1.027284e+000  
0
1
2
18 0 6 4 0 -1
18 0 6 2 0 2
tilted_haar_y2
-0.052101  412.967865  64
3.918407e-001  2.508679e-002  -2.432488e-001  -9.494361e-002  -1.468446e-001  -1.881035e-001  -2.926207e-001  -2.604728e-001  -2.042328e-001  -4.177801e-002  1.010826e-003  6.039180e-003  -1.283322e-001  -6.858599e-002  -1.938427e-001  1.689838e-002  -4.714294e-001  -3.693117e-001  -3.556339e-001  -1.346452e-001  2.430684e-002  -5.449312e-002  -1.545102e-003  -1.294213e-001  1.330765e-002  -1.945461e-001  -4.830164e-002  -1.497452e-001  2.265134e-002  8.753034e-002  1.394770e-002  -2.719488e-002  2.462827e-001  2.540548e-001  1.406197e-001  2.536906e-001  5.673943e-002  -9.982111e-002  2.790305e-001  9.818697e-002  3.827382e-001  9.095904e-002  2.673120e-001  3.614850e-001  1.047648e-001  2.872732e-001  4.241501e-001  2.504688e-002  2.699015e-001  1.810080e-001  -4.519893e-003  5.217699e-001  -6.519527e-001  -6.157610e-001  -2.375347e-001  -2.971058e-001  7.360455e-001  2.009364e-001  -4.192157e-001  5.074288e-001  -3.318881e-001  3.459933e-001  -2.563313e-001  -1.350188e+000  
0
1
2
10 5 10 7 0 -1
10 5 5 7 0 2
tilted_haar_x2
-0.172861  159.971756  64
3.651603e-001  -9.911082e-002  7.142296e-002  2.342182e-001  1.662926e-001  -8.252279e-001  -1.176524e-001  -6.776146e-001  -1.088972e-001  -4.941493e-001  -3.827326e-001  1.570210e-001  -2.309467e-001  -2.175168e-001  -4.283900e-001  -5.181187e-001  -2.213777e-001  -7.736515e-002  3.166419e-002  -7.237646e-002  -5.320454e-002  1.562760e-002  2.242246e-002  -5.538099e-002  2.213443e-001  1.232790e-001  1.927825e-001  6.390598e-002  8.223594e-002  1.853313e-001  -3.954123e-002  8.922949e-003  2.323022e-001  1.732048e-001  -2.416307e-001  6.067890e-002  -2.615396e-001  -3.618191e-002  2.206438e-001  1.490615e-001  1.932210e-001  -2.096356e-001  -1.352721e-001  -1.631646e-002  -3.337015e-002  -1.116700e-002  4.250402e-001  4.843157e-001  6.686188e-002  -2.151167e-001  3.601686e-001  2.846794e-001  -1.760196e-001  3.684914e-001  2.415047e-001  3.686124e-001  2.365912e-001  -1.150548e-001  2.249102e-001  -8.886538e-002  -3.708716e-001  2.500641e-001  3.986911e-002  -6.909840e-001  
0
1
2
0 10 6 11 0 -1
3 10 3 11 0 2
haar_x2
-0.119406  202.821609  64
1.251426e-001  -6.242423e-002  5.266218e-001  1.124742e-001  -1.997680e-002  1.028421e-001  2.505730e-001  -3.194239e-001  4.020770e-001  2.039939e-001  -1.935894e-001  3.558421e-002  2.214354e-001  1.848541e-001  6.304464e-003  4.667076e-002  -1.101453e-001  7.743532e-002  1.783394e-001  1.044278e-001  2.851995e-002  -7.532013e-002  -1.273981e-001  -1.767029e-001  -5.559847e-002  -2.475964e-001  -1.764491e-001  -2.069185e-002  -5.188548e-002  -1.936268e-001  -1.733045e-001  2.094473e-002  -3.165966e-002  -1.770184e-001  1.877728e-001  3.824565e-001  2.783599e-001  6.098648e-001  4.119208e-001  2.135986e-001  3.826290e-001  -5.356191e-002  2.772654e-001  1.687138e-001  2.477257e-001  1.058935e-001  7.963586e-002  7.418630e-002  -1.379654e-001  -2.030825e-001  2.058201e-001  5.052165e-001  9.376216e-003  -6.463745e-001  3.293962e-001  2.102417e-001  6.832415e-001  -2.931791e-001  -2.326531e-001  1.306053e-001  -2.185779e-001  -3.455997e-001  1.069486e-001  -4.427183e-001  
0
1
2
10 0 3 22 0 -1
10 11 3 11 0 2
haar_y2
-0.108606  304.459320  64
-1.478706e-001  2.582698e-002  -1.022129e-001  3.922567e-001  4.982374e-002  1.875985e-002  4.031797e-001  7.549303e-002  -6.544368e-002  1.268295e-001  3.531869e-002  6.056606e-002  -2.012927e-002  3.501252e-002  8.661977e-002  2.490168e-001  1.396488e-001  1.491627e-001  4.015731e-002  1.417937e-001  7.464543e-002  2.372010e-001  8.904169e-002  -2.512506e-001  -1.500373e-001  -6.171694e-002  2.887581e-002  -5.573646e-003  -1.285143e-001  -7.089686e-002  -1.939763e-001  -2.970563e-001  -2.571003e-001  -1.190305e-001  -4.928894e-002  4.548186e-003  -1.245614e-001  -3.542902e-001  -3.213561e-002  -1.551247e-001  -3.202791e-002  -1.140146e-001  -8.407989e-002  2.620734e-001  -1.729350e-001  3.047295e-002  5.950600e-002  2.350509e-001  1.150005e-001  -2.170125e-002  6.964796e-001  1.851119e-001  3.434163e-001  7.686461e-001  7.538349e-002  7.161393e-001  7.205932e-001  7.876052e-001  7.006452e-001  8.242296e-001  1.166355e+000  7.286856e-001  9.156294e-001  9.230093e-001  
0
1
2
13 0 9 4 0 -1
13 0 9 2 0 2
tilted_haar_y2
-0.069352  523.656372  64
-9.388179e-002  -1.410102e-002  -1.574283e-001  -2.944860e-002  -2.168092e-001  1.366568e-001  -1.401228e-001  -4.496880e-001  -1.474379e-001  -5.163048e-002  3.117070e-001  7.755222e-002  6.989718e-002  1.407025e-001  1.962317e-001  2.354508e-001  8.882910e-002  -7.155028e-002  3.030683e-001  9.830489e-002  -8.885199e-002  6.944462e-002  1.321919e-001  1.015408e-001  1.805178e-001  1.555157e-002  7.545628e-002  6.150796e-002  1.709208e-001  5.594549e-002  5.951840e-003  4.565549e-002  7.457191e-002  6.518091e-002  2.794918e-001  -7.565230e-002  6.698378e-002  8.194070e-002  -2.488063e-001  7.247820e-002  -7.514001e-003  -1.562328e-001  1.830593e-002  1.638280e-001  -2.160860e-002  -1.324002e-001  -2.836620e-001  -3.636827e-001  -4.405718e-001  -3.811265e-001  -4.077798e-001  3.409310e-001  -2.511131e-001  -3.941141e-001  -6.396474e-001  -4.441916e-001  -1.215521e-001  7.395224e-002  -3.394260e-001  -3.453779e-001  1.548928e-001  7.797222e-001  -7.164404e-001  -1.167553e+000  
0
1
2
7 4 9 9 0 -1
7 7 9 3 0 3
haar_y3
-0.046117  370.120575  64
-2.666466e-001  1.079800e-001  -1.814341e-001  -1.876698e-002  -4.137735e-002  -5.752415e-001  -1.543561e-002  3.633337e-002  3.115024e-001  7.098078e-002  -1.308724e-001  7.164872e-003  1.585580e-001  8.705035e-003  1.648534e-001  1.786740e-001  1.259188e-001  9.496777e-002  2.769442e-001  -6.891344e-002  1.618402e-001  1.741412e-001  6.885844e-002  7.420582e-002  1.734821e-001  1.457170e-001  -7.331008e-002  7.761572e-002  9.243070e-002  -8.436903e-002  -9.319328e-002  9.661718e-003  -9.344373e-002  -1.519866e-001  -2.669634e-001  -4.704803e-001  -1.181991e-001  -3.797659e-001  -3.363452e-001  -4.265904e-001  -2.252874e-001  -3.289246e-001  -4.266660e-001  -5.218419e-001  -6.042373e-001  1.979431e-001  -2.763560e-001  -2.498682e-001  -1.794249e-001  1.903650e-001  -4.857465e-001  -2.298626e-001  -2.797202e-001  2.204763e-001  3.632987e-001  1.166810e-001  -8.588995e-002  -7.609575e-001  3.414616e-002  -1.763194e-001  5.339413e-001  6.884938e-001  -1.816726e-001  -3.647490e-001  
0
1
2
2 10 14 6 0 -1
2 12 14 2 0 3
haar_y3
-0.091938  381.690674  64
9.312783e-001  3.709844e-001  9.569069e-001  4.868182e-001  8.934809e-001  3.896028e-001  5.687708e-001  1.132519e-001  6.191788e-001  -9.534238e-002  1.677079e-001  2.802898e-001  4.360122e-001  4.785941e-001  7.926953e-001  2.167996e-001  1.840289e-001  4.402113e-001  -6.638410e-002  1.035112e-002  -8.060924e-002  1.966738e-001  -5.593619e-002  2.694769e-001  -1.796340e-001  7.798047e-002  2.683685e-002  1.221658e-001  -3.345668e-001  -1.852507e-001  2.031713e-002  -2.161265e-002  -1.094605e-001  -1.027282e-001  -2.211414e-001  -1.262820e-001  -1.473141e-001  -5.823591e-002  -1.558213e-001  -1.670989e-001  -3.111071e-002  2.123073e-002  2.416033e-001  1.691319e-001  1.411660e-001  1.885365e-002  2.370516e-002  2.180225e-001  3.998553e-001  1.684309e-001  -5.440442e-002  2.251526e-001  7.407247e-002  2.071675e-001  2.775421e-001  -1.673753e-001  1.396873e-001  -1.994621e-001  -1.780390e-001  -2.953129e-001  -1.580607e-001  -7.118998e-001  -4.256746e-001  -2.247896e-001  
0
1
2
7 2 3 20 0 -1
7 12 3 10 0 2
haar_y2
-0.060647  420.986084  64
-3.740216e-001  -1.092195e-001  -7.035851e-001  5.916748e-002  1.013675e-002  -7.655865e-002  -1.051225e-001  -4.065012e-001  2.773141e-002  -3.353388e-001  -1.674914e-001  -1.794547e-001  -1.456404e-001  -1.074439e-001  2.334948e-001  8.652398e-002  6.174017e-002  -2.240437e-002  1.279748e-001  -1.835212e-002  2.510082e-001  7.473741e-002  2.719459e-001  1.772130e-001  2.225410e-001  2.693757e-001  2.634572e-001  2.336707e-001  2.222683e-002  1.237275e-001  7.633996e-002  -1.630831e-001  2.991273e-002  -8.023974e-002  -1.266379e-001  -7.266036e-002  6.163775e-002  -1.648679e-001  1.493989e-002  -2.679192e-001  -5.015139e-003  -1.228959e-001  -1.186740e-001  -1.698514e-001  -2.171635e-002  3.400585e-002  2.174550e-001  -1.436125e-001  2.010459e-001  -3.737890e-002  -2.789918e-001  -2.812962e-001  -5.702505e-001  -2.524902e-001  7.527342e-002  -2.770027e-001  -4.300737e-001  1.744191e-001  -7.082086e-001  -5.923217e-001  -5.925459e-001  -5.143533e-001  -1.836776e-001  -3.617139e-001  
0
1
3
14 3 6 18 0 -1
14 3 3 9 0 2
17 12 3 9 0 2
haar_x2_y2
-0.069639  400.781433  64
-7.099440e-001  -5.309922e-001  -5.343998e-002  -2.533618e-001  -3.130434e-001  -1.437952e-001  -2.105063e-001  8.614996e-003  -1.338481e-001  -5.103579e-001  1.929110e-001  -5.976786e-002  -1.300971e-001  2.064341e-001  -1.285232e-001  -1.836156e-002  -1.186341e-001  1.927455e-001  7.428966e-004  -4.425791e-002  2.552738e-001  -8.334262e-002  1.657888e-001  5.453699e-002  9.128789e-002  -8.365843e-002  2.919125e-001  8.280513e-002  1.750796e-002  -1.516554e-001  -1.273005e-001  1.519526e-001  4.516072e-002  3.156575e-001  4.715634e-002  -1.091719e-001  3.565937e-002  4.455277e-002  -2.310131e-002  -5.688286e-002  1.525401e-001  2.226237e-001  -1.866482e-003  1.075369e-001  -3.079708e-001  8.019923e-002  1.408158e-001  -1.668381e-002  -8.597195e-002  3.577382e-001  -9.182288e-002  -2.650516e-001  1.043815e-001  -5.337319e-002  6.020718e-002  -1.031360e-001  -5.372341e-002  -5.093004e-001  -2.826251e-001  -3.053769e-001  -3.738987e-001  -4.803145e-001  -4.944005e-001  -8.477330e-001  
0
1
2
18 2 6 14 0 -1
20 4 2 14 0 3
tilted_haar_x3
-0.139801  203.411148  64
-4.044183e-002  1.820741e-001  5.489126e-001  -9.744502e-002  4.774601e-001  -8.689374e-002  4.180728e-001  2.126256e-001  3.256127e-001  3.904916e-001  2.258133e-001  1.660728e-001  2.412537e-001  1.609625e-001  2.858641e-001  -3.130933e-002  -1.044331e-001  6.690078e-002  3.675322e-002  9.707021e-002  -5.982593e-002  -8.939252e-002  2.038906e-003  1.172777e-002  -1.409158e-001  8.250924e-003  -3.086859e-001  -2.348292e-001  -3.352485e-001  -1.961515e-001  -6.875595e-002  -2.898085e-001  -2.223361e-001  -1.290064e-002  -1.162353e-001  -4.061547e-002  -1.300327e-001  1.007931e-001  1.915729e-001  -5.261236e-002  2.266112e-001  1.519693e-001  9.319701e-002  2.588368e-001  2.801208e-001  -1.332608e-002  1.876361e-001  5.857294e-002  1.500063e-001  1.818115e-001  6.924374e-001  4.743083e-001  5.685964e-001  -1.822238e-001  3.429928e-001  -9.889579e-003  -2.823729e-001  1.808067e-001  7.872010e-001  -9.399604e-002  1.343193e-001  1.124458e-001  7.897491e-001  2.280151e-001  
0
1
3
2 10 18 6 0 -1
2 10 9 3 0 2
11 13 9 3 0 2
haar_x2_y2
-0.087118  425.350739  64
-3.212281e-001  -2.185610e-001  -1.830506e-001  4.033862e-001  -3.978235e-001  -1.552489e-001  -1.799960e-001  -1.231897e-001  -1.145895e-001  -1.020233e-001  -1.975654e-001  8.246571e-002  -4.792290e-001  -1.509924e-001  -3.095520e-001  2.962755e-002  2.864506e-001  -5.578483e-002  2.534607e-001  -1.667176e-001  -2.450104e-001  -3.279813e-002  -5.745508e-002  1.909005e-001  -5.205931e-002  2.248834e-002  1.289747e-001  -1.438129e-001  1.857486e-001  1.034316e-001  9.277645e-002  6.260623e-002  3.952964e-002  1.754827e-001  2.297380e-001  1.624361e-001  1.719316e-001  7.013554e-002  4.126256e-002  1.042015e-001  -3.083059e-003  2.683945e-002  -4.494763e-002  1.643281e-001  -5.760104e-003  6.059004e-002  -2.806897e-001  -1.870166e-001  -6.406098e-002  -7.779464e-001  -3.626438e-001  -2.796234e-001  -6.525450e-001  -1.785876e-001  -2.157715e-001  -4.067973e-001  -6.072769e-001  -5.324393e-001  -5.813529e-001  5.220622e-002  -6.953698e-001  -1.674427e-001  -5.666412e-001  -8.067603e-001  
0
1
2
2 9 4 14 0 -1
2 16 4 7 0 2
haar_y2
-0.132433  262.139893  64
3.531667e-001  5.065936e-001  5.779951e-001  6.971435e-002  5.044387e-001  1.580638e-001  2.414787e-001  -1.002643e-001  -5.927542e-003  1.412795e-001  -1.131042e-001  1.069518e-001  4.523390e-001  -1.266896e-001  1.693684e-001  -1.062513e-001  -8.050507e-002  -3.336224e-001  1.341333e-002  -1.214598e-001  -6.594396e-002  9.914218e-003  -1.501555e-002  -1.365393e-002  -2.052874e-002  -1.204311e-002  1.284854e-003  5.494323e-002  2.831763e-002  1.357053e-001  1.675381e-001  1.505188e-001  5.689361e-002  5.643433e-002  -5.744307e-002  -1.250966e-002  -1.282568e-001  -1.502140e-001  -2.866879e-001  -2.012757e-001  -5.395271e-001  -2.408742e-001  -1.025262e-001  -1.579092e-002  -2.861049e-001  -1.129573e-001  -4.001519e-001  1.022905e-001  -2.550108e-002  3.500626e-001  -1.608802e-001  -5.978705e-001  6.155280e-001  1.164656e-001  1.096862e+000  2.486904e-001  6.795937e-001  9.355730e-001  2.178840e-001  1.405364e-001  6.950861e-001  2.310047e-001  1.626151e-001  1.283143e+000  
0
1
2
16 0 6 15 0 -1
18 0 2 15 0 3
haar_x3
-0.055179  344.060577  64
-6.110854e-001  -5.647746e-001  -3.597304e-001  -1.823089e-001  -2.405114e-001  -2.378680e-001  -2.825578e-001  -2.668576e-001  -6.184967e-002  -2.257248e-001  -9.006108e-002  -1.060597e-003  1.286649e-001  1.207348e-001  1.513592e-001  1.275414e-001  3.109422e-001  1.230507e-001  5.870001e-002  1.012938e-001  1.886886e-002  8.916723e-002  1.643843e-001  -5.391160e-002  2.805413e-002  1.729410e-002  -1.467281e-002  5.793162e-002  5.642411e-002  1.969077e-001  -9.751528e-002  -1.907361e-001  1.961480e-001  2.541536e-002  -1.732656e-001  3.833741e-002  -2.059212e-001  3.425548e-002  -5.294454e-001  -8.038004e-002  -4.133609e-001  -1.244054e-001  -5.558539e-004  -5.233810e-001  -1.782210e-001  -4.969151e-001  9.753544e-002  -2.220509e-002  -6.013466e-001  -2.705323e-002  1.108213e-002  1.956769e-001  4.673244e-002  -1.500686e-001  -4.567437e-001  6.483092e-002  -6.035017e-001  -1.045875e-001  -7.447888e-001  -4.035642e-001  2.684586e-003  1.189529e-001  3.776392e-001  -6.019157e-001  
0
1
2
11 3 8 18 0 -1
13 3 4 18 0 2
haar_x4
-0.100092  301.306702  64
1.920215e-001  -4.541104e-002  4.621036e-001  7.883634e-002  1.125703e-001  -9.118803e-003  2.269766e-001  -1.711647e-002  2.919127e-001  1.431296e-001  1.548751e-001  3.631680e-001  1.157540e-001  1.626683e-001  2.136970e-002  1.861770e-001  1.026849e-001  -2.043758e-002  2.030742e-001  -2.104114e-003  -2.897549e-002  2.492356e-002  7.481882e-002  -8.458768e-002  -7.860764e-002  -1.645250e-001  -7.780961e-002  -8.573452e-002  -1.301955e-001  3.954577e-002  -3.137896e-001  -1.123630e-001  -2.440791e-001  -2.136005e-001  -2.185874e-001  -3.782857e-001  -5.153585e-002  -1.433723e-001  2.031310e-001  -1.488195e-001  -1.679436e-001  2.959100e-001  9.945554e-002  -3.082066e-002  1.423775e-001  1.513513e-001  1.817599e-001  3.367186e-001  5.791963e-002  -5.974612e-002  2.998331e-001  4.337154e-001  2.103008e-001  3.194754e-001  -8.057699e-002  9.075636e-001  6.019886e-001  6.734538e-001  -1.429745e-001  8.809245e-001  1.341449e-001  4.176416e-001  -1.015192e-001  -1.656678e-001  
0
1
2
5 17 14 6 0 -1
5 19 14 2 0 3
haar_y3
-0.121417  290.988525  64
6.396093e-001  1.000309e-002  1.042980e+000  8.201573e-001  1.259392e+000  2.199053e-001  1.050825e+000  2.450246e-001  -1.888532e-002  -1.180178e-001  4.236605e-001  8.606564e-001  1.634739e-001  3.366570e-001  1.965589e-001  3.564901e-001  -2.584493e-001  3.904305e-002  2.512977e-001  -2.092627e-001  1.675787e-001  -2.577829e-001  -4.074420e-002  -7.183550e-002  2.658784e-002  -1.693182e-001  3.756167e-002  -1.535625e-001  -1.652683e-001  8.993400e-004  5.471221e-002  -1.387236e-001  -1.455161e-001  -1.713766e-001  -1.145220e-001  -6.538301e-002  -1.488170e-001  5.043582e-002  -8.168963e-002  -1.049592e-002  2.617841e-001  4.945015e-002  3.970959e-002  2.855103e-002  1.957821e-001  1.151195e-001  1.251928e-001  -8.008735e-002  1.554601e-001  9.361895e-002  2.299587e-001  2.712803e-002  2.764279e-001  2.511766e-001  -4.628320e-001  -1.943110e-001  2.479103e-001  -9.496374e-002  4.327773e-001  -7.966741e-001  -2.638396e-001  -2.374978e-001  -3.491701e-001  -3.667182e-001  
0
1
2
7 0 10 17 0 -1
12 0 5 17 0 2
haar_x2
-0.192464  148.947830  64
-2.309578e-001  -2.431039e-001  4.838169e-002  -2.860937e-001  -2.828422e-001  -1.681392e-001  3.215947e-001  1.189592e-001  2.249968e-002  3.748842e-001  4.223149e-001  -1.593345e-001  2.400004e-002  -3.712379e-001  3.902006e-002  -3.487666e-001  -7.041059e-003  1.795332e-001  -3.177112e-001  2.144853e-001  5.145441e-002  -1.143075e-001  -2.251618e-001  3.554791e-003  -1.101657e-001  -2.484931e-001  -2.700968e-001  -6.231575e-002  -1.024133e-001  1.242898e-002  3.608703e-003  -1.488119e-001  -1.205584e-001  2.486583e-002  2.689509e-001  -6.482082e-002  8.141662e-002  -4.688292e-002  2.874972e-002  -1.121964e-001  -4.667718e-002  -6.145364e-002  2.540085e-002  2.081348e-001  2.524008e-001  2.800249e-001  1.335045e-001  1.848348e-001  1.948548e-003  2.181319e-001  3.367185e-001  -2.485394e-002  2.089093e-001  5.407020e-002  1.637489e-001  -1.332811e-001  -2.125880e-001  -1.739912e-001  -2.484750e-001  2.972702e-001  2.376278e-001  -2.991688e-001  -9.609081e-001  -1.171132e+000  
0
1
2
13 4 10 20 0 -1
13 9 10 10 0 2
haar_y4
-0.084157  177.313797  64
-5.052450e-001  -3.656533e-001  -3.540115e-001  -5.114983e-001  -1.471170e-001  9.280755e-002  -7.502683e-001  -4.796083e-001  7.454402e-002  -6.510457e-002  1.464590e-001  1.697932e-003  -2.171953e-001  -1.377689e-002  -1.188185e-002  -9.633680e-002  -1.633260e-001  6.606365e-002  -4.193083e-002  2.050904e-002  6.207838e-002  8.399539e-002  4.740470e-002  -1.238362e-001  -2.994896e-002  7.396998e-002  6.266471e-002  3.589808e-002  4.365582e-002  2.709875e-001  9.078614e-002  1.700297e-001  -1.068480e-001  7.463377e-002  8.362450e-002  1.933198e-001  2.092281e-001  1.898077e-001  -1.197782e-002  -6.401955e-002  9.354322e-002  8.955959e-002  3.374429e-003  3.705905e-002  1.799393e-001  -1.124326e-001  -2.513278e-002  -1.675645e-001  1.448732e-001  -2.164942e-001  1.723675e-001  -3.203595e-001  -2.977725e-001  -1.620783e-001  -2.205465e-001  -8.460307e-001  1.067553e-001  -9.210485e-002  1.890221e-001  -7.706424e-001  -3.431217e-001  -1.379952e-001  -8.783334e-001  -1.171084e+000  
0
1
2
11 10 10 6 0 -1
16 10 5 6 0 2
haar_x2
-0.055329  422.159088  64
-5.880433e-001  1.229889e-001  -3.984302e-001  -1.998573e-002  -1.419094e-001  -1.814312e-001  1.403370e-001  1.483859e-001  2.198384e-001  1.460688e-001  -1.797930e-001  -3.066745e-001  -1.344245e-001  -6.609367e-002  -2.345597e-002  -7.410137e-002  -1.529572e-001  2.731940e-001  -1.936364e-001  -3.789405e-002  4.773957e-002  9.097335e-002  -9.239280e-003  -3.331536e-002  7.617902e-002  5.955896e-002  -8.003981e-002  7.155801e-002  2.616538e-001  7.659838e-002  1.100908e-001  -2.340928e-002  2.911034e-001  3.618907e-002  2.754028e-001  1.431518e-002  -3.578981e-002  1.349473e-002  1.921220e-001  -2.767452e-001  3.337960e-002  -9.839508e-002  -2.813422e-001  -5.857267e-002  -1.976140e-002  -5.001623e-002  1.179078e-001  -2.511596e-001  -3.326114e-001  -2.029222e-001  -3.962452e-001  -5.503052e-001  -5.033149e-001  1.093942e-001  5.406710e-002  -8.335549e-001  -4.909647e-001  -2.964286e-001  -5.920956e-001  -1.864112e-001  -4.096923e-001  -5.166634e-001  -7.545153e-001  3.679511e-001  
0
1
2
9 13 9 2 0 -1
9 13 9 1 0 2
tilted_haar_y2
-0.022632  1176.649902  64
-8.087363e-001  -5.623828e-001  -5.305921e-001  -3.732106e-001  -3.580558e-001  2.102069e-002  -3.498479e-001  -2.171186e-001  -1.547055e-001  -3.802166e-001  -3.782281e-002  -2.101307e-001  -1.091823e-001  -1.682208e-001  -2.148744e-002  4.365140e-002  -3.447357e-002  -3.235707e-002  2.157918e-001  -1.340250e-001  9.310450e-002  1.887483e-001  1.208187e-002  -2.894846e-002  2.278496e-001  2.399172e-001  8.679789e-002  2.972904e-001  1.083258e-001  2.962856e-002  8.234379e-002  6.148176e-002  2.673677e-003  -1.313633e-001  7.797614e-002  -9.200590e-002  1.007144e-001  7.152415e-003  -1.406085e-001  -2.090243e-002  -6.425015e-002  -2.041885e-001  3.886176e-002  9.224106e-002  -1.034811e-001  -4.372798e-002  -2.783980e-001  -2.218707e-001  -1.995043e-001  -1.995995e-002  -4.373972e-001  -3.020547e-001  6.927034e-002  -5.006435e-001  -5.333163e-001  -3.061748e-001  -2.048459e-002  -7.295185e-001  -4.167575e-001  -5.159457e-001  -6.466122e-002  -2.661126e-001  -2.470341e-002  -2.039086e-001  
0
1
3
4 5 10 12 0 -1
4 5 5 6 0 2
9 11 5 6 0 2
haar_x2_y2
-0.122770  306.832794  64
-1.258337e-002  1.377134e-001  4.058088e-001  8.760224e-002  1.159662e-001  9.813593e-002  1.863590e-001  -2.030895e-001  -5.786092e-003  3.393627e-001  3.042160e-001  1.060001e-001  9.247242e-002  2.366811e-001  2.542693e-001  4.130394e-002  -7.200784e-002  9.084902e-002  2.118734e-001  1.104954e-001  2.066599e-001  1.728817e-001  2.170063e-001  -1.292156e-001  -5.740035e-002  -4.026184e-002  8.748657e-002  -2.524163e-002  5.667547e-002  -1.593391e-002  -7.161903e-002  -4.994450e-002  -2.173569e-001  -7.225582e-002  -2.986254e-001  -2.442110e-001  -2.451677e-001  -1.284164e-001  -3.777685e-001  -1.193821e-001  -1.671039e-001  -1.542082e-002  -2.446417e-001  -3.459145e-001  1.027930e-002  -4.248558e-003  -1.107588e-001  1.030791e-002  2.293739e-001  3.512135e-001  4.449113e-001  2.988483e-001  3.302760e-001  4.214547e-001  4.219157e-001  1.604095e-001  3.453797e-001  1.382352e-001  -1.807500e-001  -6.136192e-002  -2.821301e-001  -1.060234e-001  -3.014081e-002  -4.004187e-001  
-1.980804 
