8 
0
1
2
18 5 4 12 0 -1
15 8 4 6 0 2
tilted_haar_y4
-0.060509  279.594025  64
-1.548471e-001  7.461452e-002  -2.293364e-002  2.192497e-001  -8.449833e-003  1.860707e-001  -5.830543e-002  -1.052162e-001  -3.250322e-001  -1.003556e-001  -1.608069e-001  -2.639569e-001  -2.174624e-001  -4.378619e-001  -4.404904e-001  -3.087869e-001  -5.800396e-001  -7.492304e-001  -7.193731e-001  -5.748180e-001  -7.630084e-001  -7.525860e-001  -1.056560e+000  -7.583410e-001  -6.136991e-001  -6.358426e-001  -7.825555e-001  -6.884569e-001  -6.031318e-001  -7.200595e-001  -8.394230e-001  -4.989676e-001  -4.082277e-001  -4.492671e-001  -3.253610e-001  -1.355559e-001  -1.936175e-001  6.787571e-003  -1.648823e-001  1.523381e-001  -1.745615e-003  -1.036342e-001  9.244017e-002  1.723586e-001  -1.403115e-001  1.697208e-001  -3.467035e-001  3.264449e-002  -1.509194e-001  1.803991e-001  1.450092e-001  4.483087e-001  3.135127e-001  5.947075e-001  7.500630e-001  5.168337e-001  3.342338e-001  1.602170e-001  5.853851e-001  6.026978e-001  6.513923e-001  2.106916e-001  5.368227e-001  9.163752e-001  
0
1
2
6 5 17 6 0 -1
6 7 17 2 0 3
haar_y3
-0.085779  293.029358  64
-2.105473e+000  -6.390014e-001  -5.571988e-001  -1.108996e+000  -6.978958e-001  -6.183280e-001  -9.393880e-001  -4.195199e-001  -5.497135e-001  -6.842789e-001  -3.906718e-001  -1.026158e-001  -5.572755e-001  -3.997294e-001  -3.196552e-001  -2.870666e-001  -2.741809e-001  1.488197e-003  -7.824136e-002  -1.465050e-002  4.139459e-002  1.133762e-001  1.140709e-001  1.777568e-002  1.556229e-001  1.729724e-001  6.060408e-002  1.789416e-001  1.491307e-001  9.849675e-002  3.303244e-001  2.473579e-001  -1.095370e-001  2.215526e-001  2.835305e-001  2.698629e-001  3.321205e-001  2.145887e-001  1.667834e-001  1.766823e-001  1.098326e-001  2.351647e-001  1.698724e-001  2.811217e-001  -2.547198e-001  -3.024206e-001  8.313660e-002  -3.587165e-002  2.690037e-001  1.989599e-001  4.929145e-001  2.849770e-001  3.117475e-001  -4.025520e-001  1.900832e-001  1.350348e-001  -2.645281e-001  -7.701148e-001  -2.896742e-001  -2.598953e-001  8.556874e-003  -1.342183e-001  -1.503972e-001  -2.187457e-001  
0
1
2
13 2 7 8 0 -1
13 6 7 4 0 2
haar_y2
-0.082874  318.670624  64
8.501535e-001  1.222599e+000  7.285523e-002  1.385223e-001  3.462473e-001  4.744139e-001  8.272845e-001  6.492103e-001  3.582420e-001  2.855894e-001  4.305486e-001  5.601279e-002  2.179706e-001  1.531521e-001  1.878265e-001  2.914752e-001  1.766350e-002  2.415566e-001  -5.765226e-002  -1.914713e-001  -2.615832e-001  -5.343043e-001  -1.873842e-001  -2.994872e-001  -1.195324e-001  -3.173504e-001  -4.763379e-001  -3.450885e-001  -2.624558e-001  -1.397704e-001  -3.838402e-001  -1.152469e-001  8.820007e-003  2.866271e-002  1.032650e-001  2.410711e-001  1.757793e-001  2.864107e-001  4.171507e-001  2.359729e-001  3.516505e-001  2.555246e-001  1.547654e-001  3.295088e-001  5.335665e-002  2.931660e-001  1.979297e-001  -7.954117e-002  1.510582e-001  1.199642e-001  1.657960e-001  -4.781810e-002  -1.087871e-001  -3.827850e-001  -1.317853e-001  -1.704089e-001  -6.580737e-001  -4.762800e-001  -2.315959e-001  -9.953282e-002  -4.132529e-001  -3.539811e-001  -6.388621e-001  -1.033530e+000  
0
1
2
6 3 9 9 0 -1
9 3 3 9 0 3
haar_x3
-0.101483  287.098724  64
-1.052131e-001  -1.952070e-001  -3.305225e-001  -8.180815e-002  3.444011e-001  3.810412e-002  3.176171e-001  2.400536e-001  7.196847e-001  2.842679e-001  6.697679e-001  4.644159e-001  4.187368e-001  5.808932e-001  4.429914e-001  3.675404e-001  1.633961e-001  2.890243e-001  2.525370e-001  -1.344363e-002  9.563043e-002  7.587486e-002  2.156321e-002  -8.178326e-002  -2.438998e-001  -3.410921e-001  -3.467202e-001  -3.592227e-001  -3.600042e-001  -4.629725e-001  -3.837107e-001  -2.294831e-001  -1.821139e-001  -2.798153e-001  -2.272454e-001  -1.845268e-001  -2.014484e-001  -2.259078e-001  -6.786554e-002  -4.052672e-002  -1.678699e-002  8.124550e-002  6.705504e-002  3.510799e-001  -1.894099e-001  -2.124967e-001  1.343936e-001  2.828908e-001  1.711611e-001  5.468273e-001  9.177172e-002  5.961278e-001  5.538877e-001  -6.003304e-003  7.408892e-001  1.230926e-001  3.446185e-001  7.973106e-001  7.104488e-001  1.462022e-002  6.104426e-001  5.522303e-001  3.869185e-001  1.303689e-001  
0
1
2
18 6 4 18 0 -1
18 15 4 9 0 2
haar_y2
-0.158880  214.409744  64
8.451773e-001  4.321773e-001  8.254863e-001  4.447804e-001  5.270171e-001  2.675664e-001  7.311538e-001  7.043921e-001  4.708558e-001  7.284350e-001  4.698792e-001  3.102524e-001  3.424754e-001  3.244583e-001  2.754843e-001  3.954912e-001  4.315521e-001  2.617141e-001  6.605634e-002  4.431182e-001  2.059392e-001  5.601221e-002  8.327529e-002  2.635924e-001  -7.403290e-002  6.805913e-002  1.449390e-002  8.363907e-002  -1.484520e-001  1.447792e-002  -9.101301e-002  -6.171522e-002  -1.856980e-001  3.595433e-002  -2.632053e-001  -3.006190e-001  -4.657509e-001  -2.825009e-001  -3.832801e-001  -2.505698e-001  -3.669527e-001  -6.914490e-002  -1.990725e-001  -1.799511e-002  -7.372587e-001  -1.324058e-001  -2.333199e-001  -2.105176e-001  -6.916047e-001  -1.449624e-001  -2.468196e-001  -4.026810e-001  -2.512846e-001  -6.415086e-002  -1.281059e-001  5.062444e-001  -5.453213e-001  -6.008526e-001  -7.711326e-001  -5.628003e-001  -3.452782e-001  -1.227877e-001  -3.476993e-001  -5.679189e-001  
0
1
2
4 15 14 6 0 -1
4 17 14 2 0 3
haar_y3
-0.119574  275.075653  64
2.897366e-001  1.908779e-001  5.786256e-002  -7.818888e-002  1.003114e+000  4.807197e-001  2.314386e-001  6.643535e-001  6.374603e-002  6.466361e-001  5.868359e-001  7.296873e-001  5.447457e-001  5.010555e-001  4.093354e-001  7.117928e-002  3.014779e-001  3.446446e-001  5.675780e-001  3.572753e-001  2.407655e-001  1.426866e-001  2.958720e-001  1.377646e-001  1.699074e-002  1.486458e-001  2.568443e-002  9.280130e-002  -4.911146e-002  -1.728013e-001  -2.864206e-001  -3.653477e-001  -3.402815e-001  -3.884477e-001  -2.613321e-001  -2.893779e-001  -2.429436e-001  -2.741315e-001  8.176000e-002  4.617754e-002  -3.806450e-002  -4.288629e-002  1.249867e-001  2.237806e-001  9.891987e-002  8.825584e-002  1.531910e-001  1.578271e-001  6.646119e-001  3.814763e-001  4.624780e-001  9.464680e-001  9.354390e-001  3.554906e-001  7.813567e-001  6.439444e-001  2.200453e-001  8.875121e-001  7.727230e-001  1.933700e-001  1.323393e+000  3.598226e-001  3.456250e-001  5.175717e-001  
0
1
2
14 9 10 9 0 -1
14 12 10 3 0 3
haar_y3
-0.080109  302.056610  64
-7.135067e-001  -1.726573e-001  -7.645224e-001  -3.219798e-001  1.006763e-001  -2.812508e-001  2.673818e-001  -2.686220e-001  -1.490108e-001  -3.042594e-001  -1.999401e-002  -1.339909e-001  -6.800769e-002  -1.569806e-001  2.600418e-002  -1.196124e-001  -1.330669e-001  1.102976e-001  2.773177e-001  1.372623e-001  -5.713735e-002  1.410301e-001  1.445758e-001  -6.682380e-002  5.623863e-002  1.024629e-001  8.544048e-002  1.194167e-001  3.179063e-001  2.108053e-001  8.544002e-002  2.873744e-001  2.552993e-001  2.821468e-001  1.660269e-001  -1.090209e-001  1.361310e-001  3.706181e-002  -7.587519e-002  -2.643821e-001  -2.428880e-001  -4.526692e-001  -3.432005e-001  -3.383328e-001  -3.761291e-001  -6.264778e-001  1.514978e-002  -5.935522e-001  -4.913487e-001  -2.927334e-001  -1.129469e+000  -7.546629e-001  -1.450204e+000  -1.077409e+000  -8.951854e-001  -1.052063e+000  -1.307591e+000  -1.232789e+000  -6.883706e-001  -1.235952e+000  -1.420673e+000  -9.197400e-001  -7.657289e-001  -1.686463e+000  
0
1
2
10 0 14 7 0 -1
17 0 7 7 0 2
haar_x2
-0.187467  156.385300  64
-4.235576e-002  3.641760e-001  6.797855e-001  6.405398e-001  3.247785e-001  8.622361e-001  8.531533e-001  4.679093e-001  3.019602e-001  2.461838e-001  3.678337e-001  4.874729e-001  4.208776e-001  3.263675e-001  1.651793e-001  1.339609e-002  6.221884e-001  5.563082e-001  2.989488e-001  -4.487600e-002  9.612957e-003  -2.821111e-002  1.982014e-001  4.280547e-002  -1.981659e-001  -1.358022e-001  -1.731962e-001  -3.697213e-001  -3.790067e-001  -2.120119e-001  -2.910068e-001  -3.445486e-001  -4.361428e-001  -2.415701e-001  -3.143593e-001  -5.880733e-002  -7.309318e-002  -1.922195e-001  6.706682e-002  -7.719743e-002  8.962043e-002  -7.332240e-003  1.806699e-001  2.580293e-001  6.686717e-003  3.111269e-001  1.103065e-001  3.541632e-002  2.490389e-001  5.704108e-001  2.506076e-001  3.920175e-001  4.405085e-001  4.355882e-001  -2.736025e-001  -5.459655e-002  -1.559621e-001  -7.504487e-001  -8.218164e-001  -7.238922e-001  -5.367354e-001  -4.001828e-001  -4.766518e-001  -1.361105e+000  
-2.132294 
