20 
0
1
2
1 4 9 9 0 -1
1 7 9 3 0 3
haar_y3
-0.129349  266.383606  64
-1.135196e+000  -9.863363e-002  -1.361190e+000  -6.903009e-001  3.449558e-002  -1.349237e-001  -8.178584e-001  -9.013034e-005  -3.573352e-001  -7.637507e-001  -6.624783e-001  -5.378087e-001  -3.453659e-001  -4.300481e-001  -3.253487e-001  -3.855807e-001  -5.750733e-001  -4.949955e-001  -3.328366e-001  -7.009510e-002  -5.103694e-001  -2.688663e-001  -3.971612e-001  -3.531856e-001  -3.878853e-001  -3.750519e-001  -4.155018e-001  -5.009549e-001  -4.720237e-001  -5.070383e-001  -4.264940e-001  -4.602812e-001  -4.029295e-001  -5.213982e-001  -6.234595e-001  -5.028952e-001  -5.395287e-001  -4.311110e-001  -3.887874e-001  -3.171639e-001  -2.333645e-001  -2.255919e-001  -3.898799e-001  -2.944175e-001  -2.883030e-001  2.307839e-002  -8.043842e-002  -1.742165e-001  -4.247981e-001  -1.933719e-001  -3.311692e-001  -1.064829e-001  -7.433185e-001  -3.886321e-001  -4.754479e-001  -5.665213e-001  -2.688795e-001  -4.961899e-001  -2.347748e-001  -2.159933e-001  -1.723889e+000  -6.234312e-001  -5.919517e-001  -7.759570e-001  
0
1
2
19 4 4 15 0 -1
19 4 2 15 0 2
tilted_haar_x2
-0.066633  440.806000  64
-6.365343e-001  -2.426399e-001  4.268689e-002  -2.262308e-001  -4.564881e-001  6.982198e-002  6.205279e-003  -1.901762e-001  -2.397466e-001  -1.602232e-001  1.796073e-001  9.351178e-002  -8.259852e-002  3.745473e-002  9.203806e-002  1.024809e-001  -1.663439e-003  6.080990e-003  1.328011e-001  7.357547e-002  1.700149e-001  1.931279e-001  -5.730720e-002  5.988156e-002  1.253255e-001  9.885888e-002  5.807912e-002  2.047868e-001  1.913459e-002  -5.488680e-002  2.206837e-001  1.058479e-001  1.169298e-001  7.326524e-002  1.113975e-001  -1.015341e-002  -1.297133e-001  -2.888032e-002  4.936332e-002  -2.086308e-001  -7.593138e-002  4.307618e-002  2.784886e-002  2.499353e-002  -2.009786e-001  -2.346618e-001  -2.896682e-001  1.445192e-002  -3.386905e-001  1.810911e-001  -3.856642e-001  -1.557535e-001  3.047529e-001  -1.772284e-001  -4.195490e-001  -3.704723e-001  -3.917415e-002  -8.516330e-002  -7.532608e-001  -3.528774e-001  1.372060e-001  -5.290323e-001  -4.670357e-001  -7.841284e-001  
0
1
2
3 10 9 10 0 -1
6 10 3 10 0 3
haar_x3
-0.084822  297.225220  64
-1.642061e-001  6.559992e-002  3.251849e-001  8.655045e-002  2.254976e-001  5.091437e-001  4.224368e-002  6.419617e-002  1.681036e-001  1.357081e-001  -1.005201e-001  2.097017e-001  1.578089e-001  6.225942e-003  1.667658e-001  -2.727205e-001  -5.068977e-002  -1.052595e-001  -2.660988e-002  1.603584e-001  -3.041247e-001  -6.714977e-002  7.206352e-003  -5.817544e-002  -7.024136e-002  -2.227422e-001  -4.371362e-001  -9.444229e-002  5.293207e-003  -6.664964e-002  7.397059e-002  6.462413e-003  1.219998e-001  2.588297e-003  3.195744e-002  -6.534867e-002  7.192267e-002  5.226098e-002  1.314971e-001  1.794905e-001  1.057317e-001  2.487082e-001  1.852863e-001  1.423118e-001  2.378702e-001  2.876781e-001  1.407400e-001  5.467536e-001  4.609406e-002  1.460204e-001  3.712402e-002  3.213527e-001  1.125589e-001  8.053350e-002  2.232246e-001  6.278801e-001  4.529689e-001  1.088834e-001  -5.459220e-001  -8.309636e-002  7.423948e-002  -4.096883e-001  -3.047877e-001  -6.548332e-002  
0
1
2
15 1 9 10 0 -1
18 4 3 10 0 3
tilted_haar_x3
-0.154574  205.672760  64
-2.800858e-001  2.389079e-001  9.096302e-002  3.791600e-001  -1.510334e-001  7.538248e-003  2.784040e-001  3.176108e-002  -1.793165e-001  7.539164e-002  -3.299917e-001  2.097986e-001  -2.821388e-002  1.988959e-001  3.629021e-001  4.222440e-002  3.138947e-001  -4.446012e-002  -1.660466e-002  1.544761e-001  2.137395e-001  5.907777e-002  2.232887e-002  1.755432e-001  4.547163e-002  1.389580e-001  1.441275e-001  1.935317e-001  9.345196e-002  7.053520e-002  -2.810842e-002  -6.524567e-002  -8.800750e-002  -1.280310e-001  -1.690146e-001  -1.227331e-001  -1.351684e-001  -4.072319e-001  -2.383590e-001  -2.783272e-001  -1.615943e-001  -1.883747e-001  1.372368e-002  -1.829580e-001  -1.104169e-001  -2.508820e-001  -6.296466e-002  -1.259207e-001  1.487392e-001  6.976775e-002  3.607144e-001  1.381318e-001  1.616891e-001  -4.523777e-002  4.405007e-001  5.766732e-001  1.733022e-001  2.005281e-001  2.867146e-001  3.005583e-001  2.387882e-001  -5.197485e-002  1.166120e-001  1.596516e-001  
0
1
2
1 0 6 14 0 -1
3 0 2 14 0 3
haar_x3
-0.151958  218.050079  64
2.471469e-001  7.168702e-001  3.637789e-001  3.086161e-002  3.427860e-001  2.422409e-001  6.544666e-001  2.009035e-001  1.892935e-001  3.647043e-001  -8.324859e-002  3.916246e-001  1.756613e-001  1.537430e-001  -6.143647e-004  1.470680e-001  1.021365e-001  1.502248e-001  6.676629e-002  1.063059e-001  8.164828e-002  -3.352350e-001  6.269558e-002  -3.228894e-001  -2.152079e-001  -1.271859e-001  -1.132424e-001  -8.143984e-002  -3.391550e-001  -2.056725e-001  -2.203835e-001  -1.372523e-001  -1.155915e-001  -5.835764e-002  1.315564e-001  4.024195e-002  1.125375e-001  1.520441e-001  1.373459e-001  8.036137e-002  1.713012e-001  3.772520e-002  2.058740e-001  1.276798e-001  -1.034180e-002  -1.083621e-001  -7.198163e-003  3.231706e-002  1.228544e-001  -4.998580e-002  -1.846294e-001  -1.622711e-001  1.331183e-001  2.147127e-001  -5.185060e-002  -1.851416e-001  -2.136777e-002  -3.628569e-002  -1.636622e-001  1.886220e-001  2.872157e-001  -8.566148e-001  -5.729536e-001  -3.795732e-001  
0
1
2
9 10 6 14 0 -1
11 10 2 14 0 3
haar_x3
-0.053013  484.716827  64
-7.736250e-001  -2.453251e-001  -4.318954e-001  -5.472466e-001  -1.873082e-001  -1.010069e-001  -3.558906e-002  -1.502973e-001  -2.251756e-002  6.991678e-002  -2.524435e-001  -2.739441e-001  -8.159994e-002  2.015831e-001  3.345899e-002  -1.243040e-001  2.967878e-002  -5.930528e-003  -1.933766e-002  2.527876e-001  1.077007e-001  8.121920e-002  4.118456e-002  1.601399e-002  5.809340e-002  -1.403745e-001  6.069806e-002  -2.188264e-002  1.168788e-002  2.760999e-003  -4.374779e-002  1.236673e-001  1.815782e-001  1.856383e-001  1.445110e-003  2.814007e-002  1.676694e-001  7.992738e-002  1.370550e-001  -1.724521e-002  1.499464e-001  9.058329e-002  -5.627931e-002  -1.203053e-001  -1.406432e-001  1.146896e-001  -6.561347e-003  4.278021e-001  5.688005e-002  -1.952425e-001  7.219990e-002  -1.624547e-002  -2.859750e-001  -2.023889e-001  6.034720e-002  2.594706e-001  -4.777439e-002  -3.992737e-001  -4.244494e-002  -2.790685e-001  -3.469203e-001  2.632655e-001  -3.733052e-003  -5.909705e-001  
0
1
2
10 3 9 11 0 -1
13 3 3 11 0 3
haar_x3
-0.100114  260.153931  64
1.325038e-001  -9.758250e-002  -4.847547e-002  4.759483e-001  4.653180e-001  3.235826e-001  1.018876e-001  1.934392e-001  2.535500e-001  7.406090e-002  2.778309e-001  1.302522e-001  6.817559e-003  1.289364e-001  1.101313e-001  -6.886487e-002  1.597615e-001  -2.384301e-002  7.394601e-002  1.704927e-002  2.692164e-002  7.055000e-002  1.624132e-002  -8.333065e-002  -5.665166e-002  -7.839867e-002  -6.091766e-002  3.730591e-003  -2.459609e-001  -1.815324e-001  -1.546269e-001  -8.334455e-003  -1.731693e-001  -1.372983e-001  -1.498880e-001  -1.772738e-001  -1.367209e-001  1.142027e-001  9.635435e-002  5.586868e-002  -1.499896e-001  1.107759e-001  1.646947e-002  1.116478e-001  3.939618e-001  7.918277e-002  2.788557e-001  5.053775e-001  4.238077e-001  6.393527e-001  2.752721e-001  3.227307e-001  4.423605e-001  3.564672e-001  7.619528e-001  5.579696e-001  4.798096e-001  1.090202e+000  1.541418e-001  9.521419e-001  8.431422e-001  7.517709e-001  4.744884e-001  7.001276e-001  
0
1
2
3 1 12 21 0 -1
7 8 4 7 0 9
haar_point
-0.286810  84.490204  64
-1.486950e-001  -2.718012e-001  -3.056394e-001  -6.633908e-002  2.997662e-002  -5.826671e-002  -1.268803e-001  -3.807215e-002  5.781908e-002  1.525793e-001  -2.552970e-001  -2.205323e-002  2.777026e-001  -1.820322e-001  2.044325e-002  1.085029e-001  1.067168e-001  1.772704e-001  2.668400e-003  9.650156e-002  1.195387e-001  3.235913e-002  2.389295e-001  2.072902e-001  9.825372e-002  3.068439e-002  1.439382e-001  7.509074e-002  2.058789e-001  1.410960e-001  7.844041e-002  1.319934e-001  -3.914500e-003  -4.054928e-002  -1.695508e-002  -5.861623e-002  1.516488e-001  2.232608e-002  -1.186742e-001  3.331760e-002  -6.179797e-002  5.921153e-003  -2.027595e-002  -2.539850e-001  -3.989904e-002  -2.270115e-001  -3.883570e-001  5.498045e-002  -1.790583e-001  -1.031170e-001  -2.269436e-001  -2.753706e-001  -1.229153e-001  1.399662e-002  1.769480e-002  -7.751122e-002  -4.020093e-002  -6.890894e-001  8.636998e-004  -4.588113e-001  1.491437e-001  -5.777495e-001  -1.009342e-001  -8.003541e-001  
0
1
2
11 0 13 2 0 -1
11 0 13 1 0 2
tilted_haar_y2
-0.032317  1106.260010  64
-3.987020e-001  4.354542e-002  -7.884687e-002  -2.070225e-001  -7.603796e-002  1.775880e-001  -1.996912e-001  -1.397306e-001  -1.773135e-001  3.354155e-002  1.390736e-002  -4.419778e-002  1.340910e-001  1.067492e-001  1.158143e-001  -6.215662e-003  1.663613e-001  -8.764096e-002  3.604806e-002  1.961129e-001  1.557463e-001  2.059019e-001  1.982993e-001  1.096963e-001  6.393551e-002  -8.058091e-002  1.275962e-001  2.030180e-001  6.374323e-003  -1.043305e-002  9.415164e-002  3.940753e-002  7.677646e-002  1.003488e-001  -5.678817e-002  -8.594926e-002  1.916315e-001  -9.470061e-002  -4.823415e-002  4.525525e-002  2.182116e-001  -9.364460e-002  -2.116387e-002  1.136940e-001  -8.579041e-002  1.000043e-001  -1.733485e-001  -1.345618e-001  -2.763395e-001  -3.220398e-001  -3.656761e-001  -3.148248e-001  -2.945881e-001  -2.754807e-001  6.908660e-002  -1.264269e-001  -2.692357e-001  -2.971762e-001  -3.414005e-001  -4.524919e-001  1.450369e-001  -5.189100e-001  -3.436484e-001  -4.841956e-001  
0
1
2
13 9 8 7 0 -1
17 9 4 7 0 2
haar_x2
-0.060998  489.785400  64
-1.558975e-001  -3.773163e-001  -1.212448e-002  -1.312901e-001  -3.860183e-001  -4.084163e-001  -1.040368e-001  -4.734360e-001  -2.774900e-001  -3.269421e-001  -4.793052e-002  -4.791586e-001  1.295356e-001  4.902494e-002  -7.166535e-002  -1.707127e-001  2.956991e-002  -3.172469e-002  4.300765e-002  -5.809737e-002  -2.315235e-001  5.954452e-002  -5.908051e-002  7.458109e-002  -6.713729e-002  -1.301733e-001  -1.772270e-001  -2.278455e-002  1.700313e-002  -6.128177e-002  2.285289e-001  2.423808e-002  1.544794e-001  1.185719e-001  1.152880e-001  2.019843e-001  -7.452643e-002  2.060079e-001  2.641859e-001  8.207066e-002  1.809536e-001  1.481696e-001  -1.567888e-002  1.145155e-001  4.705457e-002  -5.243287e-002  -2.099672e-002  -8.117881e-002  -9.793042e-002  -1.827851e-001  -6.942920e-002  -1.256513e-001  -1.259852e-001  -1.745635e-001  -2.982639e-001  -4.286068e-001  1.482857e-001  -3.380667e-001  1.927162e-002  -2.087213e-001  1.776575e-003  -2.860819e-002  -2.288289e-001  -3.572166e-001  
0
1
2
8 13 14 6 0 -1
8 15 14 2 0 3
haar_y3
-0.098310  309.757904  64
3.367647e-002  1.590429e-001  4.182316e-001  -4.024720e-001  -2.829414e-002  1.887471e-001  1.346189e-001  -2.019136e-002  2.493088e-001  -3.780928e-002  -1.193853e-002  -9.260300e-002  1.203351e-001  -1.182223e-001  1.486624e-001  4.925853e-001  4.677114e-002  3.959143e-002  5.176524e-002  2.279662e-001  4.554033e-003  2.076144e-001  1.585932e-001  2.336465e-002  -8.801827e-002  -1.388133e-002  -1.103465e-001  -1.270672e-001  -1.441776e-001  -1.871812e-001  -1.845590e-001  -6.441521e-002  -9.707440e-003  -5.092911e-002  -6.790200e-002  1.403348e-002  1.222413e-001  4.174401e-003  2.594188e-001  1.675515e-001  1.056300e-001  2.066717e-001  1.265743e-001  9.660902e-002  6.202194e-002  3.728202e-001  4.397559e-001  3.546059e-001  3.101440e-001  4.501962e-001  5.081567e-001  2.897997e-001  4.333075e-001  -1.676101e-001  2.130103e-001  4.990563e-002  3.886670e-001  4.516196e-001  -2.142306e-001  5.703872e-001  6.554949e-001  -2.760358e-001  5.328968e-001  -4.223781e-001  
0
1
2
6 1 13 9 0 -1
6 4 13 3 0 3
haar_y3
-0.246798  134.519836  64
3.161590e-001  7.945218e-002  6.362861e-001  6.919963e-001  7.223471e-001  2.543209e-001  4.053971e-001  2.605270e-001  3.573352e-001  -1.229220e-001  1.631632e-001  4.761267e-002  -2.802550e-001  -2.989461e-001  -3.127065e-002  1.554354e-002  -3.504995e-002  4.412895e-002  -1.520539e-001  -1.661941e-001  -2.267633e-001  -3.192513e-002  -9.738690e-002  4.441519e-002  -8.421464e-002  -1.349222e-001  8.348707e-002  -8.278158e-002  1.448852e-001  1.260323e-001  -6.576294e-003  1.430993e-001  4.010830e-002  -1.221703e-002  8.658845e-002  3.791801e-002  7.491746e-003  5.822647e-002  -1.331829e-001  -8.967302e-002  -2.056562e-001  -2.792368e-002  -7.563091e-002  3.066779e-001  1.028380e-001  7.289228e-002  3.061482e-002  2.861869e-002  -2.091961e-001  1.804991e-001  4.044837e-001  1.543276e-001  9.880150e-002  5.478815e-001  -1.593790e-001  -1.062677e-001  2.590158e-001  -3.527799e-001  6.899566e-001  3.036319e-001  2.193704e-001  2.532318e-002  7.316524e-001  3.254766e-001  
0
1
2
0 0 9 9 0 -1
0 3 9 3 0 3
haar_y3
-0.114512  241.497528  64
-5.372793e-001  -2.448123e-001  -4.577656e-001  -5.091617e-001  -4.283789e-001  -2.688998e-001  -4.317273e-001  -1.735644e-001  -8.818305e-002  -1.813443e-001  -2.533245e-001  -1.938745e-001  -3.799909e-002  -1.556122e-001  -7.549378e-002  5.939676e-002  -1.318818e-001  -2.913963e-003  -3.920654e-002  -5.929421e-002  -1.477439e-001  3.464104e-002  4.144408e-002  1.080281e-001  4.018800e-002  1.452292e-001  2.177868e-002  1.668337e-001  1.159774e-001  1.498390e-001  4.296151e-003  4.602345e-003  2.554411e-001  1.317503e-001  5.963843e-002  9.143376e-002  3.751993e-002  1.552025e-002  -5.526153e-003  2.294536e-002  7.256951e-002  -2.439639e-001  1.849196e-002  -1.661495e-001  -5.236179e-002  -7.279727e-002  -3.004041e-001  -2.911479e-001  2.705864e-002  -1.846876e-001  -3.462045e-001  2.743810e-001  -4.903264e-001  -3.377978e-001  -2.487219e-003  1.784373e-001  -5.274515e-001  -3.350547e-001  -4.077046e-001  -1.762198e-001  -4.283064e-002  -7.809260e-002  -1.004578e-001  -3.719832e-001  
0
1
3
10 1 8 14 0 -1
10 1 4 7 0 2
14 8 4 7 0 2
haar_x2_y2
-0.054208  382.326752  64
5.296391e-001  5.316488e-001  5.088655e-001  1.925472e-001  2.798707e-001  4.168741e-001  5.061182e-001  3.819200e-001  1.963259e-001  1.318871e-002  5.733083e-002  3.081162e-002  2.365696e-001  6.157510e-002  1.393710e-002  -7.008605e-002  -1.643038e-001  5.003907e-002  -2.052907e-001  4.168180e-002  -1.087703e-001  -1.380093e-001  -5.704989e-002  -2.288466e-001  -1.473398e-001  -1.143736e-002  -5.318817e-003  -7.338173e-002  -2.227324e-002  -9.281237e-003  -8.680212e-002  -4.086729e-003  1.220171e-002  -9.300856e-002  -4.443908e-002  9.135325e-003  -8.076032e-002  -2.388496e-002  4.994765e-002  7.822832e-002  -1.293930e-002  -1.325386e-002  1.111538e-001  9.851183e-002  -1.367406e-001  2.797794e-001  2.061723e-001  3.737924e-001  -5.103033e-002  4.545084e-002  3.720986e-001  -1.797966e-002  3.260561e-001  4.155755e-001  -1.084934e-001  1.030271e-001  1.559418e-001  2.924035e-001  -1.952612e-001  -1.105822e-001  6.248469e-001  5.999179e-001  9.174389e-002  -1.962376e-002  
0
1
3
6 5 18 6 0 -1
6 5 9 3 0 2
15 8 9 3 0 2
haar_x2_y2
-0.052920  437.750885  64
-3.165687e-001  -2.462618e-001  -8.506203e-002  -4.393759e-002  -3.194344e-001  -4.726447e-001  -1.631443e-001  -7.295533e-002  -5.480073e-004  5.280059e-002  -1.352777e-001  -1.838315e-001  -2.180393e-001  6.239951e-002  -1.504053e-001  -1.367327e-001  -2.082807e-002  8.059281e-002  2.279800e-002  6.767654e-002  1.154029e-001  1.120831e-001  2.604236e-001  1.710568e-001  1.505593e-001  8.630871e-002  1.573862e-001  9.544057e-002  -1.354687e-002  1.105750e-001  -6.446508e-002  -8.925402e-002  -6.598154e-002  -1.244790e-001  1.058258e-001  -1.071694e-001  -1.563740e-002  -5.634522e-002  -1.353591e-001  -1.605212e-001  -1.621776e-002  1.643263e-001  3.252917e-002  1.449817e-001  -9.901161e-003  -2.513089e-001  1.464622e-001  3.178982e-001  -1.736693e-001  -1.035803e-001  -2.218859e-001  -1.384007e-001  -9.247082e-003  -2.648413e-001  -2.264586e-002  4.222969e-001  -2.866662e-001  2.467956e-001  2.350870e-001  -2.121825e-001  1.003528e-002  -5.770132e-001  6.727897e-001  -6.227406e-001  
0
1
2
12 1 4 21 0 -1
14 1 2 21 0 2
haar_x2
-0.071129  462.953461  64
-5.399632e-002  -3.517428e-002  2.014772e-001  -3.350566e-001  -2.244481e-001  -7.169689e-002  -7.427379e-002  -3.651670e-001  9.344311e-002  -3.612904e-003  2.045589e-002  -1.925981e-001  -9.765489e-002  -2.285179e-001  -1.474149e-001  -7.432704e-002  6.832353e-002  -2.482378e-002  2.371789e-002  -3.624971e-002  -1.546093e-001  1.084060e-002  7.425037e-003  -8.066295e-002  1.072613e-001  4.817902e-002  2.224234e-002  5.228670e-002  4.421014e-002  3.454437e-001  7.702203e-002  1.231087e-001  9.277704e-002  -4.499341e-002  8.639672e-002  1.258587e-001  -1.030018e-002  -7.476217e-002  7.516819e-002  -2.962973e-002  -1.894323e-001  -1.495773e-001  -1.985350e-001  -1.714525e-001  -3.705379e-001  -5.025234e-001  -2.274025e-001  -2.153021e-001  -5.060934e-001  -5.818565e-001  -3.129613e-001  1.113395e-002  3.773972e-001  -8.150422e-004  -7.187287e-002  1.664488e-001  4.997123e-001  -4.397485e-002  1.642861e-001  6.285618e-002  -5.106171e-001  -2.664209e-001  4.998201e-001  -1.901024e-001  
0
1
2
10 0 11 6 0 -1
8 2 11 2 0 3
tilted_haar_y3
-0.088332  296.677765  64
2.731242e-001  1.604287e-001  1.660915e-001  4.033345e-001  2.072624e-001  3.226875e-001  2.809459e-001  -1.211712e-001  9.190719e-002  2.366967e-001  1.678285e-001  3.227296e-001  3.617133e-002  1.482670e-001  -2.223977e-002  3.361874e-001  2.447058e-001  8.664616e-003  -3.968918e-002  5.683983e-002  1.230216e-002  -9.868667e-002  7.392632e-002  -1.267216e-002  -1.213605e-001  -3.729676e-002  -3.934059e-002  -1.484347e-001  -1.938904e-001  -1.119536e-001  -2.466542e-001  -1.121939e-001  -2.196561e-001  -1.319347e-001  -1.137194e-001  2.200032e-002  8.841069e-002  -1.392583e-001  1.118513e-001  1.187453e-001  3.895677e-002  7.190972e-002  2.412446e-001  2.770180e-001  7.702285e-002  2.499515e-001  1.449301e-001  -5.834937e-003  1.018533e-001  1.582238e-001  7.550384e-002  7.514516e-002  3.555801e-002  3.312155e-001  2.924020e-001  1.897834e-001  2.342750e-001  2.881992e-001  4.094685e-001  3.392059e-001  1.754284e-001  -4.353628e-001  4.253064e-001  -1.270325e-002  
0
1
2
11 15 10 7 0 -1
16 15 5 7 0 2
haar_x2
-0.107532  254.169556  64
4.329010e-001  3.163508e-001  6.969683e-001  5.259340e-001  1.438814e-001  7.415845e-002  2.783431e-002  -1.011796e-001  2.618191e-001  4.180155e-002  1.271543e-001  1.056504e-001  1.147715e-001  -1.314905e-001  -3.901775e-002  -2.832630e-002  -1.424797e-002  -2.943605e-002  -1.264695e-001  -1.979430e-001  -5.363250e-002  5.085708e-002  -7.876394e-002  3.976844e-002  -9.421764e-002  -7.373051e-002  -4.891755e-002  -5.964904e-002  -1.728074e-001  -1.383649e-001  -2.718301e-002  -1.070084e-001  -2.426207e-002  -1.684154e-001  -7.884677e-002  4.299715e-002  1.868885e-001  6.955420e-003  5.324773e-002  2.376183e-002  -9.539543e-002  1.556846e-001  4.146652e-002  2.777354e-001  1.257525e-001  7.121608e-002  -4.759817e-002  6.006834e-002  4.439334e-001  1.663278e-001  2.604995e-001  1.935285e-001  2.100487e-001  2.409844e-001  2.353807e-001  4.926835e-001  3.263198e-001  4.121653e-001  3.999551e-002  3.144343e-001  -1.649716e-001  3.162675e-001  5.955716e-001  -1.157315e-001  
0
1
3
13 8 8 16 0 -1
13 8 4 8 0 2
17 16 4 8 0 2
haar_x2_y2
-0.115351  273.723541  64
-4.103998e-001  -2.795032e-001  -2.579018e-001  -2.569683e-001  3.394169e-002  5.856302e-004  -9.372464e-002  4.663395e-002  -2.809417e-002  3.476133e-001  1.273837e-002  -3.965852e-002  -9.471412e-002  -5.310185e-002  2.792829e-003  7.351799e-002  -1.079324e-001  1.019457e-002  3.439012e-001  1.635375e-001  1.400828e-001  1.220922e-001  2.156527e-002  8.738969e-002  5.069117e-002  3.230858e-001  1.918279e-001  1.043043e-001  9.898588e-002  1.521605e-002  -1.471365e-001  -1.911269e-001  -1.247597e-001  -1.111291e-001  -5.400548e-002  -1.827617e-001  -2.470756e-001  -4.322297e-002  -1.095121e-001  1.226412e-001  1.859314e-001  1.859247e-002  3.252593e-002  -1.612998e-001  4.232644e-002  -3.277050e-003  -1.733388e-002  -1.746191e-001  4.023332e-002  -8.773994e-002  4.792455e-002  3.994962e-002  3.859017e-001  -2.038431e-001  3.340334e-001  -1.008006e-001  -2.442272e-001  7.711512e-002  -3.662246e-001  2.102653e-001  4.632781e-001  1.514485e-001  -1.375936e-001  -2.306329e-001  
0
1
2
8 16 9 6 0 -1
8 19 9 3 0 2
haar_y2
-0.075298  378.276306  64
4.409795e-001  -8.817886e-002  3.901842e-001  5.283538e-001  5.744177e-001  -1.125971e-002  2.020646e-001  2.305707e-001  -1.300429e-001  -8.921102e-002  4.012050e-001  1.898632e-001  1.972132e-001  2.243642e-002  -1.113410e-001  -7.345759e-003  2.954921e-004  8.118764e-002  -1.237799e-001  -1.381236e-001  -8.438142e-002  -7.890096e-002  -1.817839e-001  -2.424684e-001  -9.576233e-002  -1.234524e-001  -1.918608e-001  -7.332603e-003  -1.044714e-001  -1.171184e-001  -1.396769e-002  4.823699e-002  1.846433e-001  1.039829e-001  1.532132e-001  1.992215e-001  1.124718e-001  2.055282e-001  5.537624e-002  4.898831e-002  3.321084e-003  9.433098e-002  2.632223e-001  2.090741e-002  -7.062176e-002  1.112226e-001  -1.908227e-001  -5.155604e-002  -1.560849e-001  -2.166190e-001  1.126949e-001  -2.929909e-001  1.251081e-001  -2.096623e-001  -1.069943e-001  3.050066e-001  4.529967e-001  1.553127e-001  -8.579396e-003  1.041246e-001  5.611724e-001  -2.413350e-001  -5.047253e-002  3.192392e-001  
-1.939925 
