4 
0
1
3
0 0 12 10 0 -1
0 0 6 5 0 2
6 5 6 5 0 2
haar_x2_y2
-0.146591  247.409164  64
1.132738e-001  5.962158e-001  7.001241e-001  1.642229e-001  5.282003e-001  3.792378e-001  2.631381e-001  4.614339e-001  1.470196e-001  4.235468e-001  1.570441e-001  2.960308e-001  1.808804e-001  2.885269e-001  1.685907e-001  4.973703e-002  2.455296e-001  3.917650e-001  1.137590e-001  1.637845e-001  3.478951e-001  4.155648e-002  1.460111e-001  2.507856e-001  9.126370e-003  4.963574e-002  8.671425e-002  8.174481e-002  1.704824e-002  -2.139376e-001  -1.580331e-001  -1.733464e-001  -3.653366e-001  -4.718451e-001  -4.402903e-001  -5.319448e-001  -5.915846e-001  -7.624425e-001  -7.187143e-001  -7.770607e-001  -7.609645e-001  -8.182982e-001  -7.618715e-001  -8.836202e-001  -8.683281e-001  -8.557012e-001  -7.811443e-001  -9.778543e-001  -9.397600e-001  -9.528229e-001  -1.029137e+000  -7.092816e-001  -7.064805e-001  -9.904341e-001  -7.212152e-001  -1.042729e+000  -7.707238e-001  -7.043396e-001  -9.897236e-001  -9.303402e-001  -3.979779e-001  -1.102170e+000  -7.055445e-001  -9.247910e-001  
0
1
3
4 11 18 6 0 -1
4 11 9 3 0 2
13 14 9 3 0 2
haar_x2_y2
-0.053168  482.057495  64
-1.313018e+000  -1.233518e+000  -9.772051e-001  -8.981416e-001  -7.169040e-001  -8.534752e-001  -7.135435e-001  -6.789898e-001  -5.038720e-001  -5.877090e-001  -5.639096e-001  -4.494465e-001  -4.575505e-001  -3.452168e-001  -2.743107e-001  5.656503e-002  1.156757e-002  5.048421e-002  9.841016e-002  2.033199e-001  1.669582e-001  2.408886e-001  2.179949e-001  2.235762e-001  3.134031e-001  3.290009e-001  3.078945e-001  2.383801e-001  3.517363e-001  2.451666e-001  2.106518e-001  3.219608e-001  3.722562e-001  2.602669e-001  4.386504e-002  -4.357392e-002  -5.013538e-002  1.842199e-002  -2.881435e-001  -1.989906e-001  -3.635340e-001  -4.160576e-001  -3.704065e-001  -2.188922e-001  -5.271633e-001  -6.161894e-001  -3.995573e-001  -5.818472e-001  -5.631922e-001  -4.744253e-001  -3.864879e-001  -4.807482e-001  -6.125743e-001  -3.138802e-001  -7.557067e-001  -2.294485e-001  -1.039484e+000  -5.937856e-001  -7.803028e-001  -7.677391e-001  -6.230223e-001  -5.329418e-001  -1.656947e-001  -9.758992e-001  
0
1
2
7 0 6 14 0 -1
9 0 2 14 0 3
haar_x3
-0.070233  428.985077  64
-7.220315e-001  -2.200698e-001  5.267143e-002  5.465013e-002  -1.201085e-001  1.143420e-001  2.047292e-001  1.585261e-001  4.219742e-001  -1.826059e-002  4.968032e-001  4.391833e-001  5.270188e-001  3.848232e-001  4.608853e-001  3.758510e-001  4.862489e-001  6.489615e-001  6.830563e-001  4.097264e-001  3.390527e-001  3.694803e-001  2.832340e-001  1.234413e-001  1.936659e-001  1.284363e-001  2.450181e-001  1.237144e-001  1.596623e-001  1.720564e-003  -1.614282e-001  -2.065122e-002  -1.669438e-001  -1.220885e-001  -2.386916e-001  -3.560505e-001  -1.015150e-001  -4.429992e-001  -4.822692e-001  -2.539279e-001  -4.845410e-001  -3.396834e-001  -5.150101e-001  -5.787207e-001  -6.927179e-001  -5.453680e-001  -5.637047e-001  -4.807455e-001  -4.784832e-001  -5.476305e-001  -6.123018e-001  -3.377661e-001  -3.475235e-001  -5.717915e-001  -1.108749e+000  -6.935461e-001  -5.784630e-001  -6.102711e-001  -9.833550e-001  -8.207161e-001  -6.940110e-001  -5.370234e-001  -1.018799e+000  -1.485639e+000  
0
1
2
6 1 13 9 0 -1
6 4 13 3 0 3
haar_y3
-0.244641  134.584183  64
7.761500e-001  6.829884e-001  5.243242e-001  5.884758e-001  9.761737e-002  5.148275e-001  -1.196084e-001  2.839562e-001  5.660138e-001  8.746467e-001  3.443041e-001  5.646361e-001  5.477915e-001  7.348459e-001  3.526528e-001  3.933736e-001  3.753152e-001  3.277417e-001  2.874712e-001  3.278076e-001  3.914821e-001  3.049594e-002  1.585241e-001  -6.510212e-002  1.239816e-001  -1.858286e-003  -9.396202e-002  -6.056489e-002  -2.485965e-001  -2.065167e-001  -2.813187e-001  -4.010497e-001  -5.601615e-001  -6.022458e-001  -4.503937e-001  -3.654080e-001  -2.719962e-001  -1.179669e-001  7.301384e-002  1.324050e-001  5.052333e-002  2.981019e-001  2.320700e-001  2.822937e-001  3.127268e-001  4.638786e-001  5.840348e-001  6.827169e-001  6.705171e-001  7.698293e-001  3.649632e-001  6.413917e-001  6.334249e-001  8.807544e-001  8.271168e-001  5.406309e-001  6.715983e-001  1.386912e+000  8.510237e-001  1.157475e+000  1.330055e+000  1.372069e+000  8.939139e-001  1.353845e+000  
-1.919412 
