10 
0
1
2
1 13 11 9 0 -1
1 16 11 3 0 3
haar_y3
-0.115650  261.258026  64
-1.529198e+000  -1.244823e+000  -9.826878e-001  -8.372579e-001  -1.090927e+000  -5.966452e-001  -1.001193e+000  -7.763150e-001  -6.823463e-001  -9.635653e-001  -6.610708e-001  -7.033266e-001  -6.316842e-001  -8.384942e-002  -3.952972e-001  -2.924157e-001  -1.779868e-001  -3.566402e-001  2.935683e-002  -2.876055e-001  1.126719e-002  -1.725275e-001  -1.122005e-001  -1.294073e-001  -2.013961e-001  -2.204928e-001  -3.321198e-001  -4.421159e-001  -3.024203e-001  -3.633317e-001  -3.805248e-001  -4.445184e-001  -4.524759e-001  -4.965595e-001  -4.103769e-001  -2.367144e-001  -4.439024e-001  -3.512987e-001  -4.127250e-001  -8.519245e-002  -3.710825e-001  -3.507182e-001  -6.524727e-001  -5.069004e-001  -3.951899e-001  1.055095e-001  -7.907604e-003  -3.873742e-003  -2.729896e-001  -3.040819e-001  -2.541670e-001  -2.735933e-001  -2.799973e-001  -2.579691e-001  -3.611794e-001  -2.476050e-001  -1.008507e-001  -5.683821e-001  -8.822861e-001  -8.055157e-001  -2.579733e-001  -1.270539e+000  -3.331520e-001  -1.560387e+000  
0
1
2
8 13 9 10 0 -1
11 13 3 10 0 3
haar_x3
-0.097820  288.333435  64
-1.035775e+000  -4.280391e-001  -5.193188e-001  -5.736346e-001  -3.188762e-001  -9.588576e-001  -7.323955e-001  6.265188e-002  -5.082957e-001  -2.555684e-001  7.735956e-002  -2.119082e-001  -2.607090e-001  -9.091938e-002  1.320734e-001  -6.423733e-002  2.042838e-001  2.350145e-001  2.905743e-001  1.731914e-001  1.427801e-001  2.567775e-001  2.948266e-002  1.536079e-001  4.763148e-002  1.045988e-001  -1.187847e-002  7.981724e-002  7.692719e-002  1.023968e-001  3.478061e-002  8.130837e-002  3.728642e-002  1.467070e-002  2.009720e-002  7.722127e-002  8.556816e-003  -9.413823e-002  -1.184029e-001  -6.284590e-002  -1.146185e-001  -3.368224e-001  1.166888e-001  -2.501495e-001  -5.578687e-001  7.651389e-002  -1.568482e-001  -9.228536e-002  -6.183132e-001  1.269429e-001  -1.413841e-001  -8.602662e-001  -2.088082e-001  -6.713055e-001  -8.516028e-001  -3.390486e-001  -5.591180e-001  -7.295619e-001  -5.176721e-001  -5.068986e-001  -1.052360e+000  -7.344944e-001  -4.128652e-001  -1.034427e+000  
0
1
3
6 5 8 14 0 -1
6 5 4 7 0 2
10 12 4 7 0 2
haar_x2_y2
-0.131367  323.783936  64
7.219992e-001  4.454077e-001  1.037812e+000  9.559090e-002  4.964887e-001  3.316908e-001  5.767501e-001  6.629819e-001  -2.283458e-001  3.293065e-001  1.093389e-001  4.122335e-001  2.082457e-001  3.000287e-001  4.067195e-001  2.495508e-001  1.122632e-001  1.888297e-001  1.155936e-001  4.597896e-001  1.762037e-001  2.924109e-002  7.044487e-002  2.695961e-001  2.519367e-001  1.821250e-001  6.341189e-002  -4.284902e-002  5.875383e-003  1.416804e-002  -5.060577e-002  -1.525775e-001  -2.489535e-001  -4.575259e-004  -2.266407e-001  -1.070278e-001  -1.348752e-001  -3.243317e-001  -2.686619e-001  -4.690763e-001  -3.183320e-001  -2.763498e-001  -4.421956e-001  -1.470053e-001  -2.154240e-001  -2.031781e-001  -1.261715e-001  -8.238757e-002  1.533950e-001  -1.625031e-001  3.024085e-001  3.593474e-001  2.620395e-001  2.745298e-001  4.322582e-001  3.725835e-001  2.393435e-001  4.632099e-001  2.584811e-001  3.054614e-001  4.756989e-001  4.803641e-001  -2.387539e-002  -7.519441e-002  
0
1
3
0 5 22 6 0 -1
0 5 11 3 0 2
11 8 11 3 0 2
haar_x2_y2
-0.067963  338.361908  64
-8.714309e-001  -8.082427e-001  -1.504277e-001  -2.981240e-001  -7.474310e-002  -3.993086e-001  -2.860197e-001  -2.593357e-001  -7.898203e-002  -1.798369e-001  -3.490848e-001  -7.524651e-002  -4.571696e-002  1.393086e-001  -1.646761e-002  1.602567e-001  1.950900e-001  1.510777e-001  4.172984e-002  1.133691e-001  1.368821e-001  2.608185e-001  1.748665e-001  3.850425e-001  2.201368e-001  3.174045e-002  2.041101e-001  2.479614e-001  1.440985e-001  1.020284e-003  2.304170e-001  -6.836330e-002  -1.554683e-001  2.824344e-002  -7.588701e-002  -1.478184e-001  2.951440e-002  -1.549632e-001  -1.802965e-002  -8.476175e-002  -2.392137e-001  -3.286544e-002  -1.303415e-001  -1.516314e-001  -9.955610e-002  -2.536837e-001  -1.161731e-001  -3.535920e-001  -1.065895e-001  -3.339289e-001  -5.283397e-001  -5.201782e-001  -2.245515e-001  -5.892174e-001  -7.108707e-001  -9.867262e-001  -7.251980e-001  -7.101995e-001  -1.130300e-001  -9.615259e-001  -5.568865e-001  -4.956898e-001  -2.893959e-001  -1.238131e+000  
0
1
2
13 14 8 8 0 -1
17 14 4 8 0 2
haar_x2
-0.094861  299.733673  64
1.235385e+000  8.296773e-001  1.339401e+000  9.915933e-001  7.538845e-001  9.119217e-001  7.345771e-001  7.911980e-001  1.323555e-001  2.343332e-001  2.292582e-001  1.912581e-001  4.247986e-001  -1.854155e-001  -1.788727e-001  -4.475904e-002  2.595336e-002  -8.757143e-002  -9.232300e-002  1.659539e-001  -1.629916e-002  -2.598095e-001  2.555198e-002  -1.400174e-001  -1.600748e-001  -1.612858e-001  -8.964393e-002  -6.103224e-002  -2.008810e-001  -1.471781e-001  3.886468e-002  6.976002e-002  -1.554166e-001  8.681066e-002  -1.104554e-001  1.027547e-001  -7.238043e-003  1.541633e-001  1.628286e-001  1.008848e-001  -1.085777e-001  1.322856e-001  6.281413e-002  1.212046e-001  -5.997946e-002  -6.282026e-002  -8.909974e-002  3.998187e-002  -1.099530e-001  -1.863825e-001  -2.679796e-001  -6.892084e-002  -4.536606e-001  -7.549697e-002  -4.150547e-002  -3.183309e-001  -3.784177e-001  -8.978001e-001  -3.320549e-001  -5.255666e-001  -7.080740e-001  -8.734710e-001  -6.792845e-001  -8.071250e-001  
0
1
3
6 0 6 18 0 -1
6 0 3 9 0 2
9 9 3 9 0 2
haar_x2_y2
-0.101160  323.167938  64
-1.018254e+000  -7.083599e-002  1.463712e-003  -1.751931e-001  -2.543766e-001  -2.155387e-001  2.469016e-002  -4.234635e-001  2.226110e-001  3.054740e-001  -3.299264e-002  -9.246361e-002  5.197125e-002  2.105524e-001  2.602857e-001  -8.989593e-002  -7.222975e-002  2.451642e-001  1.189711e-001  1.648764e-001  9.355874e-002  3.586686e-001  2.291273e-001  2.585997e-001  1.977378e-001  2.991208e-001  1.419278e-001  2.330925e-001  -4.806867e-002  -2.716738e-002  -9.911362e-002  -1.809456e-001  -2.203820e-001  -2.856929e-001  -2.702087e-001  -8.932927e-002  -9.890386e-002  -2.619513e-001  -2.700800e-001  -1.407802e-001  -4.463669e-001  -2.981601e-001  -3.077555e-001  -3.258195e-001  -3.566578e-001  -1.879134e-001  -4.210768e-002  -8.095714e-002  5.687505e-002  1.422587e-001  -1.316354e-001  1.923532e-001  -7.532803e-002  8.292784e-003  -1.089834e-002  -2.400607e-001  1.291883e-001  3.324199e-001  -2.864799e-001  5.429856e-001  3.665702e-001  6.373287e-001  1.773644e-001  5.855163e-002  
0
1
2
8 1 11 3 0 -1
7 2 11 1 0 3
tilted_haar_y3
-0.044294  556.590271  64
1.393717e-001  -1.889053e-001  4.735098e-001  -3.247394e-001  7.853446e-002  5.344574e-001  3.207282e-001  5.072042e-002  3.794248e-001  4.140548e-001  5.104160e-001  3.555806e-001  2.107450e-001  3.533486e-001  2.727035e-001  2.731911e-001  1.587616e-001  3.148565e-001  2.942603e-001  1.467194e-001  5.838311e-002  1.047406e-001  -2.227289e-001  1.813404e-002  -2.314159e-001  -2.339537e-001  -1.593207e-001  -2.023269e-001  -3.458597e-001  -2.421279e-001  -7.172878e-002  -2.156439e-001  -2.387531e-001  -1.724145e-001  -3.196369e-001  -7.544626e-002  4.697249e-002  -8.866944e-002  2.312095e-001  1.643816e-002  1.396626e-001  1.395008e-002  4.413203e-001  4.133411e-001  -5.759066e-002  4.194301e-001  1.833810e-001  1.996262e-001  6.414674e-001  3.954668e-001  2.378169e-001  2.441865e-001  9.582868e-002  3.848792e-001  2.737818e-002  2.627086e-001  7.265725e-001  5.354060e-001  5.609474e-002  -4.064172e-002  3.778450e-001  -1.770831e-001  -5.254904e-003  -2.888247e-001  
0
1
3
14 0 10 12 0 -1
14 0 5 6 0 2
19 6 5 6 0 2
haar_x2_y2
-0.101841  263.328217  64
-5.474100e-001  -3.359381e-001  -3.452789e-001  -2.634445e-001  -7.743736e-001  -3.878261e-001  -2.949943e-001  -4.247225e-001  -2.785768e-001  -9.111305e-001  -4.642344e-001  -2.812284e-001  -1.881615e-001  -5.843152e-001  -5.632577e-002  -3.079746e-001  -1.748364e-001  -1.388308e-001  -1.726075e-001  -2.643687e-001  -1.318115e-002  -2.069101e-001  9.283868e-002  6.120908e-002  -2.122363e-002  2.332796e-002  -3.851043e-002  1.580917e-001  1.628910e-002  9.904852e-002  1.695273e-001  2.301340e-001  3.102366e-001  1.962902e-001  1.942870e-001  1.547605e-001  3.412021e-001  1.713784e-001  1.834459e-001  -6.010567e-004  1.820978e-001  1.571749e-001  1.309649e-001  -8.242116e-002  1.272600e-001  -9.429523e-002  1.041304e-001  3.001260e-002  -2.622030e-001  -3.466005e-002  1.310413e-001  9.286680e-002  -5.578912e-001  -4.750198e-001  -1.445922e-001  1.475555e-001  1.121841e-001  4.767764e-002  3.654445e-002  -5.246203e-001  -3.207089e-001  -1.141572e-001  -1.565649e-001  -1.071002e+000  
0
1
2
8 8 9 12 0 -1
8 11 9 6 0 2
haar_y4
-0.083693  335.394531  64
-2.524297e-001  4.306394e-001  -4.023446e-001  -3.335665e-001  -6.939791e-002  -1.914321e-001  -3.683515e-001  -3.393531e-001  -5.909309e-002  -4.132776e-001  -4.579941e-001  -4.427575e-001  -3.624725e-001  -1.693065e-001  -5.232369e-001  -1.515103e-002  -3.502410e-001  -2.856647e-001  -3.154376e-001  -1.630101e-001  3.508721e-002  -2.628123e-001  -1.734014e-001  -2.064797e-001  -6.994902e-002  4.969749e-004  -1.036588e-001  9.403308e-002  -4.398106e-002  7.816556e-002  1.165242e-002  2.305610e-001  2.217123e-001  1.159974e-001  2.447325e-001  2.814009e-001  1.571515e-001  1.748377e-001  3.332425e-001  5.844633e-002  2.431719e-001  1.452323e-001  -2.600259e-002  3.916492e-002  -3.667976e-002  -2.885591e-002  -4.696197e-002  -4.248605e-002  -1.914514e-001  -2.909046e-001  -3.037653e-001  1.286746e-002  -1.338010e-001  -2.228578e-001  -4.316207e-001  -6.824554e-001  -6.339547e-001  -2.994142e-001  -1.197301e+000  -6.239283e-001  -8.401766e-001  -2.319395e-001  -7.244347e-001  -1.597119e+000  
0
1
2
14 0 9 3 0 -1
13 1 9 1 0 3
tilted_haar_y3
-0.040910  792.664246  64
-1.068694e+000  -6.164157e-001  -3.920525e-002  -2.034704e-001  -4.827709e-001  -2.377044e-001  -2.119840e-001  -4.256428e-001  -2.227316e-001  -3.471417e-003  4.814351e-002  2.096350e-001  4.024111e-001  1.109821e-001  1.627578e-001  9.544968e-002  -6.076996e-003  4.407372e-001  5.362647e-002  1.814899e-001  8.927648e-002  2.690738e-001  2.841668e-001  2.575488e-001  1.926579e-001  8.902737e-002  1.605356e-001  -3.880044e-002  1.009833e-001  1.078206e-001  8.446531e-003  -8.785419e-003  -5.185549e-002  -5.203146e-002  -1.422108e-001  -7.805387e-002  -3.752932e-001  -1.575010e-001  -1.168198e-001  -9.635790e-002  -3.414113e-001  2.407542e-002  -2.762854e-001  -5.086892e-002  -3.454840e-001  -3.049748e-001  -4.312661e-002  -5.742773e-002  -2.968268e-001  -3.984927e-001  -2.617345e-001  -3.365934e-001  -5.323097e-001  -6.133571e-002  -5.099292e-001  -5.137557e-001  -9.540093e-001  -1.009104e+000  -9.039069e-001  -1.536625e-001  -8.071508e-001  -4.662772e-001  -1.817868e-001  -1.295479e+000  
-2.109415 
