8 
0
1
2
6 6 9 9 0 -1
9 6 3 9 0 3
haar_x3
-0.095601  304.166107  64
3.904558e-002  -2.755554e-002  3.274267e-001  2.257534e-002  2.447955e-001  2.665066e-001  9.504151e-002  1.088166e-001  2.607523e-001  2.330453e-001  -5.315740e-002  1.678881e-001  4.586735e-002  2.348978e-002  -1.411471e-001  -1.059342e-003  -9.186915e-002  -1.660527e-001  -1.488611e-001  -1.143179e-001  -2.965237e-002  -2.009927e-001  -1.523797e-001  -2.016508e-001  -2.977399e-001  -3.704715e-001  -5.240709e-001  -5.006051e-001  -9.299815e-001  -7.171124e-001  -5.317187e-001  -5.773900e-001  -8.019677e-001  -5.507410e-001  -5.650764e-001  -4.465096e-001  -4.259852e-001  -3.952177e-001  -3.989244e-001  -3.666860e-001  -2.522187e-001  -3.063614e-001  -2.902055e-001  -1.979354e-001  -2.422928e-001  -1.051101e-001  1.561050e-003  -1.096377e-003  -2.917725e-001  -1.837426e-001  2.137074e-001  2.512128e-001  1.585118e-001  -7.008581e-001  3.447310e-001  -3.648682e-001  6.870344e-002  7.615391e-003  -2.368480e-001  -3.662864e-002  -2.873019e-001  1.935651e-001  -7.478575e-003  -5.622141e-002  
0
1
2
14 1 6 8 0 -1
14 1 6 4 0 2
tilted_haar_y2
-0.106904  290.640289  64
-3.203536e-001  -2.659823e-001  4.099965e-002  -7.175888e-002  -8.229980e-003  -2.338301e-001  8.525500e-002  1.811172e-001  9.902060e-002  -1.897294e-001  -1.665819e-001  1.102993e-001  -2.156267e-002  -5.379433e-002  -3.735363e-002  -3.308838e-001  3.720514e-002  -1.157142e-001  -9.166641e-002  -1.179991e-001  -3.254145e-002  -5.372740e-002  -7.966351e-002  -4.703086e-002  -8.326545e-004  1.406928e-001  1.335512e-001  -1.207525e-001  1.380976e-001  1.714153e-001  1.594777e-001  3.261972e-001  3.023407e-001  3.785270e-001  2.730175e-001  2.379614e-001  2.477260e-001  2.147176e-001  1.718942e-001  2.416900e-001  -2.669071e-001  -2.475448e-002  4.062320e-002  -4.336926e-004  -6.678477e-002  -4.164496e-002  -2.006995e-002  -5.514677e-001  -4.794398e-001  -2.828146e-001  -2.543368e-001  -2.638250e-001  -5.224717e-001  -2.360067e-001  -2.163470e-001  -3.124711e-001  -2.709644e-001  -3.217094e-001  -4.742613e-001  -7.987558e-001  -6.870352e-001  -8.504674e-001  -7.807641e-001  -1.342283e+000  
0
1
2
9 4 6 15 0 -1
11 4 2 15 0 3
haar_x3
-0.056445  375.864746  64
4.155668e-001  3.183805e-002  3.697215e-001  4.007043e-001  2.190486e-001  9.549528e-002  1.134101e-001  1.663369e-001  -8.047245e-002  -2.212932e-001  8.500625e-002  -1.395874e-001  -2.834402e-001  -5.565503e-002  -1.165384e-001  -2.478163e-001  -2.145135e-001  -1.832182e-001  -3.086226e-001  -3.673729e-001  -3.729534e-001  -4.112702e-001  -3.656410e-001  -1.546735e-001  -2.101666e-001  -4.584136e-002  7.284956e-003  1.493847e-001  4.871107e-003  2.542235e-001  1.405436e-001  1.408101e-001  2.353597e-001  2.128710e-001  1.763440e-001  1.835052e-001  3.243975e-001  3.872540e-001  1.668549e-001  4.467807e-001  2.831415e-001  1.701021e-003  4.345406e-001  5.458106e-001  5.000548e-001  3.229722e-001  7.390838e-002  2.964870e-001  1.714573e-001  3.881251e-001  1.892063e-002  1.538825e-001  2.726982e-001  5.144284e-001  4.369384e-001  2.123014e-001  2.632848e-001  -2.160361e-001  -3.529109e-001  2.965761e-001  2.381151e-001  1.666042e-001  3.142155e-002  -3.758888e-001  
0
1
2
4 0 6 14 0 -1
6 0 2 14 0 3
haar_x3
-0.059826  436.750763  64
-7.933838e-001  -4.760048e-001  -3.294688e-001  -2.434195e-001  -3.427362e-001  -3.391437e-001  -3.337466e-001  -3.706973e-001  -4.508352e-002  -2.257372e-001  -3.359032e-002  -8.261663e-002  5.834312e-002  -1.100341e-001  9.718899e-002  4.159893e-002  -1.599897e-001  1.185038e-001  2.170156e-001  1.761327e-001  6.961547e-002  1.685116e-001  2.236003e-001  2.293931e-001  1.195208e-001  1.084026e-001  1.641306e-001  9.645045e-002  1.831566e-001  2.150111e-001  7.760979e-002  8.476467e-002  -1.672751e-002  1.212637e-001  1.461639e-001  5.965505e-003  -5.366103e-002  -6.868404e-002  -2.910892e-001  -1.780630e-001  -2.831599e-001  -2.802835e-001  4.233471e-002  -3.097775e-002  -1.163608e-001  -1.789027e-001  -3.970051e-001  -3.453736e-001  -1.855649e-001  -2.236807e-001  -7.901326e-001  -3.285823e-001  -3.008600e-001  -3.667959e-001  -7.244586e-001  -8.079690e-001  -8.093735e-001  -5.181924e-001  -4.068134e-001  -4.241524e-001  -4.345244e-001  -3.954141e-001  -1.727582e-003  -3.109459e-001  
0
1
2
17 0 6 14 0 -1
19 0 2 14 0 3
haar_x3
-0.130549  227.471985  64
-1.391005e-001  1.215856e-001  2.033971e-001  -2.205555e-001  1.059599e-001  2.451665e-001  -1.130406e-001  -6.153935e-002  1.360192e-001  -1.404668e-001  -4.238437e-001  -2.439106e-001  2.191808e-001  1.180861e-001  -1.928642e-001  1.838651e-001  -2.990838e-001  -1.088244e-001  -2.207897e-001  -2.464436e-002  -3.142632e-001  -2.199137e-001  -1.468917e-001  -2.410736e-001  -2.172454e-001  -2.067544e-001  -1.072911e-002  -6.870080e-002  4.177416e-003  1.043337e-002  6.649627e-002  2.038952e-001  1.289792e-001  2.282612e-001  1.012962e-001  2.467644e-001  2.194186e-001  1.591011e-001  1.328468e-001  1.018599e-001  1.217821e-001  3.309841e-002  -1.054748e-001  6.199510e-003  -1.704664e-001  1.814450e-002  -2.392498e-001  -5.570240e-001  -2.628165e-001  -1.995857e-001  -2.706354e-001  -3.856119e-001  -8.869751e-001  -3.845384e-001  -7.551951e-001  -6.974283e-001  -6.578937e-001  -3.425241e-001  -8.371129e-001  -5.317941e-002  -5.707314e-001  -9.649562e-001  -9.820971e-001  -1.280044e+000  
0
1
3
5 3 8 14 0 -1
5 3 4 7 0 2
9 10 4 7 0 2
haar_x2_y2
-0.102941  366.324921  64
-2.426119e-001  -3.399180e-001  -1.579307e-001  3.497057e-001  1.376878e-001  2.165112e-001  1.410453e-001  2.018942e-001  2.468204e-001  1.079654e-001  2.147735e-002  1.136666e-001  1.265960e-001  4.050344e-002  1.722625e-001  1.791206e-001  -2.397764e-003  2.634394e-001  4.066853e-001  1.693289e-001  2.240832e-001  7.240931e-002  3.881260e-001  1.422626e-001  1.711674e-001  1.443643e-001  1.049955e-001  1.706485e-001  1.544094e-001  5.623490e-002  1.747607e-001  1.283138e-001  1.490693e-003  3.537034e-002  -1.152994e-001  -2.047091e-001  -3.883057e-001  -2.885414e-001  -4.260139e-001  -3.388785e-001  -3.636104e-001  -3.325254e-001  -2.774287e-001  -2.905344e-001  -2.463417e-001  -2.351121e-001  -2.187675e-001  -1.115784e-001  -3.706952e-001  -2.236397e-001  9.202010e-002  -1.675205e-001  -2.668672e-001  -1.132199e-001  -3.940987e-001  -8.390017e-002  2.538106e-001  2.220362e-001  5.512433e-001  -1.274665e-001  7.544637e-001  2.666469e-001  9.824309e-002  4.466775e-001  
0
1
2
4 3 7 8 0 -1
4 7 7 4 0 2
haar_y2
-0.090184  315.098694  64
3.402353e-001  5.636377e-001  7.433867e-001  2.876795e-001  5.288243e-001  3.461938e-001  5.849816e-001  4.641936e-001  2.882998e-001  7.222143e-001  5.120547e-001  2.892071e-001  4.160703e-001  3.340549e-001  4.610713e-001  4.772412e-001  1.191811e-001  1.943644e-001  1.326028e-004  1.368726e-002  -7.437176e-002  1.324526e-001  -1.180968e-002  3.508848e-002  2.923007e-002  -2.257735e-001  -1.474900e-001  -4.326814e-001  -3.517631e-001  -3.444974e-001  -2.755164e-001  -1.240953e-002  -1.792096e-002  -2.809631e-002  2.330088e-002  9.045120e-002  6.571250e-002  1.029408e-001  1.854503e-002  2.634036e-001  5.204876e-002  1.438299e-001  2.426262e-001  2.075985e-001  -4.309126e-003  3.840460e-002  -1.780230e-001  -2.548122e-001  1.879694e-001  -6.341673e-002  -1.376553e-001  1.270107e-001  -1.631298e-001  2.058257e-003  3.264595e-001  -1.366727e-001  -5.230404e-002  -3.803086e-002  -4.168708e-001  -4.152287e-001  -6.734176e-001  -5.197508e-001  -2.522120e-001  -6.146339e-001  
0
1
2
3 16 19 8 0 -1
3 20 19 4 0 2
haar_y2
-0.287448  138.996567  64
1.266772e+000  8.229228e-001  6.551722e-001  2.168931e-002  4.978498e-001  -2.032903e-001  2.082425e-001  2.829045e-001  -3.250392e-002  -5.185299e-001  9.723124e-002  -4.622901e-001  1.691675e-001  1.511084e-001  -1.030840e-001  -1.700798e-001  -1.226745e-001  -2.036971e-001  2.500181e-001  -9.995344e-003  4.729464e-002  3.512957e-001  1.486010e-001  3.680483e-002  1.792829e-001  -2.977395e-002  2.698694e-001  1.919313e-001  2.497731e-001  1.061940e-001  1.030811e-001  1.526083e-001  1.447605e-001  1.642694e-001  2.384930e-001  2.886529e-002  -3.143345e-004  -7.435907e-002  -1.181045e-001  -1.866086e-001  -1.510182e-001  -6.112690e-002  -7.212821e-002  5.082521e-002  -4.234464e-002  -6.784874e-002  1.164177e-002  -1.277954e-001  -1.807455e-001  -2.201525e-001  4.868720e-002  -9.286697e-002  -2.683685e-001  -2.340258e-001  -2.189040e-001  -2.876135e-001  -3.186032e-001  -3.499490e-001  -5.345000e-001  -7.488461e-001  -6.973647e-001  -5.048005e-001  -1.935353e-001  -1.166149e+000  
-1.985267 
