8 
0
1
2
2 6 10 12 0 -1
2 10 10 4 0 3
haar_y3
-0.058391  257.661224  64
-1.135817e+000  -1.186797e+000  -1.186441e+000  -6.630138e-001  -1.408472e+000  -7.167474e-001  -6.895172e-001  -7.361283e-001  -9.054365e-001  -6.691238e-001  -7.990552e-001  -6.959395e-001  -5.681295e-001  -6.195293e-001  -5.481387e-001  -5.393735e-001  -4.678886e-001  -3.730151e-001  -2.672578e-001  -4.528517e-001  -2.323382e-001  -3.992417e-001  -2.592454e-001  -4.005984e-001  -4.072243e-001  -2.008937e-001  -2.090983e-001  -1.690153e-001  -4.881249e-001  -2.177550e-001  -1.234755e-001  -5.451791e-002  -2.484652e-001  -1.852456e-001  -7.256880e-002  -1.295666e-001  -2.213345e-001  -3.872320e-001  -2.769214e-001  -1.356460e-001  -2.058074e-001  -5.677922e-002  -8.563403e-001  -3.991638e-001  -4.782535e-001  -2.226576e-001  7.203532e-003  -3.924038e-001  -3.583358e-001  -5.689220e-001  -7.260733e-001  -4.777296e-001  -6.839938e-001  -7.800145e-001  -9.294677e-001  -9.062619e-001  -1.514252e+000  -1.098280e+000  -7.893867e-001  -9.310206e-001  -9.447532e-001  -1.094001e+000  -7.962025e-001  -1.264564e+000  
0
1
3
0 12 10 12 0 -1
0 12 5 6 0 2
5 18 5 6 0 2
haar_x2_y2
-0.148542  203.569443  64
1.078024e-001  3.211582e-001  8.565002e-001  1.798939e-002  6.170603e-001  3.551936e-001  4.145181e-001  7.931450e-001  6.574702e-001  5.843433e-001  2.616646e-001  2.243405e-001  2.380221e-001  3.474664e-001  2.106236e-001  3.090502e-001  1.264604e-001  -2.273706e-001  -2.370271e-002  -1.023290e-001  -2.288975e-001  -4.001824e-003  -4.364582e-002  -2.731002e-001  -7.838099e-002  -1.920411e-001  -2.435463e-001  -2.155747e-001  -3.195884e-001  -2.209302e-001  -3.602055e-001  -1.344694e-001  -2.424475e-001  -1.065437e-001  -1.325016e-001  -2.093985e-002  8.301374e-002  1.947021e-001  1.746977e-001  2.737095e-001  3.193507e-001  3.828000e-001  3.730458e-001  1.981971e-001  1.809168e-001  5.271935e-001  3.903018e-001  3.380074e-001  2.491773e-001  4.850898e-001  3.496963e-001  1.548359e-001  3.801929e-001  8.099346e-001  3.414980e-001  3.249069e-001  3.226303e-001  5.190057e-001  5.736006e-001  6.938277e-001  5.796282e-001  3.450128e-001  5.041753e-001  4.034106e-001  
0
1
3
8 4 10 12 0 -1
8 4 5 6 0 2
13 10 5 6 0 2
haar_x2_y2
-0.054021  387.437103  64
-8.481350e-001  -9.433268e-001  -3.714985e-001  -7.632046e-001  -2.206261e-001  -7.686212e-001  -4.080970e-001  -4.996031e-001  -7.351034e-002  -6.434227e-001  -2.630410e-001  -3.114276e-001  9.116914e-002  -1.288235e-002  -1.482466e-002  -1.734814e-001  -8.696534e-002  -1.012953e-001  1.477686e-001  -1.070955e-001  -2.727648e-002  1.821866e-001  2.275787e-001  2.359898e-001  2.448853e-001  1.318469e-001  1.276891e-001  1.403171e-001  1.792566e-001  1.921143e-001  1.121246e-001  7.849640e-002  2.955256e-001  1.134947e-002  1.862144e-001  1.377803e-001  2.377992e-001  1.206130e-001  -1.247870e-002  1.013422e-001  -1.598296e-001  3.294430e-002  -3.348425e-002  -1.615201e-001  -2.625853e-001  3.416225e-002  -3.410699e-001  -3.437770e-001  3.049381e-002  -2.740585e-001  -4.296235e-001  -1.448473e-001  -5.824548e-001  -3.729599e-001  -1.043251e-001  -4.206335e-001  -5.291636e-001  -8.276443e-001  -4.655040e-001  -6.761432e-001  4.578239e-002  -1.083792e+000  -9.012259e-001  -5.520318e-001  
0
1
2
10 7 9 6 0 -1
10 10 9 3 0 2
haar_y2
-0.045353  483.649353  64
-2.786998e-003  -9.796712e-001  -1.347930e-001  -9.391929e-002  4.083445e-002  -1.438310e-001  -1.036441e-001  -1.285073e-001  3.030445e-001  9.486179e-003  2.951589e-001  2.184440e-001  1.771131e-001  1.735318e-001  1.626985e-001  1.893033e-001  1.646007e-002  -3.274152e-002  -4.984518e-002  -2.428511e-001  -2.526807e-001  -9.763962e-003  -1.414520e-001  -2.785201e-001  -2.071701e-001  -1.191258e-001  -2.617811e-001  -2.647664e-001  -4.794965e-001  -1.161157e-001  -2.842461e-001  -2.758151e-001  -1.569444e-002  -2.006038e-001  1.091015e-001  1.009274e-001  1.301325e-002  1.216227e-002  3.302678e-001  4.252697e-001  4.916774e-002  3.983781e-001  3.037789e-002  7.456447e-001  4.331858e-001  4.249700e-001  3.554789e-001  5.870913e-001  1.727779e-001  2.989697e-001  3.297422e-001  2.720132e-001  2.838275e-001  2.018131e-001  5.753059e-001  4.413555e-001  1.500742e-001  2.691638e-001  6.688094e-001  5.302221e-001  3.470232e-001  -2.258879e-001  3.248663e-001  8.357181e-002  
0
1
2
12 0 6 19 0 -1
14 0 2 19 0 3
haar_x3
-0.102551  306.715851  64
-1.406078e+000  -9.335738e-001  -8.443346e-001  -1.708244e-001  -1.789341e-003  -6.065680e-001  1.957666e-001  2.386571e-001  -3.264978e-001  -1.534909e-001  -6.199401e-002  2.968993e-001  1.390796e-001  4.821274e-001  2.230839e-001  2.162559e-001  1.473987e-001  2.174901e-001  3.471202e-001  2.253341e-001  2.383634e-001  2.992553e-001  2.954682e-001  2.374364e-001  1.914003e-001  2.010188e-001  6.166794e-002  1.263026e-001  4.786768e-002  7.792529e-002  -7.216361e-002  -2.242047e-001  -1.728510e-001  -2.922322e-001  -2.670616e-001  -8.628798e-002  -2.519305e-001  -3.250085e-001  -3.115381e-001  -2.273922e-001  -2.912182e-001  -3.501146e-002  -1.719132e-001  -1.128643e-001  -7.058232e-002  -1.145980e-001  2.511366e-002  -1.605093e-001  -2.516865e-001  -2.451138e-001  1.322160e-001  2.975167e-001  -8.332452e-002  -3.091411e-002  2.406731e-001  1.191745e-001  3.820488e-001  1.990459e-001  -1.858620e-001  1.289349e-001  2.249187e-001  -6.467631e-002  -1.709794e-001  3.969457e-001  
0
1
2
1 4 20 20 0 -1
11 4 10 20 0 2
haar_x2
-0.611922  51.777073  64
1.143637e+000  2.258073e-001  4.157470e-001  5.517042e-001  5.257191e-001  -2.428539e-001  1.063642e-001  7.616597e-002  3.344396e-001  -1.657857e-001  3.010847e-001  3.151809e-001  -2.920695e-001  -2.235741e-001  -4.378431e-001  -4.834753e-001  -2.647187e-001  3.401733e-001  3.588377e-001  2.986128e-001  1.384929e-001  1.707595e-001  3.091191e-001  1.849368e-001  1.405089e-001  -3.565409e-002  2.022792e-001  1.453770e-001  4.231192e-002  1.898186e-002  -1.026621e-001  1.930873e-002  4.528422e-002  3.012789e-001  -6.486601e-002  -6.182229e-002  1.010212e-001  -4.610094e-002  -3.332774e-001  -1.463911e-001  -6.959089e-002  -7.856405e-002  -2.645770e-001  -8.674905e-002  -2.083009e-001  -1.542837e-001  -1.998113e-001  -2.742687e-001  -1.101695e-001  4.609609e-003  -1.072891e-001  4.785658e-002  -1.392712e-001  -3.340052e-001  -2.590407e-001  2.724094e-001  -1.631004e-001  1.860131e-001  2.800477e-001  7.016468e-001  4.700366e-001  8.696800e-001  7.384233e-001  1.381342e+000  
0
1
3
18 3 6 20 0 -1
18 3 3 10 0 2
21 13 3 10 0 2
haar_x2_y2
-0.165316  195.857086  64
4.867476e-002  5.679635e-001  5.866748e-001  7.727005e-001  4.879944e-001  1.404099e-001  4.239011e-001  2.486430e-001  6.765650e-001  2.098762e-001  4.097395e-001  6.949354e-002  1.228698e-001  4.078121e-001  1.487090e-001  1.153861e-001  1.733623e-001  4.405724e-001  3.951561e-001  4.281046e-001  3.960657e-002  1.418782e-001  2.207818e-002  7.692052e-003  -4.089606e-002  5.013715e-002  -2.102405e-001  1.216303e-002  -1.648066e-001  -1.320947e-001  -2.398208e-001  -2.963576e-001  -3.079742e-001  -3.447031e-001  -2.221095e-001  -9.842806e-002  -6.394361e-003  8.256963e-003  9.587415e-002  2.230517e-001  -1.996969e-001  1.926372e-001  3.002666e-001  3.258764e-001  1.309234e-002  1.084414e-001  2.729038e-001  6.139022e-001  3.138580e-001  3.827904e-001  3.484050e-001  5.658004e-001  3.421714e-001  3.611820e-001  3.364820e-001  8.703809e-001  1.375813e-001  5.539155e-002  4.500449e-001  3.610677e-001  2.667886e-001  1.059851e-001  8.640324e-001  3.323289e-002  
0
1
2
8 18 9 6 0 -1
8 21 9 3 0 2
haar_y2
-0.083514  340.334808  64
5.999279e-001  -3.580750e-001  -4.073212e-001  1.246325e-001  -1.286932e-001  4.376621e-001  1.957317e-001  6.797026e-001  3.331809e-001  5.487006e-001  4.389571e-003  2.920846e-001  -2.801554e-001  -4.316368e-002  1.435578e-001  2.393985e-001  -5.924656e-002  -5.187612e-002  -1.218753e-002  -1.657063e-001  -1.374428e-001  -2.189537e-001  -1.504118e-001  -3.656036e-001  -2.129013e-001  -3.712729e-001  -2.383803e-001  -2.374762e-001  -3.909367e-001  -1.644353e-001  -9.188376e-002  -9.834849e-002  -5.931803e-002  9.869152e-002  1.715160e-001  2.109097e-001  2.446568e-001  1.573093e-001  2.070240e-001  4.436169e-001  2.938397e-001  1.470789e-001  2.848742e-001  1.697001e-001  2.633834e-001  2.354682e-001  4.650715e-001  1.782013e-001  2.009204e-001  1.696445e-001  4.958808e-002  2.229386e-001  4.091430e-001  2.901144e-001  2.196516e-001  4.286709e-001  -3.038262e-001  -1.745766e-001  -1.651137e-001  -4.558472e-001  -1.612272e-001  -5.882665e-001  -4.379913e-001  -6.128567e-001  
-2.121540 
