2 
0
1
3
0 6 24 10 0 -1
0 6 12 5 0 2
12 11 12 5 0 2
haar_x2_y2
-0.134167  198.416229  64
-1.482913e+000  -1.037155e+000  -9.182116e-001  -8.463229e-001  -9.377356e-001  -8.473105e-001  -9.134709e-001  -6.633126e-001  -5.495647e-001  -6.905570e-001  -6.787893e-001  -4.248167e-001  -5.481225e-001  -3.552774e-001  -3.753875e-001  -2.805134e-001  -8.451303e-002  -1.675927e-001  -2.540061e-001  -2.709251e-001  -6.239911e-002  -1.840535e-001  -1.010782e-001  9.274704e-002  3.537417e-002  6.223018e-002  -9.844036e-002  3.377966e-002  -2.005863e-001  -1.399871e-001  -1.378513e-001  -2.677450e-001  -9.564359e-002  -1.311647e-001  -2.903591e-001  -4.615809e-001  -4.795202e-001  -5.932248e-001  -5.497175e-001  -5.350778e-001  -7.550970e-001  -7.075782e-001  -6.516718e-001  -8.180180e-001  -9.183536e-001  -1.051526e+000  -1.045828e+000  -1.086604e+000  -9.865063e-001  -9.893304e-001  -7.166688e-001  -1.301360e+000  -1.254623e+000  -1.249122e+000  -1.406004e+000  -9.213142e-001  -1.048950e+000  -1.646968e+000  -1.719210e+000  -1.310786e+000  -1.270115e+000  -1.215089e+000  -1.168133e+000  -2.135920e+000  
0
1
2
11 0 12 7 0 -1
15 4 4 7 0 3
tilted_haar_x3
-0.145478  171.679230  64
-8.970417e-001  -7.182036e-001  -7.152347e-001  -6.225828e-001  -7.697130e-001  -5.788732e-001  -6.791440e-001  -3.498195e-001  -5.741074e-001  -4.172811e-001  -2.703069e-001  -2.726210e-001  -6.797079e-002  -1.109673e-001  -2.146543e-001  9.786915e-002  6.840702e-002  1.544596e-001  3.019051e-002  2.174904e-001  1.252797e-001  2.360481e-001  3.810748e-001  3.830154e-001  2.961314e-001  3.206169e-001  3.561233e-001  1.824731e-001  2.670033e-001  2.031504e-001  2.163463e-001  2.242221e-001  1.266457e-001  2.370481e-001  3.527020e-002  -1.329294e-002  1.025719e-001  4.078150e-002  -1.347571e-001  -1.694508e-001  -1.640729e-001  -1.429976e-001  -2.467270e-001  -1.993383e-001  -1.554144e-001  -3.522991e-001  -6.335775e-001  -5.317196e-001  -2.982414e-001  -4.472351e-001  -5.885057e-001  -7.492545e-001  -3.572067e-001  -6.057116e-001  -9.040993e-001  -1.123935e+000  -1.022018e+000  -4.936721e-001  -1.080951e+000  -1.070018e+000  -9.588280e-001  -1.310839e+000  -7.768455e-001  -2.063423e+000  
-1.900073 
