8 
1
2
10 8 9 6 0 -1
13 8 3 6 0 3
haar_x3
-0.077693  335.861023  64
1.101290e-001  -2.374140e-002  5.094482e-001  3.338156e-002  -1.565658e-001  3.036358e-001  2.356438e-001  3.940433e-001  -1.113712e-001  -1.718102e-001  1.338261e-001  1.493017e-002  5.642688e-002  -5.319920e-001  -2.199183e-001  -9.429332e-002  -3.527132e-001  -3.069172e-001  -3.984574e-001  -3.595743e-001  -3.810690e-001  -4.258885e-001  -4.150202e-001  -4.566717e-001  -5.000156e-001  -5.704668e-001  -6.028470e-001  -6.604916e-001  -8.163018e-001  -7.757565e-001  -6.130159e-001  -6.965610e-001  -7.742001e-001  -7.789245e-001  -6.643656e-001  -6.307952e-001  -4.650229e-001  -4.458278e-001  -5.699402e-001  -4.320120e-001  -3.990172e-001  -2.553371e-001  -1.429584e-001  -1.335864e-001  -2.641804e-001  -1.415226e-001  -7.691772e-003  1.778799e-001  1.535180e-001  5.084357e-002  1.928516e-001  6.525368e-001  2.357329e-001  6.170061e-001  4.409763e-001  9.438919e-001  8.201771e-001  4.012801e-001  6.821983e-001  -6.396041e-002  7.603525e-001  3.640794e-001  3.474150e-001  1.441478e-001  
1
2
4 4 6 9 0 -1
4 7 6 3 0 3
haar_y3
-0.094080  332.205078  64
3.271337e-001  -7.708576e-002  3.747601e-001  -1.101003e-001  1.430974e-001  1.504065e-002  2.489735e-001  1.121660e-001  3.587882e-001  5.045043e-001  -1.055714e-001  2.586573e-001  -8.103823e-002  1.870950e-001  -1.482166e-001  5.281169e-002  1.985663e-001  7.358320e-003  -1.099045e-001  -1.853578e-001  -2.427373e-001  -2.634509e-001  -2.425763e-001  -3.395090e-002  -4.976360e-001  -3.452846e-001  -3.776281e-001  -4.822965e-001  -3.119611e-001  -5.193186e-001  -4.826870e-001  -3.592611e-001  -6.458592e-002  -1.056502e-001  8.368894e-002  1.811956e-001  1.813201e-001  3.251237e-001  2.527872e-001  2.759897e-001  2.883299e-001  3.783846e-001  3.504403e-001  3.718671e-001  3.745466e-001  3.489386e-001  3.997768e-002  4.778847e-001  -4.594273e-002  8.940186e-002  3.672789e-001  2.050105e-001  2.483728e-001  8.195391e-002  5.068830e-001  7.441846e-002  -1.129223e-001  6.921361e-002  -1.544971e-002  1.224294e-001  2.606123e-001  2.232838e-001  7.017248e-001  2.751687e-001  
1
3
2 13 20 4 0 -1
2 13 10 2 0 2
12 15 10 2 0 2
haar_x2_y2
-0.050820  546.225586  64
-7.471797e-001  -7.841893e-001  -5.413605e-001  -5.157434e-001  -5.047437e-001  -6.084619e-001  -4.025199e-001  -4.431293e-001  -4.138704e-001  -4.721955e-001  5.212304e-002  -9.590314e-002  -4.613636e-001  -1.846691e-001  -1.504702e-001  -2.550449e-001  -3.199763e-002  8.415867e-002  -2.786910e-002  1.482754e-001  2.938431e-002  1.999638e-001  8.934343e-002  1.487152e-001  2.494359e-001  2.293511e-001  2.706800e-001  1.618864e-001  2.042682e-001  2.148840e-001  1.329712e-001  1.810550e-001  1.194045e-001  2.273308e-001  -1.021119e-001  -5.747141e-003  -2.343126e-001  4.431755e-003  8.338175e-002  -1.380555e-001  -2.223138e-001  -3.111004e-001  -2.023440e-001  -2.322852e-001  -3.025087e-001  -4.793349e-001  -6.983272e-001  -6.863449e-001  -4.976685e-001  -7.164758e-001  -7.952123e-001  -3.661039e-001  -1.173669e+000  -1.086129e+000  -9.079154e-001  -5.195286e-001  -1.322251e+000  -7.384420e-001  -1.157444e+000  -1.232691e+000  -1.826115e-001  -9.779899e-001  -5.842686e-001  -1.392212e+000  
1
2
8 2 12 5 0 -1
12 2 4 5 0 3
haar_x3
-0.121880  258.211914  64
9.389763e-001  8.183915e-001  1.179373e-001  7.336159e-001  6.595284e-001  7.724962e-001  9.303354e-001  9.186847e-001  7.514965e-001  9.300672e-001  2.777251e-001  2.963622e-001  4.848413e-001  3.719334e-001  5.000761e-001  2.724191e-001  3.825246e-001  3.019540e-001  4.604040e-001  -5.839489e-003  -2.923148e-001  -6.832818e-002  -1.663433e-001  -2.555840e-001  -4.648690e-001  -5.150728e-001  -6.108304e-001  -1.929756e-001  -3.507617e-001  -4.373809e-001  -3.569968e-001  -3.161694e-001  -2.570139e-001  -2.858516e-001  -2.772105e-001  -8.481779e-002  -3.314394e-002  6.002484e-002  7.083610e-002  7.215800e-002  1.306807e-001  2.390583e-002  6.317771e-002  2.407905e-002  -9.841192e-002  1.507592e-001  2.890866e-001  2.475578e-001  8.743287e-002  1.237163e-001  -4.173569e-002  2.229257e-001  2.140194e-001  1.018664e-001  -4.644996e-001  -5.863194e-001  9.117898e-002  1.517898e-002  -3.053160e-001  -3.141059e-001  4.391171e-001  -6.521069e-001  -3.676068e-001  -5.556616e-002  
1
2
18 4 4 12 0 -1
14 8 4 4 0 3
tilted_haar_y3
-0.074560  194.761917  64
3.397957e-001  5.330297e-001  4.513906e-001  7.823030e-002  3.182037e-001  3.613319e-001  3.893173e-001  3.401058e-001  8.061685e-002  3.154247e-001  2.663263e-001  7.385372e-002  -5.024431e-002  -8.844093e-002  -4.065213e-002  -9.240516e-002  -3.372094e-003  -3.073536e-001  -2.393657e-001  -2.671011e-001  -4.266453e-001  -2.892454e-001  -2.149438e-001  -3.187541e-001  -1.610710e-001  -3.968281e-001  -2.083458e-001  -2.186041e-001  -1.071496e-001  -1.540667e-001  -4.484246e-002  4.477300e-002  6.372142e-002  5.326648e-002  8.602179e-002  9.352261e-002  2.774613e-001  4.246651e-002  1.591093e-001  1.568457e-001  3.589240e-001  2.817804e-001  3.647681e-001  3.276283e-001  3.130347e-001  1.459751e-001  5.764092e-001  4.931234e-001  6.561637e-001  1.006753e+000  5.209543e-001  5.605260e-001  9.585958e-001  7.429530e-001  1.240510e+000  1.130980e+000  1.065047e+000  1.261158e+000  1.306621e+000  5.999769e-001  6.080067e-001  8.244979e-001  8.006241e-001  1.189532e+000  
1
3
1 10 22 4 0 -1
1 10 11 2 0 2
12 12 11 2 0 2
haar_x2_y2
-0.056469  528.085754  64
-1.216672e+000  -6.398556e-001  1.089490e-001  -3.366961e-001  -3.871748e-001  -3.621585e-001  -3.137007e-001  -9.187934e-001  -6.057104e-001  -3.065809e-001  -3.369697e-001  -3.969018e-001  -2.984148e-001  -1.609035e-001  -1.319345e-001  -6.446776e-002  -1.440282e-001  5.452861e-002  -1.549926e-002  1.406894e-001  1.845960e-001  1.440314e-001  1.966201e-001  1.039430e-001  8.637265e-002  1.515850e-001  1.723139e-001  2.646689e-001  2.474009e-001  2.049598e-001  1.594062e-001  1.414631e-001  2.483107e-001  1.633447e-001  -3.496118e-002  -8.661270e-002  6.533208e-002  -2.274183e-001  -2.919714e-002  -1.802581e-001  -7.683173e-002  -2.605178e-002  5.684371e-002  -4.015372e-001  -4.614391e-001  -4.403305e-001  -2.262280e-001  -6.994563e-001  -1.358203e-001  -8.442560e-001  -7.312204e-001  -4.854505e-001  -5.943313e-001  -8.142728e-001  -1.173384e+000  -1.237931e+000  -1.167050e+000  -5.812114e-001  -8.465566e-001  -9.056610e-001  -6.647591e-001  -5.289425e-001  -2.358949e-001  -1.625659e+000  
1
2
7 6 15 4 0 -1
12 6 5 4 0 3
haar_x3
-0.066080  369.666718  64
-1.024361e+000  -8.722141e-001  -6.718705e-001  -5.766134e-001  -5.508676e-001  -7.164477e-001  -6.109625e-001  -3.746994e-001  -9.520945e-001  -6.590552e-001  -2.768673e-001  -4.366287e-001  -2.352327e-001  -3.183952e-001  -1.710652e-001  -1.695460e-001  2.923625e-002  -4.370654e-002  -1.223356e-001  4.274168e-003  -8.576334e-003  1.008818e-001  9.773450e-002  -3.465123e-002  2.521013e-002  2.387939e-001  8.439103e-002  7.245711e-002  2.288508e-001  5.523573e-002  9.352854e-002  3.753731e-001  1.696361e-001  1.954839e-001  1.196620e-001  1.138931e-001  2.319158e-001  3.204609e-001  -3.342594e-002  1.197604e-001  9.578592e-002  2.053594e-001  1.156963e-001  -2.222896e-001  -1.939237e-001  -1.519931e-001  -4.358940e-002  -2.054390e-001  -1.862779e-001  -5.143237e-001  -5.972610e-001  -5.134224e-001  -4.747354e-001  -2.577800e-001  -8.140864e-001  -6.566983e-002  -6.388695e-001  -1.248738e+000  -7.349412e-001  -8.006499e-001  -9.854637e-002  3.611342e-001  -5.091212e-001  -1.001429e+000  
1
2
9 11 4 12 0 -1
9 17 4 6 0 2
haar_y2
-0.093834  376.706207  64
-6.423807e-001  -1.161342e-001  -7.027198e-002  -3.920567e-001  -2.512221e-001  1.108190e-001  4.585973e-002  -2.884659e-001  -5.812306e-001  -3.447889e-001  -4.616314e-001  -2.783769e-001  -4.880828e-002  2.811974e-003  1.522767e-002  -1.669144e-001  -1.129325e-001  2.729818e-003  1.922449e-001  6.680984e-002  9.753887e-002  2.508787e-002  1.918620e-001  6.809201e-002  8.453975e-003  2.022307e-001  1.015370e-001  5.779991e-002  1.736281e-001  1.533267e-001  1.786127e-001  9.010080e-002  2.527583e-001  2.245753e-001  2.583913e-001  6.864432e-002  1.701853e-001  9.628140e-002  1.071101e-001  -9.660412e-002  -3.636678e-001  -1.045082e-001  -2.424152e-001  -4.781393e-001  -5.276651e-001  -5.200149e-001  -2.237275e-001  -2.780721e-001  -5.439826e-001  -7.193345e-001  -3.120247e-002  -1.107628e+000  -1.229466e+000  -7.761526e-001  -1.095086e+000  -4.249446e-001  -6.766402e-001  -9.782170e-001  -8.387413e-001  -1.178195e+000  -8.207313e-001  -4.998260e-001  -6.296178e-001  -6.443757e-001  
-2.207107 
