32 
0
1
2
3 8 14 8 0 -1
3 10 14 4 0 2
haar_y4
-0.048335  330.591339  64
-1.034753e+000  -4.887628e-001  -6.468360e-002  1.860539e-001  -4.492694e-001  -1.795405e-002  -6.636645e-001  -7.424904e-001  -6.331738e-001  -7.557589e-001  -1.201311e+000  -3.197850e-001  -4.158335e-001  -4.765565e-001  -4.218639e-001  -3.901647e-001  -4.810343e-001  -4.598284e-001  -5.639090e-001  -3.018461e-001  -4.171175e-001  -4.724747e-001  -5.610321e-001  -4.888788e-001  -5.062622e-001  -4.526213e-001  -5.520388e-001  -5.555841e-001  -7.000466e-001  -6.339172e-001  -5.042923e-001  -5.896239e-001  -7.026607e-001  -5.953281e-001  -7.926946e-001  -6.449106e-001  -2.983204e-001  -5.889931e-001  -7.666264e-001  -1.020647e+000  -2.488955e+000  -1.008109e+000  -2.644610e-001  -3.149036e-001  -1.265581e+000  -3.784515e-001  -1.104031e+000  -8.181820e-001  -6.074023e-001  -4.576501e-001  -4.169533e-001  -8.988547e-001  -4.423680e-001  -3.319915e-001  -7.951510e-001  -5.637861e-002  3.158133e-001  1.550129e-001  -7.815871e-002  5.060056e-001  1.478774e-001  -1.638941e-002  -1.906269e-003  -1.918454e-001  
0
1
2
0 4 14 4 0 -1
0 6 14 2 0 2
haar_y2
-0.058686  496.198181  64
-6.867813e-001  -1.886650e-001  -7.404870e-001  -1.867209e-001  -2.553160e-001  2.572266e-001  -1.037513e+000  2.100393e-001  -4.966947e-001  2.304009e-001  1.501728e-001  1.445572e-001  1.478854e-001  -3.383803e-002  -1.627047e-001  7.251769e-002  2.830067e-001  8.215123e-002  4.004742e-001  1.173618e-001  1.693675e-001  5.863831e-002  2.352883e-001  9.323891e-002  9.014151e-002  2.461977e-001  1.795426e-002  -3.434558e-002  5.467000e-002  1.154144e-001  2.532477e-002  2.530703e-002  -1.290199e-001  1.099001e-001  1.594922e-002  -2.707038e-002  8.222380e-002  -1.786876e-002  1.059878e-002  7.289743e-002  -1.598391e-002  -1.498325e-001  2.218515e-002  1.662956e-001  7.446987e-002  2.155696e-001  -3.210286e-001  1.243768e-001  -4.369606e-001  4.019394e-002  1.673125e-001  -4.303126e-002  -2.368143e-001  -3.833979e-001  -8.772106e-001  3.089851e-001  -4.528818e-001  -1.204307e+000  -1.472184e-001  -5.174935e-002  -4.625011e-001  -1.480296e-001  1.326317e-001  -7.578484e-001  
0
1
2
6 8 14 4 0 -1
6 10 14 2 0 2
haar_y2
-0.043978  463.607422  64
2.943053e-001  -3.562517e-001  2.550023e-001  2.677694e-001  -1.083481e-001  4.815046e-001  -2.366937e-002  -1.569089e-001  1.445585e-001  -4.606220e-001  1.383302e-001  1.740873e-001  -2.568513e-003  -1.420206e-001  -1.065619e-002  -5.182396e-002  1.834788e-002  2.004126e-002  -1.625894e-001  -1.121198e-003  -4.824026e-002  -8.903461e-002  -8.650583e-002  -1.718461e-003  6.302515e-002  -1.926130e-001  -3.572986e-002  -1.672486e-002  -1.019344e-002  -8.690881e-002  5.927639e-002  1.504290e-001  2.280249e-001  5.240802e-002  -7.309934e-002  9.463981e-002  7.259431e-002  -2.034312e-001  1.836354e-001  1.455909e-001  2.510968e-001  3.211269e-001  2.008775e-001  6.732502e-002  2.767959e-001  4.309220e-002  4.321311e-001  -6.909990e-003  1.910766e-001  3.771174e-001  9.463084e-001  5.327768e-001  4.362775e-001  -6.705082e-002  5.060037e-001  1.406962e-001  -2.383544e-001  2.664671e-001  3.797967e-001  -1.828291e+000  5.749644e-001  -2.991539e-002  4.637253e-001  -3.100817e-001  
0
1
2
1 3 21 12 0 -1
8 7 7 4 0 9
haar_point
-0.373624  71.657532  64
3.992745e-002  -4.331958e-002  -1.654733e-001  -3.362604e-001  4.154716e-002  -4.951088e-001  -4.284754e-001  -6.926627e-001  -2.759387e-002  4.950937e-002  2.530065e-001  -1.656095e-001  1.296946e-002  -3.516177e-001  -3.034454e-001  1.649508e-002  -2.619081e-001  -2.879117e-001  -2.576017e-001  1.778318e-001  1.786440e-001  -1.252410e-001  -6.492323e-003  1.399776e-001  2.358559e-001  1.233584e-001  9.535433e-002  -4.090628e-002  1.570278e-001  1.993153e-001  1.290312e-001  -1.080876e-001  -5.193468e-002  1.183341e-001  1.231528e-001  -5.200151e-002  6.051357e-002  2.959434e-001  -5.434219e-002  1.897073e-001  1.559462e-001  5.319811e-002  1.331627e-001  1.542836e-001  3.764947e-002  1.699668e-002  -3.328102e-001  2.180978e-002  9.434100e-002  -7.436097e-002  7.754206e-003  -2.757657e-001  -3.118440e-001  -1.421330e-001  -2.473652e-001  3.191664e-001  -4.204068e-001  -8.249708e-002  3.031046e-001  -2.354611e-001  -2.682851e-001  -2.869319e-001  -4.738337e-001  7.071877e-002  
0
1
2
4 3 7 12 0 -1
4 7 7 4 0 3
haar_y3
-0.162396  205.907867  64
5.737869e-001  4.148008e-001  4.986104e-001  8.763305e-002  2.942282e-001  5.799115e-001  3.309473e-001  5.385836e-001  1.930342e-001  3.326755e-001  1.350750e-002  -4.080710e-001  -1.931095e-001  4.503427e-001  1.159331e-001  2.092315e-001  2.622548e-001  8.430074e-002  -1.016532e-001  1.484057e-001  -7.263989e-002  -9.072446e-002  1.831865e-001  8.149076e-002  -1.143294e-001  -8.369077e-002  -9.012952e-002  -2.620208e-001  -2.033553e-001  -2.077857e-001  -7.507447e-002  -5.738170e-002  -1.766708e-002  -1.324645e-001  -1.436156e-001  -1.292308e-001  1.173679e-002  -1.136472e-001  -2.031534e-002  -6.487904e-002  -1.692499e-002  -4.323893e-002  -6.192671e-002  3.090963e-002  1.404922e-001  2.643224e-001  -5.102056e-002  2.167625e-001  3.896355e-002  5.217624e-001  4.938416e-001  3.733994e-001  2.136944e-001  5.340203e-001  -3.133799e-003  3.037063e-001  3.068702e-002  -3.115835e-002  1.264714e-002  3.051462e-002  5.915433e-001  4.326188e-001  -3.442408e-002  7.980549e-001  
0
1
2
5 4 16 6 0 -1
5 6 16 2 0 3
haar_y3
-0.156144  255.020493  64
4.340925e-001  4.229801e-002  4.772505e-001  3.721110e-001  -3.565896e-001  4.042614e-001  7.724109e-001  6.429754e-001  4.951877e-001  5.401833e-001  1.778653e-001  5.859541e-001  -2.037178e-001  1.815718e-001  1.478285e-001  3.702974e-001  2.818915e-001  4.944745e-002  2.893898e-001  1.196433e-001  1.560347e-001  3.966230e-001  3.131540e-001  9.327126e-002  9.064217e-002  1.070903e-001  -1.609664e-001  -1.932497e-001  8.811105e-003  1.394850e-001  1.011110e-001  9.772225e-002  -1.444967e-001  -5.791621e-002  1.013096e-001  7.632533e-002  6.741822e-003  -2.074341e-001  1.708735e-002  -1.607596e-001  -8.058784e-002  -2.300700e-002  -1.209617e-001  -7.688296e-002  -2.062280e-002  1.577568e-003  -1.743973e-001  1.000648e-001  7.360762e-002  -3.817541e-001  1.316098e-001  1.229977e-003  1.148241e-001  7.582027e-002  1.382912e-001  5.454250e-002  2.782061e-002  -6.796820e-001  2.688216e-001  -1.358692e-001  -3.494608e-001  4.508429e-001  3.092697e-001  1.443882e-001  
0
1
2
21 0 3 12 0 -1
17 4 3 4 0 3
tilted_haar_y3
-0.159117  238.615067  64
3.320331e-001  2.167550e-001  -1.252350e-001  3.842608e-001  7.321967e-001  1.255668e-001  -1.587137e-001  -3.036921e-002  7.367001e-002  -9.679472e-002  -8.800551e-002  1.175696e-001  5.558780e-002  -7.627913e-002  1.497052e-003  -1.678874e-001  -4.200890e-001  1.268550e-001  7.991245e-002  1.735096e-001  -4.507924e-002  -2.585662e-001  -9.195879e-002  -2.430719e-001  1.388592e-001  -2.021519e-001  -1.442244e-001  -2.421325e-001  -3.259587e-002  -6.215219e-002  6.856144e-002  -1.231078e-001  -2.187184e-002  -8.885306e-002  2.065281e-001  1.993915e-002  4.354794e-002  2.262660e-001  6.510583e-002  -5.473153e-002  3.907116e-002  1.830011e-001  1.299953e-001  -3.515954e-002  -1.846610e-002  2.651966e-001  1.886249e-001  1.866535e-001  8.344788e-002  8.681036e-002  3.153690e-002  -9.611754e-002  1.996048e-001  -3.670663e-002  4.820814e-002  1.504714e-001  -1.369335e-002  -5.154252e-002  -1.671983e-001  -2.310365e-001  -6.533347e-001  -1.799841e-002  -3.877072e-001  -7.327557e-001  
0
1
2
8 8 5 14 0 -1
8 15 5 7 0 2
haar_y2
-0.114483  386.278442  64
-1.599687e-001  7.848166e-001  8.344178e-002  1.765930e-001  -3.238783e-001  1.572180e-001  4.214730e-001  -1.865948e-001  -5.490028e-001  3.300791e-002  -3.119060e-001  -6.997483e-002  2.823156e-002  3.073435e-001  3.196568e-001  -4.583490e-002  -4.705995e-001  -6.298397e-002  -7.014687e-002  4.311697e-002  1.302600e-001  4.553383e-003  6.162289e-002  -1.975706e-001  -1.598639e-001  -6.802122e-002  -1.034862e-001  7.840684e-002  1.515695e-001  6.123803e-002  -2.507082e-001  6.808306e-002  -1.287410e-001  -4.953014e-002  7.105985e-002  1.856771e-001  4.263544e-002  1.689149e-001  9.134931e-002  1.438022e-002  2.808082e-001  1.508559e-001  -5.924264e-002  -8.302729e-002  1.285919e-001  9.302107e-002  1.884968e-001  -4.056288e-002  -3.534943e-002  -1.331076e-001  -1.049061e-001  -6.455839e-002  -1.454422e-001  -3.621950e-001  -9.189482e-002  -3.473565e-001  -2.216550e-001  -2.044118e-001  -1.256378e-001  2.143408e-001  -4.184938e-001  -5.939975e-001  -3.466859e-001  -5.872578e-002  
0
1
2
4 3 18 5 0 -1
10 3 6 5 0 3
haar_x3
-0.065426  244.579697  64
-2.499893e-001  1.395211e-001  -2.727526e-001  -2.152476e-001  8.857303e-002  3.278815e-001  -6.513043e-002  3.288946e-001  2.307275e-001  -1.371023e-001  6.303303e-002  -4.272088e-002  -1.698407e-001  2.764823e-001  2.787061e-001  2.954789e-002  6.481919e-002  1.198299e-001  1.306922e-001  1.096169e-001  1.390754e-001  -2.613487e-002  4.051488e-002  4.058803e-002  7.986367e-002  1.067545e-001  2.282978e-002  -9.848318e-002  5.940089e-002  -1.944022e-001  -1.978371e-004  -1.210530e-001  -2.217168e-001  -3.237095e-001  8.431525e-002  -3.535225e-002  -1.547795e-001  -2.402519e-002  1.583755e-002  -3.161207e-002  -3.033673e-001  1.364009e-001  -1.137012e-001  1.992546e-002  -7.072066e-002  9.267920e-002  8.910409e-002  3.349691e-001  1.533301e-003  -1.575391e-001  1.966467e-002  3.260116e-001  2.278784e-001  5.065692e-001  2.573032e-001  2.730183e-001  1.993585e-001  6.158375e-001  2.191010e-001  2.181476e-001  8.140097e-002  2.053587e-001  4.911115e-001  4.142098e-002  
0
1
2
4 7 12 9 0 -1
7 7 6 9 0 2
haar_x4
-0.094267  355.479645  64
-4.201586e-001  -7.117112e-001  3.959835e-001  1.269793e-002  -3.989329e-001  3.900554e-001  -2.300686e-001  1.811933e-001  -6.711037e-002  -1.393246e-001  -3.177314e-001  -3.212774e-001  -8.118590e-002  -3.567272e-002  -2.094735e-001  -8.032180e-002  2.383482e-001  -2.061658e-001  -1.082507e-001  -2.110324e-002  -1.360974e-001  -2.512062e-002  -8.637082e-002  -3.142575e-002  -5.226623e-002  1.258379e-001  -1.651774e-001  -4.818387e-002  4.586044e-002  -4.146645e-002  6.304143e-002  4.872402e-002  1.657850e-001  7.514630e-002  1.503770e-002  8.489918e-002  3.426566e-002  -1.197280e-001  2.241468e-001  2.199389e-001  1.619232e-001  -2.692766e-002  2.728092e-001  3.619802e-001  2.469807e-003  2.586909e-002  -1.512943e-001  7.437202e-002  6.803588e-002  -1.083649e-001  9.726451e-002  -1.835176e-001  -1.913886e-001  -4.141366e-001  2.718065e-001  8.295224e-002  -2.538457e-001  -2.386287e-001  -3.816352e-001  -3.508277e-001  -3.757857e-001  -6.241820e-001  -4.767443e-001  -1.023844e-001  
0
1
2
10 3 4 15 0 -1
12 3 2 15 0 2
haar_x2
-0.061319  439.820770  64
1.440801e-001  2.804475e-001  3.309556e-001  6.570572e-001  -2.244912e-001  4.860414e-001  3.190001e-001  2.798032e-001  -1.037176e-001  -1.947560e-001  -4.463791e-002  2.473520e-002  -6.926395e-002  -2.786778e-002  5.937374e-002  2.118638e-001  1.760614e-001  1.192546e-001  -5.784133e-002  -2.995076e-002  -4.408690e-002  -7.297253e-002  -2.394074e-001  -1.169571e-001  9.774465e-002  -1.074018e-001  -2.094984e-001  -1.450224e-001  -1.759651e-001  -8.679418e-002  -1.033831e-001  1.267188e-001  -3.139287e-003  2.072257e-001  8.912244e-002  -5.726178e-002  1.236974e-001  7.907724e-002  2.070770e-001  4.557214e-002  3.597108e-002  -2.186639e-001  3.498818e-002  1.121192e-001  5.788549e-002  -1.220730e-001  9.368563e-002  2.653438e-001  1.330881e-001  -1.861992e-001  5.162049e-002  3.537516e-001  -7.411851e-002  1.737312e-001  6.604834e-001  3.388714e-001  3.053806e-002  5.439355e-001  -2.767951e-001  6.785118e-001  6.541317e-001  6.053362e-001  3.789794e-001  4.345700e-001  
0
1
2
12 0 9 11 0 -1
15 0 3 11 0 3
haar_x3
-0.129396  296.425598  64
-4.995165e-001  -3.371009e-001  -4.787428e-001  -1.351868e-001  5.126395e-002  -2.541108e-001  1.891766e-001  2.830079e-001  1.814261e-001  1.206299e-001  -2.559304e-001  -2.136203e-001  -5.156571e-002  6.919877e-002  -8.792669e-003  2.855442e-001  -1.198058e-001  -1.923031e-002  2.254310e-002  1.857856e-001  -1.865244e-001  -1.549242e-001  -8.017820e-002  -9.262706e-002  6.250720e-002  -1.552060e-002  1.080845e-001  1.899435e-001  1.038118e-001  1.289265e-001  4.168646e-002  1.403115e-001  -1.017801e-003  -6.776471e-002  1.707420e-001  6.494740e-002  1.812213e-001  -2.354256e-002  5.996024e-002  -1.795479e-001  3.379748e-002  -4.587354e-002  1.170183e-001  1.708181e-001  -2.137643e-001  8.813138e-002  2.146340e-003  8.741631e-002  -7.625677e-002  -1.837991e-001  -1.617466e-002  -1.410105e-001  1.005274e-001  -3.051793e-001  1.272735e-001  8.835125e-002  2.435337e-001  4.382272e-001  2.764857e-002  -9.161515e-002  -2.055942e-001  4.181101e-001  -4.297745e-002  -6.909321e-001  
0
1
2
0 0 6 14 0 -1
2 0 2 14 0 3
haar_x3
-0.193759  173.843826  64
1.991898e-001  3.444937e-001  2.684585e-001  -8.412188e-002  3.910608e-001  2.758098e-001  2.240691e-001  7.567388e-001  1.670763e-001  4.138678e-001  1.354560e-001  3.330146e-001  -2.101908e-001  -2.083753e-001  1.316181e-001  7.742379e-002  2.362331e-001  -1.158746e-001  -2.905358e-001  -4.511453e-001  1.248744e-001  -1.112353e-001  3.580243e-002  -1.813751e-001  -3.398037e-002  -4.542742e-002  3.956147e-002  -1.822257e-001  7.856868e-004  -2.802493e-003  1.519114e-001  1.272593e-002  -7.522846e-002  1.295709e-002  -1.438420e-001  -1.436226e-001  -1.782608e-002  3.823693e-002  -1.577764e-002  1.483988e-001  2.441608e-001  1.718087e-001  1.702392e-001  1.805312e-001  -1.679076e-001  2.045446e-001  -4.513309e-002  -1.668187e-002  -5.083778e-003  1.605550e-001  -1.002759e-001  3.550158e-001  2.251268e-001  2.124578e-001  -9.056005e-002  -4.278287e-001  -1.153400e-001  3.985355e-001  -4.882429e-002  -1.175927e-001  3.537482e-001  -7.744060e-001  4.238449e-002  -3.538662e-001  
0
1
2
11 0 7 16 0 -1
11 4 7 8 0 2
haar_y4
-0.098341  292.636017  64
-4.289840e-001  -2.116198e-001  -1.452897e-001  4.680680e-002  8.792656e-003  -2.207506e-001  1.023953e-001  -8.471730e-002  -4.683005e-003  1.167777e-001  -1.705340e-001  1.062740e-001  7.717790e-002  -4.110989e-002  2.891859e-001  3.646095e-002  -2.541215e-002  -2.491615e-002  -4.174962e-004  1.194368e-001  9.303463e-002  -6.868029e-002  1.118938e-001  1.169268e-001  4.414208e-003  2.569915e-002  3.672431e-002  -4.519474e-002  1.725562e-001  1.381632e-003  1.440833e-001  9.878511e-002  3.853214e-002  -4.245506e-002  -8.845875e-002  6.169367e-003  -2.360694e-002  -1.191645e-001  1.218593e-001  1.226985e-001  -2.993045e-001  5.718694e-002  -1.901088e-001  -4.049736e-001  -2.188636e-001  -1.591005e-001  2.456425e-001  1.114195e-001  -2.783777e-001  4.650395e-002  -1.799776e-001  3.810544e-001  1.842629e-001  -5.361541e-001  2.325730e-002  3.436549e-001  7.969589e-002  5.300339e-001  6.443480e-001  2.902707e-001  -3.876042e-001  3.381899e-001  3.948821e-001  1.962992e-004  
0
1
2
9 4 6 15 0 -1
11 4 2 15 0 3
haar_x3
-0.055486  388.630493  64
7.260188e-002  -2.493821e-001  4.741839e-001  -2.688356e-001  1.444926e-001  6.464194e-002  5.909535e-002  1.377701e-001  1.853659e-002  1.959386e-001  2.927819e-002  4.251029e-001  4.952388e-001  -3.365878e-001  -1.539910e-001  -4.046593e-002  -4.028400e-001  -1.237341e-001  -1.369235e-001  -7.746553e-002  -7.058565e-002  -1.840394e-002  -3.602321e-002  -4.975678e-002  -2.493366e-002  6.179847e-003  -9.467331e-002  -9.749065e-002  5.014325e-002  8.676336e-002  -1.660628e-003  -5.002710e-002  -1.766829e-002  -6.909870e-003  -5.579676e-002  -3.853998e-002  1.041329e-001  1.613825e-001  -4.895167e-002  3.359713e-001  -3.164845e-002  1.064252e-001  2.326423e-001  -2.667332e-002  1.197128e-001  -9.917158e-002  3.477060e-002  3.672979e-001  1.410162e-001  3.771111e-001  5.460748e-002  3.647776e-001  8.621371e-002  7.611381e-002  5.792822e-001  -2.474300e-001  4.708389e-001  -2.018701e-001  8.807866e-001  5.060703e-001  2.988870e-001  7.122238e-001  8.088347e-001  1.727301e-001  
0
1
2
3 17 16 6 0 -1
3 19 16 2 0 3
haar_y3
-0.098259  261.814331  64
-4.507175e-001  -1.834573e-001  -1.491183e-001  -1.509912e-002  1.377322e-001  -1.915105e-001  2.566020e-001  9.245245e-002  -4.972863e-001  -3.358534e-002  4.895636e-002  5.178061e-001  -2.001091e-001  -1.933114e-001  -2.033545e-001  2.853493e-002  -2.508573e-001  1.358920e-001  9.052312e-002  -1.349170e-002  -6.239553e-002  7.789903e-002  1.104373e-001  -1.200239e-001  -1.350805e-001  -2.945420e-002  3.087702e-002  8.509328e-002  -1.801373e-002  1.050731e-001  9.211619e-002  2.368574e-001  8.014739e-002  1.989007e-001  1.232080e-001  -1.658296e-003  -1.343768e-001  -6.853613e-002  1.256693e-001  1.934319e-002  -3.202032e-002  1.994493e-002  -3.650076e-001  -2.180936e-001  8.201578e-002  -1.563736e-001  1.105203e-001  -3.354248e-001  -7.568167e-001  1.231923e-001  -3.297456e-001  -1.974317e-001  -3.412509e-001  -5.021101e-001  -1.399293e-001  -3.672127e-001  -6.327404e-001  2.230837e-001  -3.078870e-001  6.171183e-002  2.843269e-001  -6.469228e-001  2.067549e-001  -9.625080e-002  
0
1
2
6 5 14 7 0 -1
13 5 7 7 0 2
haar_x2
-0.128594  233.630341  64
-5.179499e-001  -4.237000e-002  -9.351850e-002  1.417661e-001  -2.361941e-001  -1.494894e-001  2.777689e-001  -2.451259e-001  -3.192235e-001  1.831725e-002  5.386115e-002  -1.362907e-001  -3.307724e-001  3.422875e-001  5.050500e-002  -2.077104e-001  1.140627e-001  -1.757914e-001  -2.116946e-002  -5.624883e-002  6.257000e-002  6.176788e-002  -7.157610e-002  8.877894e-002  5.501873e-002  7.075514e-002  -3.320598e-002  1.666926e-001  4.757745e-002  6.512655e-002  4.465887e-002  3.813621e-002  1.967459e-001  -4.882803e-002  1.230583e-001  6.802912e-002  5.736496e-002  -2.412288e-001  6.303744e-002  -1.233949e-001  -9.496570e-002  2.516829e-001  -1.041685e-001  -1.233505e-001  -2.537774e-001  -6.614307e-002  -2.218417e-001  2.192352e-001  2.831142e-001  9.088520e-002  -2.100539e-002  -2.522155e-001  -7.224973e-002  9.386711e-002  -1.678627e-001  3.968034e-001  -2.071613e-001  -2.566130e-001  2.326839e-001  -1.563400e-001  4.432464e-001  -4.050325e-001  2.038901e-001  1.563765e-001  
0
1
2
4 13 16 8 0 -1
8 13 8 8 0 2
haar_x4
-0.144090  233.073685  64
-1.331207e-002  -4.081887e-002  1.188198e-001  -2.991108e-001  -1.997123e-001  3.631097e-001  3.352247e-001  -1.311722e-001  1.366974e-001  3.592741e-001  5.377457e-001  -2.430256e-002  -2.149156e-001  -2.685929e-002  9.480779e-002  1.086776e-001  -1.034799e-001  5.403864e-002  1.772847e-001  1.059005e-001  7.020055e-002  7.355525e-002  1.433953e-001  8.585329e-002  4.684301e-002  1.169379e-001  1.569848e-002  8.040928e-002  -9.024142e-002  -2.703124e-002  -3.689676e-002  -1.656350e-001  -2.201195e-001  -1.356050e-001  -1.890158e-001  -1.677987e-001  -1.095535e-001  -8.186523e-002  -1.758042e-001  -7.316075e-002  -7.209059e-002  -3.440808e-003  2.157299e-001  3.708871e-002  -4.612578e-002  1.877325e-001  -5.412921e-002  8.418098e-002  8.977347e-002  4.842298e-001  -7.283888e-002  -5.022998e-002  -5.810979e-002  8.642396e-002  4.152250e-001  4.074138e-001  3.674389e-001  1.901727e-001  5.343084e-002  3.664132e-001  2.178889e-001  -1.840570e-001  2.832138e-001  1.470729e-001  
0
1
3
10 7 14 8 0 -1
10 7 7 4 0 2
17 11 7 4 0 2
haar_x2_y2
-0.062137  406.546539  64
-3.094907e-001  -2.035450e-001  4.350794e-002  -3.435946e-001  2.365516e-001  4.198995e-002  2.060010e-001  -2.705389e-001  1.066963e-001  -2.046153e-001  2.718725e-002  1.009589e-001  -3.333906e-002  -7.527721e-002  -6.872668e-002  -2.074117e-001  -2.376478e-002  -9.651700e-002  9.217717e-002  -3.645762e-002  -5.254810e-002  1.276608e-001  7.378302e-002  7.626597e-002  4.644860e-002  2.608497e-002  9.947630e-002  1.079884e-001  9.707247e-002  3.009382e-002  5.553633e-002  1.102504e-001  1.333774e-001  2.855345e-002  2.075151e-001  1.297018e-001  -5.906810e-002  4.428707e-002  4.015863e-002  8.626929e-002  -6.781362e-002  2.038987e-001  -3.275444e-001  -2.442284e-002  -6.075166e-002  -7.707669e-002  -1.462570e-001  -2.746195e-001  -8.814829e-002  -3.536711e-001  -2.939330e-001  -2.676787e-001  -2.054818e-001  -4.810742e-001  -3.444340e-002  3.052385e-001  -3.904184e-001  -3.857429e-001  -6.346233e-001  -4.543690e-001  -8.579816e-001  -3.165065e-001  -5.005866e-001  -6.182057e-001  
0
1
2
7 5 4 19 0 -1
9 5 2 19 0 2
haar_x2
-0.043276  654.286743  64
-3.194552e-001  -3.075897e-001  4.822054e-002  -3.408349e-001  3.477215e-001  1.110559e-001  -2.858022e-001  -3.872721e-001  -2.310021e-001  -1.611145e-001  -4.487806e-003  2.776981e-002  6.601602e-002  -5.254757e-002  -1.149276e-001  -1.460388e-003  -5.554788e-002  -1.462540e-001  8.494610e-002  4.434118e-003  -8.226322e-002  -3.336748e-002  8.912265e-002  -7.241793e-003  4.748769e-002  1.092804e-001  -4.603663e-002  8.413363e-002  4.360836e-002  1.135192e-001  1.238531e-001  1.016358e-003  1.553731e-001  1.086898e-001  1.204835e-001  7.113797e-002  1.666085e-002  4.247270e-002  -3.107082e-002  2.483458e-002  -5.654110e-002  2.344176e-001  3.114149e-002  -3.131780e-001  3.680893e-002  -5.122615e-002  -4.956547e-001  -2.622980e-002  -1.048752e-001  2.706430e-001  -4.278748e-001  -1.417145e-001  -1.237965e-001  1.751047e-001  -2.547351e-001  3.688561e-001  3.860437e-001  1.077548e-001  -5.143141e-001  -2.139715e-001  -2.955070e-001  2.668459e-002  -2.974785e-001  -6.004070e-001  
0
1
2
10 0 9 3 0 -1
9 1 9 1 0 3
tilted_haar_y3
-0.028126  885.728271  64
3.803126e-002  -9.322796e-002  4.806150e-001  -3.487365e-002  4.824120e-003  -1.023728e-001  -2.019087e-001  6.029088e-002  4.504776e-002  3.753272e-001  1.637603e-001  -9.391285e-002  6.873420e-002  9.608524e-002  1.554738e-001  1.688202e-001  7.456005e-002  -2.432532e-003  -6.573363e-002  8.972435e-002  3.392148e-002  1.283071e-003  -1.579067e-001  -2.409388e-001  -1.601658e-001  -1.018694e-001  -1.156779e-001  -2.147227e-001  -5.506876e-002  2.201926e-002  9.079488e-003  -1.900904e-002  7.071783e-002  5.558343e-002  2.015651e-001  1.115229e-001  2.840186e-003  6.573556e-002  -2.639817e-002  1.780771e-001  1.106618e-001  -4.397159e-002  4.807374e-001  1.784731e-001  3.325301e-001  1.692397e-001  5.388512e-002  1.230120e-001  -2.009787e-002  8.604664e-002  2.028299e-001  1.474237e-001  1.251083e-002  -7.140478e-002  -1.780075e-001  -1.028828e-001  6.911663e-001  4.039872e-002  -1.641673e-001  -7.921688e-002  -4.878331e-001  1.751071e-001  3.343541e-001  -7.730998e-001  
0
1
2
16 0 6 14 0 -1
18 0 2 14 0 3
haar_x3
-0.076445  326.369873  64
-5.246769e-004  -2.469823e-001  -5.530562e-001  3.663508e-002  -1.896100e-001  -1.294286e-001  -2.360505e-001  -2.815370e-001  -3.123776e-001  -2.456702e-001  -2.555465e-001  -1.521905e-001  -4.648907e-001  -3.998728e-001  -1.923659e-001  -1.966299e-001  -2.939150e-001  -3.457994e-002  -1.877906e-001  -1.936783e-001  7.214221e-002  -3.564804e-002  6.097687e-002  5.900626e-002  9.620465e-004  6.207632e-002  2.053350e-001  5.700277e-003  8.054055e-002  6.174607e-003  -6.409523e-002  9.145620e-002  1.209349e-001  -5.176386e-002  9.960339e-002  1.828838e-001  3.767567e-002  1.230326e-001  1.778226e-001  -1.978304e-001  1.374664e-002  1.881091e-001  1.823600e-002  1.516209e-001  3.815807e-002  1.658603e-001  -3.036206e-001  -5.669542e-002  5.723989e-002  1.893370e-001  -4.010718e-002  -1.363322e-001  -4.376779e-002  -2.686568e-001  8.597482e-002  -6.442071e-001  8.906214e-002  -6.043220e-002  -3.014789e-001  -1.617345e-001  -4.228221e-001  5.300865e-001  2.323247e-001  -4.495710e-001  
0
1
2
6 4 12 12 0 -1
6 8 12 4 0 3
haar_y3
-0.183933  138.764526  64
4.012793e-002  -3.767781e-001  3.326836e-002  5.832683e-001  -4.509846e-001  7.326972e-002  1.534591e-001  2.796661e-001  1.087011e-001  -1.712816e-001  4.029432e-001  1.116247e-001  1.973591e-001  1.369569e-001  1.333824e-001  4.473191e-002  2.599648e-002  4.551021e-002  1.917948e-001  -1.178784e-001  2.301618e-002  -3.663168e-002  -9.546551e-002  -3.715004e-002  -2.495841e-001  -1.911164e-001  -2.575589e-001  -2.316728e-001  -8.724796e-002  1.308449e-001  6.413200e-002  -3.480480e-003  1.251169e-001  7.154887e-002  8.087627e-002  -1.607833e-001  -6.393843e-002  1.119505e-001  -8.575769e-002  -7.349671e-002  7.919315e-002  1.687954e-001  2.568610e-003  -8.129041e-002  4.952168e-002  -1.864827e-002  -2.471574e-002  7.845412e-002  9.554112e-002  1.133066e-001  1.222452e-001  -1.415372e-001  2.512687e-001  4.770055e-001  2.459511e-001  1.288877e-001  -6.390033e-002  6.115031e-001  4.955407e-001  3.728453e-002  1.189351e-001  3.483104e-001  6.175053e-001  -5.224183e-001  
0
1
2
5 10 18 8 0 -1
5 12 18 4 0 2
haar_y4
-0.083095  344.566071  64
-2.901022e-001  5.346432e-001  -2.138505e-001  3.724520e-001  -5.391004e-002  2.276499e-001  -1.109943e-001  2.585230e-001  3.509020e-001  -2.047672e-001  3.512618e-001  1.405362e-001  -1.288168e-001  -1.761181e-001  -7.833529e-002  3.317834e-002  -8.431065e-002  -1.775273e-002  1.741554e-001  1.167560e-002  8.882734e-004  -5.978189e-002  2.961092e-002  -1.153777e-001  1.911876e-002  -1.067091e-001  -6.815980e-002  7.217044e-002  -6.682520e-002  -1.570528e-001  -5.381341e-002  2.141136e-004  1.627691e-001  1.830804e-001  2.593234e-001  1.174181e-001  1.047532e-001  8.496752e-002  5.195658e-002  1.868590e-002  8.211542e-004  -8.571422e-003  1.236662e-001  -8.889539e-002  9.003131e-002  -2.155578e-001  -1.268656e-001  -1.828029e-001  -2.956541e-001  -1.289575e-001  -3.361812e-001  1.380359e-001  -1.373923e-001  -1.816628e-001  4.277707e-002  -1.028125e-002  -2.287699e-001  -1.931222e-001  -1.583721e-001  2.920071e-001  -2.543009e-001  -3.571471e-001  8.534850e-001  -7.223041e-001  
0
1
3
7 5 12 10 0 -1
7 5 6 5 0 2
13 10 6 5 0 2
haar_x2_y2
-0.037963  533.731934  64
-1.952768e-001  -1.418500e-001  -3.760242e-002  -2.459307e-001  2.746023e-001  1.665077e-004  -2.015876e-001  -2.341889e-003  -2.239341e-001  1.208300e-001  -1.918145e-001  -5.540179e-002  -1.233062e-001  -6.896910e-002  -1.879213e-001  -1.030426e-001  -1.358685e-001  -1.127905e-001  1.017845e-003  3.841519e-002  -4.398594e-002  5.165495e-002  1.467242e-001  9.787640e-002  1.477543e-001  2.023928e-001  1.065010e-001  5.001933e-002  4.581068e-002  1.393157e-001  1.173700e-001  -3.806897e-002  -3.132728e-002  1.193939e-001  1.040839e-001  7.969609e-002  3.521701e-001  1.399993e-002  -2.416025e-002  -1.512916e-001  4.970085e-003  5.809547e-002  -2.208090e-001  1.693652e-001  1.808972e-001  -2.441340e-001  -5.173143e-003  -2.381752e-001  -2.125793e-001  -2.977046e-001  -3.441546e-001  -2.943807e-001  -7.894032e-002  -1.050357e-001  -6.657176e-002  -1.932404e-001  5.158883e-001  2.824947e-002  -2.318389e-001  -4.892084e-001  -3.199198e-002  4.063496e-002  -1.950957e-001  -4.599155e-001  
0
1
2
9 5 15 6 0 -1
9 7 15 2 0 3
haar_y3
-0.101910  329.774750  64
-9.549816e-002  8.698980e-002  -1.303966e-001  -3.089031e-002  -1.702367e-001  2.253817e-001  2.986325e-001  -8.253824e-002  1.332343e-001  6.658341e-002  1.388866e-001  -1.985439e-001  -1.772016e-001  -5.427205e-003  8.138987e-002  2.887072e-001  2.878699e-001  -9.635700e-002  -2.001070e-002  -1.092403e-001  -1.709729e-003  5.438465e-002  1.240669e-001  -6.924163e-002  -1.115098e-001  -8.272851e-002  1.877974e-001  7.313204e-002  -4.143838e-002  -1.285810e-001  -1.071450e-001  -2.845469e-002  1.315377e-002  -2.391244e-002  4.748775e-002  9.724271e-003  -7.024764e-002  1.490547e-002  1.522783e-001  1.764515e-001  3.277680e-001  -5.295502e-002  1.718755e-001  1.079079e-001  -1.959690e-001  7.026011e-003  -1.222592e-001  -8.103126e-002  -1.514465e-001  -4.343409e-002  7.368170e-002  -1.186894e-001  -2.782543e-001  -5.022776e-001  1.041581e-001  -3.059690e-001  5.348898e-001  1.047314e-001  6.301637e-002  -1.916793e-001  -2.398100e-001  -4.927640e-001  -3.976079e-003  -7.822775e-001  
0
1
2
2 1 20 8 0 -1
2 3 20 4 0 2
haar_y4
-0.202866  168.493027  64
5.035707e-001  5.736295e-001  -4.343146e-002  1.524728e-001  5.158617e-001  3.232388e-002  2.768290e-003  1.367060e-001  1.345460e-001  -1.100554e-001  6.263547e-002  2.937344e-001  1.289193e-001  6.910664e-002  7.119329e-002  6.607033e-002  2.272316e-001  1.509375e-001  -1.356022e-002  1.680006e-002  -1.393031e-001  -1.067142e-001  3.169726e-002  -1.321949e-001  -6.301264e-002  -9.259453e-002  -1.265491e-001  -1.568361e-001  9.179355e-002  1.099942e-001  -1.904133e-002  -3.451658e-002  -1.210519e-001  -1.728357e-001  1.100568e-001  -4.748113e-002  3.197083e-003  6.396063e-002  -2.193215e-002  1.228345e-001  1.346767e-001  -6.297693e-002  1.041582e-001  1.133035e-001  -1.843299e-001  1.734299e-001  1.680415e-001  4.105673e-001  -1.121261e-001  -9.394637e-002  3.831881e-002  -8.527157e-002  9.393706e-003  1.288007e-001  1.626346e-004  7.731789e-002  9.911499e-001  -8.725308e-003  -2.186784e-001  2.927685e-001  -3.120614e-001  -2.745951e-001  4.302863e-001  -5.851784e-001  
0
1
2
18 6 5 9 0 -1
15 9 5 3 0 3
tilted_haar_y3
-0.071910  295.095367  64
7.034062e-001  6.246886e-001  5.395103e-001  -4.680987e-002  2.322385e-002  -7.555230e-004  1.182523e-001  1.722798e-001  1.507390e-001  -1.880582e-004  -1.270777e-002  7.338239e-002  -1.744940e-001  -1.193129e-001  1.490264e-001  -1.625074e-001  -2.269647e-002  -1.747972e-001  3.146873e-002  5.199429e-002  -1.168581e-001  -8.352830e-002  7.307055e-002  -7.425492e-002  -1.636018e-001  -1.784032e-001  -9.001230e-002  -1.709689e-001  -1.145050e-001  6.602333e-002  4.708355e-002  4.962208e-002  -5.667426e-002  8.823110e-003  8.885265e-002  -4.004153e-002  4.765884e-002  1.082314e-001  1.281924e-001  1.629526e-001  2.340554e-001  1.049953e-001  1.121117e-001  3.825184e-002  6.474448e-002  5.881008e-002  8.495863e-002  1.400794e-001  2.503561e-001  -1.348494e-003  4.272575e-002  3.682521e-001  1.175884e-001  -1.370301e-001  1.626350e-001  1.244709e-001  -8.931469e-002  -3.305496e-001  -1.124139e-001  -2.885790e-002  -3.869516e-001  2.618234e-001  -4.719958e-001  -4.949935e-001  
0
1
2
19 3 3 15 0 -1
14 8 3 5 0 3
tilted_haar_y3
-0.058384  228.104477  64
1.961716e-001  5.236619e-001  2.056308e-001  -6.262467e-002  1.960713e-002  -2.477768e-002  2.784222e-001  7.841127e-002  -2.710876e-002  -6.422813e-005  8.766367e-002  -1.167873e-002  -3.976404e-002  -6.649785e-002  3.508498e-002  1.643168e-001  7.784266e-002  2.668282e-003  -7.449551e-002  -4.807762e-002  1.123294e-001  -4.173304e-002  9.339742e-002  5.897687e-002  -1.600767e-002  9.580213e-003  -1.670870e-001  3.113975e-002  5.118104e-002  -9.540249e-002  -1.242041e-001  -2.757818e-001  1.422858e-002  1.649733e-002  -7.933533e-002  -8.085245e-002  -4.221222e-002  3.272174e-003  -1.498110e-001  -2.615488e-001  -4.742447e-002  -3.694838e-001  -1.776142e-001  2.666187e-001  2.001609e-001  -1.096152e-001  3.022764e-001  1.485554e-001  1.576730e-001  1.262582e-001  4.845352e-001  1.906721e-001  8.894747e-001  -1.511669e-001  6.528714e-001  4.169831e-002  7.046763e-001  -1.186122e-002  7.931387e-001  3.070536e-001  3.818371e-001  9.501101e-001  4.348010e-001  8.471563e-001  
0
1
2
2 1 6 14 0 -1
4 1 2 14 0 3
haar_x3
-0.096004  286.548309  64
2.581917e-001  -2.415189e-001  -2.597420e-001  6.135808e-001  4.314352e-003  3.593346e-001  1.355831e-001  -6.586576e-002  -3.496896e-001  -1.058630e-001  -1.403067e-002  -4.685576e-002  -9.558647e-002  -1.505065e-001  -1.451190e-001  -1.111824e-001  -1.988740e-001  -1.978355e-001  -1.083427e-001  -3.025870e-002  -4.437205e-002  9.461155e-002  -1.749041e-001  -7.521644e-002  -1.367438e-001  1.244322e-002  -5.818324e-002  -1.510745e-002  -9.814706e-002  -1.028609e-002  9.045075e-002  1.692270e-002  -1.757873e-002  1.450905e-001  -8.052759e-002  2.830483e-001  1.464809e-001  4.387202e-002  1.085429e-001  8.718935e-002  3.708877e-002  -2.957525e-002  -1.428856e-003  1.297952e-001  3.884692e-002  8.663727e-002  1.378565e-001  7.195102e-002  -1.121135e-001  1.440756e-001  1.984035e-001  1.174491e-001  6.574737e-002  9.368607e-002  -5.366187e-001  -3.974767e-002  -2.922415e-001  1.701531e-001  -2.485126e-001  -6.079684e-001  -4.712987e-001  -6.769595e-001  -6.441153e-001  -6.993903e-001  
0
1
3
0 0 10 12 0 -1
0 0 5 6 0 2
5 6 5 6 0 2
haar_x2_y2
-0.149785  247.898041  64
2.314940e-001  -5.695686e-001  4.360624e-001  -2.514231e-002  -5.395584e-001  -3.283075e-001  3.291998e-001  1.949770e-001  -3.120269e-001  4.897082e-001  3.291379e-001  4.279064e-001  9.655060e-002  1.588424e-001  1.502428e-001  1.436423e-001  1.788405e-001  1.100836e-001  1.898639e-001  4.818211e-002  1.563049e-002  1.465330e-001  1.637432e-001  -4.167505e-004  1.357780e-001  1.288431e-002  1.065848e-001  1.115847e-001  -5.175071e-002  1.656197e-001  -1.729050e-002  1.172431e-001  -1.053031e-001  -4.269874e-002  2.571397e-003  -1.157625e-001  -9.337425e-002  -6.753846e-002  -1.290205e-001  -1.420234e-002  -8.272197e-002  -1.093185e-001  -5.089212e-002  -1.252977e-001  2.306467e-002  -3.275597e-001  -1.212601e-001  -1.881285e-001  -2.680120e-001  -3.174795e-001  -5.738742e-002  -4.252886e-003  1.152425e-001  -1.190131e-001  6.448404e-002  -2.403350e-001  -7.247266e-003  1.501000e-001  -6.124118e-002  1.165583e-001  -3.187700e-001  -1.712306e-001  3.354267e-001  -4.548552e-002  
0
1
3
3 18 20 6 0 -1
3 18 10 3 0 2
13 21 10 3 0 2
haar_x2_y2
-0.088264  336.756104  64
-1.946783e-001  -2.318041e-001  -3.082716e-002  -2.662052e-001  -8.576477e-002  -8.003922e-001  -3.127618e-001  -1.468337e-001  -4.333380e-001  -9.732527e-002  -1.712051e-001  -1.130488e-001  1.203928e-002  -1.351025e-001  1.853653e-002  -3.060216e-002  1.189798e-001  -1.211660e-001  2.205205e-002  -2.156311e-003  7.039763e-003  1.167361e-001  1.100265e-001  1.895161e-001  2.966041e-002  1.808976e-001  -1.177246e-002  -3.052803e-003  7.808767e-002  8.438992e-002  1.454567e-001  4.861868e-002  6.168064e-002  1.875284e-001  4.174815e-002  -1.010458e-001  -1.023685e-001  9.458895e-002  -8.416152e-002  -4.582353e-002  -9.618548e-002  -7.487158e-002  -2.173816e-002  -2.026535e-001  -1.190370e-001  -6.368726e-002  -9.128873e-002  4.280060e-002  -1.936005e-001  -1.805073e-001  2.051213e-001  -4.744456e-002  -6.520192e-001  -7.538424e-002  3.962516e-001  -2.150251e-001  -4.656912e-001  -1.793332e-001  -1.282040e-001  -4.004114e-001  2.894215e-001  -3.042168e-001  -1.547781e-002  -6.379510e-001  
-1.904603 
